 1 
 1 
 0 
 1 
 0 
 0 
 0 
 0 
 1 
 1 
 1 
 0 
 1 
 1 
 3 
 3 
 2 
 2 
 3 
 4 
 0 
 6 
 6 
 10 
 21 
 22 
 27 
 50 
 77 
 90 
 114 
 149 
 213 
 228 
 247 
 336 
 375 
 453 
 486 
 535 
 580 
 626 
 633 
 658 
 696 
 728 
 708 
 779 
 770 
 777 
 793 
 830 
 842 
 812 
 769 
 810 
 845 
 889 
 871 
 909 
 791 
 851 
 898 
 807 
 858 
 810 
 804 
 783 
 843 
 837 
 810 
 792 
 790 
 827 
 843 
 860 
 883 
 847 
 875 
 856 
 847 
 965 
 959 
 1004 
 1078 
 1067 
 1120 
 1201 
 1324 
 1419 
 1560 
 1673 
 1737 
 1760 
 1943 
 1947 
 1941 
 2051 
 2127 
 2078 
 1992 
 2055 
 1930 
 1866 
 1766 
 1652 
 1580 
 1632 
 1501 
 1422 
 1439 
 1349 
 1384 
 1232 
 1155 
 1175 
 1053 
 948 
 985 
 930 
 921 
 881 
 829 
 808 
 773 
 743 
 790 
 717 
 725 
 745 
 726 
 793 
 774 
 725 
 708 
 713 
 646 
 785 
 751 
 748 
 734 
 735 
 727 
 692 
 734 
 745 
 698 
 721 
 744 
 702 
 729 
 633 
 709 
 723 
 755 
 723 
 744 
 705 
 684 
 758 
 711 
 749 
 769 
 722 
 748 
 766 
 675 
 719 
 728 
 722 
 716 
 747 
 742 
 761 
 750 
 746 
 670 
 751 
 701 
 702 
 744 
 735 
 698 
 758 
 740 
 745 
 720 
 763 
 727 
 743 
 768 
 723 
 754 
 793 
 822 
 846 
 761 
 796 
 815 
 790 
 800 
 838 
 849 
 883 
 847 
 835 
 925 
 916 
 885 
 901 
 921 
 965 
 948 
 950 
 998 
 997 
 976 
 991 
 1003 
 1039 
 1032 
 1037 
 995 
 1029 
 1032 
 1050 
 1042 
 1050 
 1017 
 1058 
 1031 
 1043 
 1040 
 1086 
 1075 
 1019 
 1015 
 1027 
 1061 
 1000 
 1044 
 1019 
 1023 
 1020 
 1044 
 970 
 1003 
 995 
 1040 
 1012 
 1005 
 968 
 1012 
 1010 
 1002 
 1006 
 1003 
 989 
 985 
 1029 
 1052 
 1074 
 1020 
 1017 
 1017 
 964 
 1000 
 1017 
 1007 
 957 
 946 
 971 
 998 
 975 
 965 
 953 
 985 
 931 
 1039 
 911 
 916 
 953 
 918 
 911 
 989 
 876 
 903 
 930 
 942 
 902 
 889 
 931 
 929 
 905 
 835 
 903 
 865 
 856 
 869 
 920 
 917 
 850 
 895 
 859 
 813 
 844 
 841 
 808 
 886 
 839 
 819 
 814 
 817 
 814 
 836 
 839 
 788 
 760 
 753 
 840 
 798 
 767 
 798 
 818 
 809 
 779 
 795 
 761 
 783 
 757 
 745 
 742 
 797 
 795 
 773 
 741 
 716 
 783 
 790 
 762 
 800 
 762 
 757 
 780 
 758 
 795 
 768 
 783 
 805 
 733 
 796 
 766 
 777 
 788 
 766 
 771 
 737 
 757 
 814 
 813 
 729 
 759 
 767 
 742 
 720 
 770 
 763 
 725 
 727 
 733 
 745 
 721 
 716 
 689 
 738 
 709 
 694 
 659 
 657 
 645 
 660 
 680 
 635 
 630 
 586 
 575 
 626 
 571 
 541 
 579 
 537 
 529 
 518 
 475 
 488 
 467 
 472 
 430 
 431 
 428 
 428 
 390 
 425 
 380 
 391 
 392 
 378 
 382 
 344 
 379 
 325 
 313 
 316 
 315 
 307 
 321 
 319 
 281 
 331 
 316 
 282 
 302 
 283 
 301 
 304 
 285 
 227 
 284 
 273 
 281 
 255 
 252 
 260 
 265 
 259 
 281 
 262 
 229 
 250 
 220 
 238 
 249 
 262 
 227 
 250 
 262 
 242 
 234 
 192 
 212 
 234 
 218 
 212 
 221 
 228 
 236 
 239 
 197 
 219 
 223 
 220 
 196 
 215 
 209 
 212 
 215 
 214 
 222 
 192 
 212 
 207 
 193 
 190 
 189 
 221 
 202 
 178 
 183 
 199 
 166 
 173 
 209 
 226 
 183 
 204 
 179 
 203 
 201 
 171 
 178 
 188 
 197 
 193 
 194 
 165 
 164 
 174 
 161 
 194 
 196 
 208 
 190 
 186 
 200 
 197 
 203 
 166 
 195 
 176 
 196 
 170 
 176 
 169 
 177 
 167 
 201 
 166 
 177 
 181 
 178 
 188 
 193 
 186 
 183 
 179 
 213 
 173 
 200 
 180 
 206 
 190 
 192 
 220 
 235 
 209 
 215 
 209 
 228 
 211 
 235 
 234 
 260 
 301 
 282 
 295 
 323 
 312 
 378 
 376 
 420 
 461 
 520 
 555 
 575 
 654 
 671 
 769 
 762 
 883 
 899 
 933 
 1018 
 1156 
 1373 
 1376 
 1485 
 1600 
 1740 
 1771 
 1933 
 2025 
 2213 
 2370 
 2396 
 2524 
 2669 
 2875 
 2958 
 3113 
 3259 
 3469 
 3595 
 3602 
 3836 
 3893 
 4128 
 4142 
 4245 
 4339 
 4605 
 4611 
 4673 
 4677 
 4738 
 4846 
 4679 
 4903 
 4760 
 4841 
 4768 
 4741 
 4774 
 4669 
 4610 
 4442 
 4469 
 4333 
 4241 
 4266 
 4005 
 4007 
 3845 
 3792 
 3552 
 3404 
 3275 
 3067 
 3029 
 2741 
 2721 
 2493 
 2502 
 2236 
 2063 
 1938 
 1845 
 1801 
 1617 
 1463 
 1400 
 1311 
 1246 
 1141 
 1008 
 982 
 878 
 837 
 749 
 671 
 606 
 555 
 574 
 520 
 461 
 444 
 377 
 350 
 342 
 309 
 280 
 288 
 225 
 243 
 220 
 191 
 230 
 196 
 207 
 192 
 185 
 158 
 175 
 160 
 148 
 158 
 149 
 129 
 153 
 160 
 121 
 150 
 161 
 164 
 132 
 162 
 132 
 171 
 151 
 155 
 127 
 127 
 159 
 152 
 140 
 138 
 121 
 150 
 149 
 148 
 160 
 164 
 151 
 129 
 134 
 168 
 151 
 152 
 124 
 132 
 143 
 144 
 129 
 144 
 125 
 157 
 133 
 147 
 148 
 144 
 130 
 148 
 161 
 148 
 121 
 175 
 137 
 130 
 132 
 151 
 148 
 126 
 126 
 143 
 140 
 116 
 135 
 133 
 151 
 125 
 124 
 140 
 122 
 128 
 118 
 144 
 109 
 104 
 120 
 110 
 126 
 108 
 114 
 123 
 128 
 104 
 114 
 121 
 102 
 143 
 141 
 119 
 131 
 129 
 114 
 123 
 118 
 112 
 113 
 124 
 120 
 117 
 123 
 128 
 111 
 112 
 141 
 129 
 128 
 125 
 110 
 121 
 122 
 138 
 115 
 150 
 140 
 133 
 128 
 113 
 120 
 137 
 118 
 129 
 150 
 139 
 140 
 110 
 141 
 132 
 130 
 120 
 152 
 149 
 110 
 140 
 138 
 136 
 111 
 140 
 143 
 130 
 141 
 120 
 147 
 151 
 128 
 130 
 170 
 139 
 127 
 123 
 142 
 119 
 118 
 146 
 139 
 159 
 137 
 143 
 132 
 126 
 129 
 128 
 123 
 133 
 119 
 157 
 125 
 151 
 155 
 147 
 152 
 136 
 136 
 141 
 150 
 133 
 131 
 127 
 133 
 130 
 126 
 159 
 144 
 125 
 138 
 109 
 115 
 138 
 119 
 136 
 122 
 132 
 131 
 148 
 105 
 137 
 158 
 146 
 114 
 153 
 136 
 149 
 120 
 135 
 128 
 146 
 120 
 135 
 132 
 134 
 131 
 127 
 121 
 124 
 124 
 115 
 140 
 136 
 146 
 123 
 143 
 131 
 143 
 136 
 134 
 107 
 136 
 119 
 123 
 137 
 140 
 131 
 116 
 150 
 138 
 118 
 120 
 136 
 142 
 133 
 147 
 122 
 153 
 137 
 125 
 137 
 120 
 130 
 122 
 136 
 120 
 158 
 124 
 150 
 113 
 119 
 142 
 141 
 129 
 127 
 144 
 134 
 134 
 142 
 131 
 145 
 118 
 130 
 129 
 142 
 127 
 122 
 120 
 136 
 133 
 125 
 143 
 133 
 146 
 130 
 125 
 135 
 146 
 107 
 119 
 143 
 153 
 128 
 130 
 116 
 119 
 132 
 141 
 153 
 113 
 119 
 130 
 140 
 148 
 126 
 134 
 127 
 118 
 116 
 148 
 123 
 131 
 138 
 134 
 133 
 136 
 142 
 129 
 125 
 139 
 147 
 128 
 145 
 133 
 123 
 148 
 147 
 147 
 117 
 150 
 137 
 139 
 122 
 140 
 109 
 134 
 142 
 110 
 144 
 121 
 127 
 126 
 132 
 130 
 127 
 119 
 126 
 124 
 120 
 157 
 137 
 124 
 157 
 155 
 141 
 160 
 119 
 132 
 125 
 121 
 128 
 121 
 150 
 143 
 142 
 142 
 111 
 136 
 149 
 134 
 144 
 141 
 139 
 143 
 149 
 126 
 146 
 119 
 147 
 152 
 147 
 149 
 132 
 144 
 131 
 135 
 135 
 131 
 143 
 140 
 154 
 147 
 150 
 135 
 137 
 145 
 148 
 124 
 139 
 142 
 135 
 136 
 141 
 143 
 145 
 139 
 128 
 142 
 149 
 181 
 148 
 152 
 156 
 130 
 152 
 143 
 138 
 171 
 152 
 142 
 132 
 168 
 146 
 155 
 148 
 177 
 138 
 136 
 146 
 175 
 151 
 151 
 158 
 153 
 142 
 142 
 158 
 161 
 135 
 153 
 149 
 161 
 147 
 152 
 163 
 153 
 165 
 162 
 150 
 166 
 152 
 158 
 160 
 139 
 154 
 161 
 144 
 167 
 156 
 165 
 169 
 139 
 164 
 152 
 152 
 152 
 166 
 169 
 156 
 163 
 163 
 148 
 163 
 181 
 171 
 168 
 143 
 152 
 193 
 167 
 148 
 150 
 156 
 172 
 159 
 175 
 155 
 156 
 167 
 164 
 172 
 165 
 145 
 139 
 164 
 168 
 157 
 179 
 158 
 185 
 154 
 147 
 160 
 153 
 174 
 157 
 177 
 158 
 156 
 170 
 165 
 170 
 157 
 122 
 139 
 146 
 140 
 127 
 138 
 147 
 144 
 165 
 132 
 134 
 121 
 112 
 126 
 129 
 106 
 123 
 107 
 117 
 103 
 132 
 125 
 108 
 121 
 92 
 100 
 109 
 103 
 124 
 108 
 103 
 100 
 103 
 90 
 75 
 96 
 84 
 101 
 74 
 96 
 83 
 86 
 88 
 102 
 86 
 77 
 80 
 61 
 81 
 84 
 71 
 91 
 78 
 60 
 74 
 65 
 66 
 68 
 67 
 74 
 63 
 85 
 68 
 63 
 64 
 76 
 66 
 57 
 66 
 57 
 74 
 66 
 53 
 53 
 44 
 56 
 50 
 49 
 65 
 54 
 50 
 39 
 47 
 48 
 56 
 62 
 46 
 46 
 43 
 48 
 53 
 37 
 38 
 51 
 47 
 45 
 40 
 40 
 45 
 40 
 49 
 40 
 50 
 45 
 50 
 32 
 31 
 27 
 33 
 34 
 31 
 35 
 40 
 36 
 49 
 29 
 29 
 36 
 33 
 34 
 33 
 27 
 36 
 35 
 27 
 42 
 43 
 35 
 27 
 28 
 22 
 30 
 33 
 26 
 39 
 39 
 30 
 32 
 36 
 32 
 29 
 30 
 37 
 25 
 27 
 27 
 39 
 28 
 25 
 30 
 32 
 29 
 29 
 37 
 21 
 25 
 30 
 32 
 24 
 33 
 16 
 21 
 23 
 30 
 27 
 17 
 29 
 27 
 30 
 32 
 18 
 28 
 29 
 28 
 25 
 31 
 22 
 28 
 28 
 31 
 32 
 25 
 32 
 28 
 32 
 29 
 28 
 35 
 31 
 27 
 36 
 31 
 32 
 39 
 26 
 27 
 32 
 54 
 47 
 54 
 48 
 38 
 43 
 38 
 55 
 51 
 68 
 51 
 58 
 59 
 71 
 71 
 66 
 75 
 94 
 71 
 70 
 103 
 86 
 97 
 121 
 108 
 137 
 150 
 146 
 151 
 140 
 145 
 148 
 172 
 184 
 212 
 184 
 227 
 197 
 231 
 228 
 232 
 253 
 236 
 265 
 268 
 278 
 299 
 295 
 259 
 316 
 319 
 341 
 360 
 360 
 403 
 378 
 373 
 413 
 412 
 461 
 443 
 419 
 426 
 470 
 418 
 460 
 445 
 496 
 497 
 483 
 488 
 501 
 513 
 569 
 532 
 504 
 560 
 548 
 497 
 478 
 510 
 552 
 532 
 535 
 522 
 526 
 565 
 552 
 555 
 537 
 511 
 529 
 483 
 522 
 489 
 500 
 479 
 481 
 507 
 480 
 460 
 489 
 436 
 462 
 439 
 386 
 424 
 432 
 400 
 397 
 401 
 349 
 362 
 369 
 362 
 358 
 352 
 312 
 288 
 308 
 314 
 277 
 309 
 279 
 279 
 258 
 249 
 252 
 222 
 221 
 196 
 184 
 199 
 172 
 165 
 185 
 167 
 174 
 152 
 159 
 153 
 123 
 133 
 136 
 114 
 141 
 119 
 96 
 110 
 93 
 102 
 88 
 81 
 80 
 79 
 80 
 70 
 79 
 78 
 75 
 67 
 60 
 77 
 56 
 51 
 52 
 48 
 37 
 58 
 60 
 43 
 36 
 35 
 37 
 28 
 54 
 40 
 34 
 32 
 40 
 31 
 33 
 36 
 36 
 31 
 32 
 32 
 37 
 35 
 21 
 29 
 28 
 26 
 21 
 18 
 25 
 36 
 29 
 19 
 20 
 19 
 20 
 24 
 29 
 29 
 18 
 22 
 18 
 22 
 22 
 27 
 23 
 29 
 20 
 25 
 15 
 20 
 20 
 19 
 19 
 28 
 23 
 17 
 16 
 26 
 17 
 31 
 21 
 18 
 27 
 20 
 22 
 19 
 18 
 14 
 19 
 18 
 22 
 17 
 20 
 18 
 19 
 13 
 23 
 20 
 13 
 26 
 24 
 20 
 15 
 11 
 16 
 16 
 29 
 23 
 21 
 17 
 18 
 25 
 21 
 16 
 33 
 17 
 21 
 21 
 28 
 13 
 25 
 17 
 19 
 22 
 23 
 14 
 24 
 18 
 21 
 20 
 23 
 20 
 22 
 24 
 17 
 23 
 31 
 16 
 23 
 14 
 16 
 23 
 17 
 15 
 24 
 20 
 25 
 23 
 26 
 16 
 16 
 28 
 22 
 25 
 29 
 30 
 24 
 23 
 20 
 19 
 18 
 26 
 27 
 33 
 28 
 19 
 27 
 24 
 15 
 22 
 19 
 28 
 30 
 28 
 30 
 19 
 18 
 12 
 14 
 20 
 21 
 17 
 15 
 19 
 24 
 20 
 23 
 19 
 25 
 21 
 23 
 29 
 12 
 31 
 28 
 24 
 20 
 24 
 23 
 31 
 16 
 18 
 29 
 31 
 19 
 13 
 24 
 12 
 15 
 20 
 18 
 14 
 21 
 23 
 26 
 21 
 24 
 22 
 20 
 15 
 21 
 14 
 25 
 27 
 14 
 26 
 21 
 26 
 18 
 16 
 20 
 16 
 18 
 23 
 22 
 15 
 18 
 22 
 28 
 15 
 16 
 14 
 17 
 28 
 13 
 17 
 15 
 15 
 22 
 19 
 16 
 15 
 17 
 15 
 13 
 14 
 18 
 27 
 22 
 18 
 18 
 15 
 13 
 18 
 19 
 23 
 23 
 20 
 13 
 21 
 13 
 11 
 18 
 17 
 22 
 16 
 16 
 12 
 15 
 11 
 9 
 14 
 15 
 10 
 15 
 17 
 14 
 8 
 11 
 18 
 5 
 7 
 9 
 13 
 12 
 13 
 15 
 14 
 8 
 11 
 7 
 8 
 9 
 9 
 13 
 10 
 6 
 9 
 7 
 15 
 10 
 10 
 7 
 14 
 14 
 18 
 12 
 11 
 7 
 10 
 4 
 9 
 9 
 9 
 12 
 9 
 10 
 9 
 4 
 7 
 10 
 10 
 7 
 7 
 9 
 9 
 7 
 6 
 5 
 7 
 5 
 8 
 5 
 7 
 5 
 1 
 7 
 8 
 7 
 7 
 6 
 9 
 2 
 7 
 4 
 7 
 2 
 5 
 11 
 6 
 5 
 7 
 4 
 4 
 3 
 5 
 1 
 7 
 4 
 6 
 3 
 7 
 2 
 5 
 4 
 6 
 2 
 2 
 7 
 3 
 4 
 1 
 3 
 2 
 5 
 3 
 4 
 4 
 4 
 0 
 6 
 6 
 2 
 2 
 1 
 1 
 4 
 2 
 2 
 2 
 5 
 4 
 0 
 7 
 5 
 3 
 2 
 1 
 3 
 6 
 6 
 4 
 2 
 2 
 0 
 2 
 2 
 4 
 2 
 3 
 3 
 6 
 3 
 1 
 5 
 3 
 6 
 5 
 2 
 3 
 2 
 6 
 5 
 2 
 2 
 4 
 6 
 3 
 4 
 3 
 0 
 2 
 2 
 3 
 2 
 4 
 3 
 2 
 4 
 6 
 2 
 4 
 6 
 7 
 7 
 6 
 5 
 3 
 4 
 6 
 7 
 9 
 6 
 6 
 14 
 14 
 7 
 11 
 11 
 15 
 10 
 18 
 10 
 10 
 13 
 12 
 17 
 14 
 13 
 18 
 14 
 13 
 11 
 12 
 13 
 17 
 12 
 17 
 15 
 11 
 21 
 16 
 22 
 23 
 21 
 20 
 25 
 14 
 19 
 23 
 27 
 29 
 30 
 25 
 27 
 31 
 15 
 18 
 26 
 42 
 27 
 29 
 31 
 41 
 24 
 30 
 29 
 32 
 37 
 33 
 41 
 38 
 19 
 33 
 29 
 38 
 43 
 25 
 42 
 42 
 27 
 38 
 32 
 35 
 27 
 30 
 44 
 37 
 33 
 35 
 35 
 25 
 24 
 37 
 34 
 38 
 43 
 33 
 31 
 39 
 22 
 31 
 31 
 33 
 24 
 26 
 20 
 25 
 27 
 27 
 24 
 16 
 18 
 32 
 30 
 26 
 27 
 22 
 26 
 20 
 26 
 15 
 31 
 19 
 23 
 24 
 13 
 17 
 22 
 18 
 16 
 17 
 12 
 8 
 16 
 13 
 17 
 20 
 17 
 8 
 14 
 14 
 8 
 10 
 16 
 10 
 9 
 6 
 12 
 8 
 7 
 8 
 13 
 11 
 8 
 13 
 7 
 7 
 5 
 6 
 8 
 5 
 9 
 5 
 4 
 5 
 5 
 4 
 2 
 7 
 2 
 4 
 4 
 3 
 2 
 3 
 3 
 4 
 0 
 1 
 6 
 2 
 1 
 0 
 1 
 6 
 1 
 0 
 1 
 2 
 2 
 0 
 3 
 1 
 0 
 1 
 1 
 2 
 1 
 0 
 0 
 1 
 3 
 1 
 0 
 2 
 2 
 0 
 3 
 0 
 0 
 2 
 0 
 1 
 2 
 0 
 0 
 1 
 2 
 0 
 2 
 1 
 0 
 0 
 0 
 2 
 1 
 0 
 0 
 1 
 1 
 0 
 1 
 1 
 1 
 1 
 0 
 0 
 0 
 1 
 0 
 0 
 0 
 1 
 1 
 0 
 1 
 0 
 3 
 0 
 0 
 0 
 0 
 0 
 0 
 1 
 1 
 1 
 0 
 0 
 0 
 0 
 0 
 0 
 0 
 0 
 1 
 2 
 1 
 1 
 0 
 0 
 1 
 0 
 0 
 1 
 2 
 1 
 1 
 0 
 1 
 0 
 0 
 0 
 1 
 0 
 0 
 0 
 0 
 0 
 0 
 1 
 0 
 2 
 0 
 1 
 1 
 0 
 1 
 0 
 0 
 0 
 1 
 1 
 0 
 0 
 1 
 4 
 0 
 0 
 0 
 0 
 2 
 1 
 1 
 0 
 0 
 0 
 0 
 0 
 0 
 0 
 1 
 0 
 2 
 1 
 0 
 1 
 1 
 0 
 0 
 1 
 1 
 1 
 0 
 0 
 0 
 1 
 1 
 0 
 0 
 0 
 1 
 0 
 1 
 1 
 0 
 0 
 1 
 0 
 0 
 1 
 0 
 0 
 0 
 1 
 1 
 0 
 0 
 0 
 0 
 0 
 1 
 0 
 1 
 1 
 1 
 0 
 1 
 1 
 0 
 1 
 2 
 0 
 1 
 0 
 1 
 0 
 1 
 0 
 1 
 0 
 0 
 0 
 1 
 0 
 2 
 0 
 0 
 0 
 2 
 1 
 0 
 0 
 0 
 0 
 1 
 1 
 0 
 0 
 0 
 1 
 0 
 0 
 2 
 1 
 3 
 0 
 0 
 0 
 0 
 0 
 0 
 0 
 0 
 0 
 0 
 0 
 2 
 0 
 0 
 0 
 1 
 0 
 0 
 1 
 0 
 0 
 0 
 0 
 0 
 1 
 0 
 0 
 0 
 1 
 0 
 0 
 0 
 0 
 0 
 0 
 0 
 0 
 0 
 0 
 1 
 0 
 0 
 0 
 0 
 0 
 0 
 1 
 0 
 0 
 0 
 0 
 1 
 0 
 2 
 0 
 0 
 1 
 0 
 0 
 1 
 1 
 0 
 1 
 1 
 0 
 0 
 0 
 0 
 0 
 1 
 0 
 0 
 1 
 0 
 0 
 0 
 0 
 1 
 0 
 0 
 0 
 0 
 0 
 0 
 0 
 0 
 0 
 1 
 0 
 0 
 0 
 0 
 0 
 0 
 0 
 0 
 0 
 1 
 0 
 0 
 0 
 0 
 0 
 0 
 0 
 0 
 0 
 0 
 0 
 0 
 1 
 1 
 0 
 0 
 0 
 1 
 0 
 0 
 0 
 0 
 2 
 0 
 0 
 1 
 1 
 0 
 0 
 0 
 0 
 2 
 0 
 0 
 1 
 0 
 0 
 1 
 0 
 0 
 0 
 1 
 1 
 0 
 0 
 0 
 1 
 0 
 1 
 0 
 0 
 0 
 0 
 0 
 1 
 0 
 0 
 0 
 1 
 1 
 0 
 0 
 0 
 0 
 0 
 0 
 0 
 0 
 0 
 0 
 0 
 0 
 0 
 0 
 2 
 0 
 1 
 0 
 0 
 0 
 0 
 0 
 0 
 0 
 0 
 0 
 0 
 0 
 0 
 0 
 0 
 1 
 0 
 1 
 0 
 0 
 0 
 0 
 0 
 0 
 0 
 1 
 0 
 1 
 1 
 0 
 0 
 0 
 1 
 0 
 0 
 1 
 0 
 0 
 0 
 0 
 0 
 1 
 0 
 0 
 0 
 0 
 0 
 0 
 1 
 0 
 1 
 0 
 0 
 0 
 0 
 0 
 0 
 0 
 0 
 0 
 0 
 0 
 1 
 0 
 0 
 1 
 0 
 0 
 0 
 0 
 0 
 1 
 0 
 0 
 1 
 0 
 1 
 0 
 0 
 0 
 1 
 1 
 0 
 0 
 0 
 0 
 1 
 0 
 0 
 0 
 0 
 1 
 0 
 0 
 0 
 0 
 0 
 1 
 0 
 1 
 0 
 1 
 0 
 0 
 0 
 0 
 0 
 0 
 0 
 0 
 0 
 0 
 0 
 0 
 0 
 0 
 0 
 1 
 1 
 0 
 0 
 1 
 0 
 0 
 0 
 0 
 0 
 0 
 0 
 0 
 0 
 0 
 0 
 0 
 0 
 0 
 0 
 0 
 0 
 0 
 0 
 0 
 0 
 0 
 0 
 0 
 0 
 0 
 0 
 0 
 2 
 0 
 0 
 1 
 0 
 0 
 0 
 0 
 0 
 0 
 0 
 0 
 0 
 0 
 0 
 0 
 0 
 0 
 1 
 0 
 0 
 0 
 0 
 0 
 2 
 0 
 0 
 0 
 0 
 0 
 0 
 0 
 0 
 0 
 0 
 0 
 0 
 0 
 0 
 0 
 0 
 0 
 0 
 0 
 0 
 0 
 0 
 0 
 0 
 0 
 1 
 0 
 1 
 0 
 0 
 0 
 0 
 0 
 0 
 1 
 0 
 0 
 0 
 0 
 0 
 0 
 0 
 0 
 0 
 0 
 0 
 0 
 0 
 0 
 0 
 0 
 0 
 0 
 0 
 0 
 0 
 0 
 0 
 0 
 0 
 0 
 0 
 0 
 0 
 0 
 0 
 0 
 0 
 0 
 0 
 0 
 0 
 0 
 0 
 0 
 0 
 0 
 0 
 0 
 0 
 0 
 0 
 0 
 0 
 1 
 0 
 0 
 0 
 0 
 0 
 0 
 0 
 0 
 0 
 0 
 0 
 0 
 0 
 0 
 0 
 0 
 0 
 0 
 0 
 0 
 0 
 0 
 0 
 0 
 0 
 0 
 0 
 0 
 0 
 0 
 0 
 0 
 0 
 0 
 0 
 0 
 0 
 0 
 0 
 0 
 0 
 0 
 0 
 0 
 0 
 0 
 0 
 0 
 1 
 0 
 0 
 0 
 0 
 1 
 0 
 0 
 0 
 0 
 0 
 0 
 0 
 0 
 0 
 0 
 0 
 0 
 0 
 0 
 0 
 0 
 0 
 0 
 0 
 0 
 0 
 0 
 0 
 0 
 0 
 0 
 0 
 1 
 0 
 1 
 0 
 0 
 1 
 1 
 0 
 0 
 0 
 0 
 0 
 0 
 0 
 1 
 2 
 1 
 0 
 0 
 0 
 0 
 0 
 0 
 0 
 0 
 1 
 0 
 1 
 0 
 0 
 0 
 0 
 1 
 0 
 1 
 1 
 0 
 0 
 0 
 0 
 0 
 0 
 0 
 0 
 0 
 0 
 0 
 2 
 0 
 0 
 0 
 0 
 1 
 0 
 0 
 0 
 0 
 0 
 0 
 0 
 0 
 0 
 0 
 1 
 0 
 0 
 0 
 1 
 0 
 0 
 0 
 0 
 0 
 0 
 0 
 0 
 0 
 0 
 0 
 0 
 0 
 0 
 0 
 0 
 0 
 0 
 0 
 0 
 0 
 0 
 0 
 0 
 0 
 0 
 0 
 0 
 0 
 0 
 0 
 0 
 0 
 0 
 0 
 0 
 0 
 0 
 0 
 1 
 0 
 0 
 0 
 0 
 0 
 0 
 0 
 0 
 0 
 0 
 0 
 0 
 0 
 0 
 0 
 0 
 0 
 1 
 0 
 0 
 0 
 0 
 0 
 0 
 0 
 0 
 0 
 0 
 0 
 0 
 1 
 0 
 1 
 0 
 0 
 0 
 0 
 0 
 0 
 0 
 0 
 1 
 0 
 0 
 0 
 0 
 0 
 1 
 0 
 0 
 0 
 0 
 0 
 0 
 0 
 0 
 0 
 0 
 0 
 0 
 0 
 0 
 0 
 0 
 0 
 0 
 0 
 0 
 0 
 0 
 0 
 0 
 0 
 0 
 1 
 0 
 0 
 0 
 0 
 0 
 0 
 0 
 0 
 0 
 0 
 0 
 0 
 0 
 0 
 0 
 0 
 0 
 0 
 0 
 0 
 0 
 0 
 0 
 0 
 0 
 0 
 0 
 0 
 0 
 0 
 0 
 0 
 0 
 0 
 0 
 0 
 0 
 0 
 0 
 0 
 0 
 0 
 0 
 0 
 0 
 0 
 0 
 0 
 0 
 0 
 0 
 0 
 0 
 0 
 0 
 0 
 0 
 0 
 0 
 0 
 0 
 0 
 0 
 0 
 0 
 0 
 0 
 0 
 0 
 0 
 0 
 0 
 0 
 0 
 1 
 0 
 0 
 0 
 0 
 0 
 0 
 0 
 0 
 0 
 0 
 0 
 0 
 0 
 0 
 0 
 1 
 0 
 0 
 0 
 0 
 0 
 0 
 0 
 0 
 0 
 0 
 0 
 0 
 0 
 0 
 0 
 0 
 0 
 0 
 0 
 0 
 0 
 0 
 0 
 0 
 0 
 0 
 0 
 0 
 0 
 0 
 0 
 0 
 0 
 0 
 0 
 0 
 0 
 0 
 0 
 0 
 0 
 0 
 0 
 0 
 0 
 0 
 0 
 0 
 0 
 1 
 1 
 0 
 0 
 0 
 0 
 0 
 0 
 0 
 0 
 0 
 0 
 0 
 0 
 0 
 0 
 1 
 0 
 0 
 0 
 0 
 0 
 0 
 0 
 0 
 0 
 0 
 0 
 0 
 0 
 0 
 0 
 1 
 0 
 0 
 0 
 0 
 0 
 0 
 0 
 0 
 0 
 0 
 0 
 0 
 0 
 0 
 0 
 0 
 0 
 0 
 0 
 0 
 0 
 0 
 0 
 0 
 0 
 0 
 0 
 0 
 0 
 1 
 0 
 0 
 0 
 0 
 0 
 0 
 0 
 0 
 0 
 0 
 0 
 0 
 0 
 0 
 0 
 0 
 0 
 0 
 0 
 0 
 0 
 0 
 0 
 0 
 0 
 0 
 0 
 0 
 0 
 1 
 0 
 0 
 0 
 0 
 0 
 0 
 0 
 0 
 0 
 0 
 0 
 0 
 0 
 0 
 0 
 0 
 0 
 0 
 0 
 0 
 0 
 0 
 0 
 0 
 0 
 0 
 0 
 1 
 0 
 0 
 1 
 0 
 0 
 0 
 0 
 0 
 0 
 0 
 0 
 0 
 0 
 0 
 0 
 0 
 0 
 0 
 0 
 0 
 0 
 0 
 1 
 0 
 0 
 0 
 0 
 0 
 0 
 0 
 0 
 0 
 0 
 0 
 0 
 0 
 0 
 0 
 0 
 0 
 0 
 0 
 0 
 0 
 0 
 0 
 0 
 0 
 0 
 0 
 0 
 0 
 0 
 0 
 0 
 0 
 0 
 0 
 0 
 0 
 0 
 0 
 0 
 0 
 0 
 0 
 0 
 0 
 0 
 0 
 0 
 0 
 0 
 0 
 0 
 0 
 0 
 0 
 0 
 0 
 0 
 0 
 1 
 0 
 0 
 0 
 0 
 0 
 0 
 1 
 0 
 0 
 0 
 0 
 0 
 0 
 0 
 0 
 0 
 0 
 0 
 0 
 0 
 0 
 0 
 0 
 0 
 0 
 0 
 0 
 0 
 0 
 0 
 0 
 0 
 0 
 0 
 0 
 0 
 0 
 0 
 0 
 0 
 0 
 0 
 0 
 0 
 1 
 0 
 0 
 0 
 0 
 0 
 0 
 0 
 0 
 0 
 0 
 0 
 0 
 0 
 0 
 0 
 0 
 0 
 0 
 0 
 0 
 0 
 0 
 0 
 0 
 0 
 0 
 0 
 0 
 0 
 0 
 0 
 0 
 0 
 0 
 0 
 0 
 0 
 0 
 0 
 0 
 0 
 0 
 0 
 0 
 0 
 0 
 0 
 0 
 0 
 0 
 0 
 0 
 0 
 0 
 1 
 0 
 0 
 0 
 0 
 0 
 0 
 0 
 0 
 0 
 0 
 0 
 0 
 0 
 0 
 0 
 0 
 0 
 0 
 0 
 0 
 0 
 0 
 0 
 0 
 0 
 0 
 0 
 0 
 1 
 0 
 0 
 0 
 0 
 0 
 0 
 0 
 0 
 0 
 0 
 0 
 0 
 0 
 0 
 0 
 0 
 0 
 0 
 0 
 0 
 0 
 0 
 0 
 0 
 0 
 0 
 0 
 0 
 0 
 0 
 0 
 0 
 0 
 0 
 0 
 0 
 0 
 0 
 0 
 1 
 0 
 0 
 0 
 0 
 0 
 0 
 0 
 0 
 0 
 0 
 0 
 0 
 0 
 0 
 0 
 0 
 0 
 0 
 0 
 0 
 0 
 0 
 0 
 0 
 0 
 0 
 0 
 0 
 0 
 0 
 0 
 0 
 0 
 0 
 0 
 0 
 0 
 0 
 0 
 0 
 0 
 0 
 0 
 0 
 0 
 0 
 0 
 0 
 0 
 0 
 0 
 0 
 0 
 0 
 0 
 0 
 0 
 0 
 0 
 0 
 0 
 0 
 0 
 0 
 0 
 0 
 0 
 0 
 0 
 0 
 0 
 0 
 0 
 0 
 0 
 0 
 0 
 0 
 0 
 0 
 0 
 0 
 0 
 0 
 0 
 0 
 0 
 0 
 0 
 0 
 0 
 0 
 0 
 0 
 0 
 0 
 0 
 0 
 0 
 0 
 0 
 0 
 0 
 0 
 0 
 0 
 0 
 0 
 0 
 0 
 0 
 0 
 0 
 0 
 0 
 0 
 0 
 0 
 0 
 0 
 0 
 0 
 0 
 0 
 0 
 0 
 0 
 0 
 0 
 0 
 0 
 0 
 0 
 0 
 0 
 0 
 0 
 0 
 0 
 0 
 0 
 0 
 0 
 0 
 0 
 0 
 0 
 0 
 0 
 0 
 0 
 0 
 0 
 0 
 0 
 0 
 0 
 0 
 0 
 0 
 0 
 0 
 0 
 0 
 0 
 0 
 0 
 0 
 0 
 0 
 0 
 0 
 0 
 0 
 0 
 0 
 1 
 0 
 0 
 0 
 0 
 0 
 0 
 0 
 0 
 0 
 0 
 0 
 0 
 0 
 0 
 0 
 0 
 0 
 0 
 0 
 0 
 0 
 0 
 0 
 0 
 0 
 0 
 0 
 0 
 0 
 0 
 0 
 0 
 0 
 0 
 0 
 0 
 0 
 0 
 0 
 0 
 0 
 0 
 0 
 0 
 0 
 0 
 0 
 0 
 0 
 0 
 0 
 0 
 0 
 0 
 0 
 0 
 0 
 0 
 0 
 0 
 0 
 0 
 0 
 0 
 0 
 0 
 0 
 0 
 0 
 0 
 0 
 0 
 0 
 0 
 0 
 0 
 0 
 0 
 0 
 0 
 1 
 0 
 0 
 0 
 0 
 0 
 0 
 0 
 0 
 0 
 0 
 0 
 0 
 0 
 0 
 0 
 0 
 0 
 0 
 0 
 0 
 0 
 0 
 0 
 0 
 0 
 0 
 0 
 0 
 0 
 0 
 0 
 0 
 0 
 0 
 0 
 0 
 0 
 0 
 0 
 0 
 0 
 0 
 0 
 0 
 0 
 0 
 0 
 0 
 0 
 0 
 0 
 0 
 0 
 0 
 0 
 0 
 0 
 0 
 0 
 0 
 0 
 0 
 0 
 0 
 0 
 0 
 0 
 0 
 0 
 0 
 0 
 0 
 0 
 0 
 0 
 0 
 0 
 0 
 0 
 0 
 0 
 0 
 0 
 0 
 0 
 0 
 0 
 0 
 0 
 0 
 0 
 0 
 0 
 0 
 0 
 0 
 0 
 0 
 0 
 0 
 0 
 0 
 0 
 0 
 0 
 0 
 0 
 0 
 0 
 0 
 0 
 0 
 0 
 0 
 0 
 0 
 0 
 0 
 0 
 0 
 0 
 0 
 0 
 0 
 0 
 0 
 0 
 0 
 0 
 0 
 0 
 0 
 0 
 0 
 0 
 0 
 0 
 0 
 0 
 0 
 0 
 0 
 0 
 0 
 0 
 0 
 0 
 0 
 0 
 0 
 0 
 0 
 0 
 0 
 0 
 0 
 0 
 0 
 0 
 0 
 0 
 0 
 0 
 0 
 0 
 0 
 0 
 0 
 0 
 0 
 0 
 0 
 0 
 0 
 0 
 0 
 0 
 0 
 0 
 0 
 0 
 0 
 0 
 0 
 0 
 0 
 0 
 0 
 0 
 0 
 0 
 0 
 0 
 0 
 0 
 0 
 0 
 0 
 0 
 0 
 0 
 0 
 0 
 0 
 0 
 0 
 0 
 0 
 0 
 0 
 0 
 0 
 0 
 0 
 0 
 0 
 0 
 0 
 0 
 0 
 0 
 0 
 0 
 0 
 0 
 0 
 0 
 0 
 0 
 0 
 0 
 0 
 0 
 0 
 0 
 0 
 0 
 0 
 0 
 0 
 0 
 0 
 0 
 0 
 0 
 0 
 0 
 0 
 0 
 0 
 0 
 0 
 0 
 0 
 0 
 0 
 0 
