 0 
 1 
 0 
 0 
 2 
 1 
 0 
 4 
 0 
 0 
 4 
 0 
 2 
 1 
 3 
 2 
 4 
 1 
 2 
 4 
 5 
 8 
 9 
 22 
 18 
 30 
 35 
 61 
 85 
 121 
 157 
 207 
 251 
 260 
 333 
 376 
 446 
 484 
 568 
 627 
 603 
 696 
 708 
 808 
 771 
 810 
 791 
 814 
 828 
 829 
 834 
 899 
 885 
 825 
 902 
 891 
 927 
 950 
 891 
 925 
 925 
 919 
 890 
 882 
 852 
 900 
 877 
 865 
 843 
 847 
 858 
 866 
 798 
 842 
 888 
 868 
 900 
 909 
 957 
 983 
 946 
 1011 
 1133 
 1151 
 1237 
 1331 
 1390 
 1457 
 1733 
 1690 
 1876 
 1966 
 2054 
 2139 
 2190 
 2204 
 2197 
 2311 
 2188 
 2229 
 2179 
 2091 
 1917 
 1849 
 1828 
 1735 
 1594 
 1494 
 1492 
 1403 
 1324 
 1234 
 1240 
 1169 
 1147 
 1004 
 1006 
 967 
 957 
 915 
 837 
 785 
 782 
 793 
 781 
 772 
 730 
 769 
 770 
 726 
 736 
 755 
 728 
 791 
 759 
 743 
 742 
 751 
 723 
 797 
 747 
 682 
 774 
 752 
 777 
 765 
 741 
 751 
 770 
 725 
 767 
 730 
 753 
 731 
 738 
 730 
 718 
 745 
 703 
 805 
 709 
 769 
 748 
 767 
 747 
 732 
 751 
 764 
 760 
 760 
 761 
 768 
 783 
 770 
 797 
 792 
 763 
 796 
 790 
 698 
 729 
 793 
 777 
 744 
 799 
 741 
 789 
 799 
 794 
 791 
 777 
 812 
 888 
 864 
 823 
 832 
 878 
 877 
 870 
 912 
 899 
 918 
 919 
 977 
 947 
 928 
 967 
 987 
 989 
 1045 
 1057 
 1008 
 1029 
 1018 
 998 
 1016 
 1131 
 1079 
 1055 
 1118 
 1124 
 1066 
 1072 
 1112 
 1119 
 1092 
 1070 
 1118 
 1082 
 1076 
 1121 
 1088 
 1043 
 1095 
 1057 
 1068 
 1102 
 1024 
 1045 
 1100 
 1092 
 1088 
 1046 
 1095 
 1054 
 1095 
 1017 
 1029 
 1102 
 1074 
 1106 
 1055 
 1126 
 1057 
 1031 
 1003 
 1065 
 1097 
 1021 
 1082 
 1021 
 967 
 1020 
 1014 
 1003 
 1051 
 1066 
 1004 
 1012 
 993 
 1005 
 992 
 992 
 1027 
 997 
 948 
 969 
 985 
 1016 
 999 
 969 
 1003 
 976 
 945 
 965 
 993 
 978 
 900 
 938 
 894 
 954 
 888 
 892 
 895 
 927 
 922 
 872 
 914 
 893 
 923 
 905 
 867 
 890 
 831 
 881 
 844 
 866 
 832 
 836 
 875 
 855 
 812 
 856 
 825 
 860 
 824 
 823 
 925 
 827 
 863 
 846 
 796 
 854 
 780 
 868 
 825 
 773 
 800 
 877 
 765 
 830 
 862 
 812 
 843 
 776 
 845 
 752 
 799 
 836 
 828 
 812 
 770 
 840 
 828 
 822 
 789 
 808 
 807 
 834 
 804 
 828 
 801 
 829 
 782 
 851 
 836 
 798 
 765 
 838 
 744 
 769 
 769 
 743 
 780 
 791 
 712 
 720 
 762 
 699 
 716 
 759 
 725 
 679 
 642 
 699 
 657 
 633 
 660 
 670 
 585 
 591 
 598 
 534 
 596 
 482 
 563 
 514 
 486 
 498 
 474 
 507 
 496 
 469 
 408 
 461 
 408 
 371 
 433 
 432 
 368 
 387 
 344 
 355 
 365 
 350 
 340 
 329 
 338 
 335 
 317 
 340 
 345 
 325 
 310 
 307 
 318 
 278 
 300 
 296 
 273 
 282 
 262 
 320 
 288 
 289 
 281 
 287 
 241 
 263 
 249 
 270 
 275 
 253 
 260 
 271 
 242 
 222 
 265 
 221 
 247 
 264 
 214 
 238 
 265 
 233 
 238 
 229 
 257 
 218 
 248 
 212 
 240 
 203 
 223 
 245 
 240 
 208 
 198 
 209 
 223 
 234 
 207 
 219 
 217 
 241 
 207 
 227 
 214 
 230 
 218 
 210 
 218 
 206 
 199 
 221 
 202 
 221 
 195 
 195 
 201 
 205 
 189 
 190 
 207 
 184 
 191 
 187 
 196 
 194 
 192 
 158 
 203 
 191 
 193 
 211 
 212 
 196 
 176 
 190 
 244 
 195 
 186 
 194 
 184 
 168 
 185 
 180 
 190 
 204 
 197 
 180 
 193 
 203 
 199 
 218 
 188 
 196 
 213 
 206 
 221 
 223 
 201 
 204 
 240 
 244 
 270 
 256 
 253 
 246 
 283 
 301 
 315 
 355 
 346 
 346 
 358 
 423 
 457 
 477 
 557 
 554 
 606 
 692 
 736 
 782 
 800 
 926 
 935 
 1074 
 1181 
 1253 
 1292 
 1491 
 1584 
 1582 
 1770 
 1969 
 1943 
 2096 
 2211 
 2468 
 2602 
 2718 
 2876 
 2895 
 3197 
 3248 
 3534 
 3645 
 3851 
 3867 
 4069 
 4126 
 4265 
 4326 
 4470 
 4488 
 4645 
 4730 
 4777 
 4762 
 4844 
 4923 
 5245 
 4948 
 4922 
 4769 
 4763 
 4873 
 4635 
 4641 
 4736 
 4535 
 4494 
 4359 
 4328 
 4122 
 3991 
 3867 
 3633 
 3664 
 3353 
 3179 
 3246 
 2998 
 2929 
 2682 
 2555 
 2490 
 2309 
 2135 
 2003 
 1854 
 1739 
 1598 
 1574 
 1394 
 1297 
 1217 
 1101 
 986 
 975 
 832 
 840 
 718 
 714 
 629 
 598 
 492 
 443 
 440 
 380 
 384 
 349 
 318 
 293 
 291 
 260 
 252 
 253 
 206 
 214 
 222 
 183 
 189 
 184 
 176 
 170 
 173 
 161 
 186 
 172 
 172 
 135 
 157 
 165 
 140 
 156 
 161 
 135 
 158 
 122 
 145 
 177 
 126 
 167 
 167 
 141 
 166 
 145 
 152 
 145 
 157 
 142 
 161 
 156 
 146 
 167 
 172 
 141 
 151 
 172 
 147 
 156 
 168 
 155 
 161 
 170 
 162 
 139 
 148 
 154 
 158 
 129 
 136 
 158 
 127 
 143 
 131 
 140 
 141 
 146 
 138 
 148 
 137 
 147 
 138 
 126 
 147 
 129 
 129 
 140 
 125 
 145 
 126 
 137 
 154 
 134 
 148 
 137 
 135 
 144 
 144 
 134 
 127 
 127 
 140 
 121 
 126 
 130 
 115 
 143 
 122 
 130 
 151 
 98 
 130 
 133 
 118 
 132 
 133 
 107 
 133 
 120 
 137 
 122 
 118 
 142 
 134 
 134 
 122 
 113 
 156 
 106 
 120 
 131 
 120 
 120 
 116 
 141 
 116 
 161 
 130 
 140 
 134 
 135 
 146 
 129 
 156 
 129 
 131 
 132 
 141 
 154 
 142 
 136 
 125 
 136 
 139 
 127 
 153 
 146 
 153 
 119 
 148 
 133 
 119 
 131 
 141 
 124 
 131 
 134 
 137 
 132 
 149 
 160 
 153 
 156 
 166 
 127 
 132 
 119 
 138 
 112 
 162 
 146 
 104 
 155 
 127 
 136 
 138 
 147 
 141 
 178 
 179 
 129 
 135 
 137 
 139 
 140 
 134 
 134 
 148 
 126 
 141 
 139 
 113 
 145 
 151 
 124 
 113 
 139 
 147 
 126 
 125 
 126 
 118 
 140 
 143 
 130 
 129 
 147 
 137 
 136 
 136 
 123 
 138 
 152 
 175 
 125 
 143 
 122 
 132 
 145 
 144 
 150 
 125 
 126 
 141 
 129 
 151 
 107 
 131 
 123 
 152 
 134 
 133 
 154 
 139 
 143 
 143 
 143 
 143 
 142 
 119 
 133 
 125 
 154 
 131 
 121 
 142 
 146 
 124 
 128 
 138 
 136 
 141 
 134 
 128 
 146 
 124 
 134 
 131 
 142 
 133 
 136 
 140 
 152 
 139 
 156 
 132 
 149 
 162 
 124 
 132 
 136 
 131 
 125 
 112 
 132 
 137 
 138 
 156 
 137 
 121 
 115 
 163 
 129 
 120 
 124 
 128 
 140 
 113 
 135 
 136 
 133 
 133 
 127 
 137 
 146 
 143 
 114 
 141 
 125 
 121 
 131 
 139 
 116 
 147 
 136 
 135 
 134 
 149 
 146 
 153 
 133 
 128 
 145 
 158 
 139 
 118 
 137 
 145 
 136 
 133 
 163 
 146 
 152 
 164 
 127 
 129 
 141 
 151 
 137 
 146 
 123 
 137 
 140 
 142 
 126 
 132 
 141 
 150 
 151 
 154 
 152 
 131 
 153 
 132 
 131 
 154 
 139 
 132 
 136 
 132 
 152 
 125 
 158 
 143 
 146 
 136 
 141 
 139 
 138 
 135 
 132 
 124 
 119 
 149 
 147 
 164 
 132 
 147 
 138 
 141 
 148 
 147 
 146 
 131 
 138 
 144 
 140 
 158 
 161 
 138 
 150 
 119 
 136 
 153 
 159 
 145 
 157 
 157 
 135 
 146 
 130 
 160 
 130 
 125 
 145 
 135 
 133 
 148 
 150 
 162 
 124 
 138 
 169 
 153 
 153 
 163 
 151 
 147 
 133 
 167 
 156 
 154 
 149 
 163 
 145 
 141 
 145 
 157 
 152 
 142 
 169 
 139 
 149 
 144 
 168 
 138 
 158 
 165 
 159 
 150 
 152 
 175 
 152 
 153 
 153 
 178 
 147 
 146 
 165 
 150 
 158 
 141 
 152 
 152 
 165 
 159 
 195 
 158 
 144 
 174 
 152 
 172 
 174 
 162 
 167 
 150 
 163 
 143 
 164 
 166 
 136 
 184 
 162 
 156 
 152 
 179 
 168 
 181 
 161 
 174 
 150 
 165 
 194 
 185 
 184 
 174 
 171 
 158 
 151 
 171 
 161 
 172 
 179 
 152 
 179 
 187 
 179 
 175 
 163 
 168 
 161 
 175 
 168 
 162 
 170 
 161 
 157 
 156 
 161 
 192 
 180 
 129 
 161 
 126 
 151 
 150 
 157 
 157 
 135 
 142 
 174 
 143 
 151 
 156 
 145 
 133 
 123 
 118 
 132 
 138 
 142 
 124 
 134 
 119 
 112 
 104 
 118 
 111 
 99 
 122 
 112 
 116 
 98 
 127 
 107 
 104 
 104 
 96 
 87 
 110 
 71 
 96 
 122 
 95 
 117 
 88 
 94 
 104 
 84 
 92 
 84 
 90 
 84 
 77 
 79 
 75 
 90 
 77 
 79 
 79 
 77 
 68 
 70 
 64 
 77 
 68 
 69 
 79 
 65 
 66 
 56 
 68 
 73 
 68 
 59 
 70 
 59 
 52 
 69 
 55 
 68 
 56 
 75 
 40 
 61 
 61 
 58 
 44 
 43 
 66 
 56 
 58 
 50 
 44 
 34 
 52 
 58 
 53 
 43 
 49 
 39 
 56 
 56 
 39 
 45 
 50 
 56 
 48 
 49 
 47 
 35 
 40 
 44 
 32 
 37 
 39 
 45 
 29 
 39 
 36 
 48 
 38 
 38 
 30 
 34 
 36 
 40 
 32 
 35 
 31 
 39 
 32 
 30 
 35 
 43 
 34 
 29 
 38 
 27 
 28 
 37 
 29 
 39 
 31 
 35 
 29 
 32 
 33 
 32 
 26 
 27 
 25 
 29 
 33 
 29 
 28 
 25 
 34 
 25 
 26 
 28 
 24 
 23 
 31 
 17 
 24 
 38 
 25 
 24 
 30 
 28 
 25 
 15 
 18 
 25 
 25 
 36 
 26 
 30 
 26 
 43 
 24 
 26 
 28 
 30 
 26 
 25 
 36 
 31 
 27 
 32 
 29 
 39 
 31 
 27 
 31 
 28 
 40 
 36 
 42 
 43 
 44 
 38 
 45 
 49 
 55 
 52 
 44 
 55 
 51 
 66 
 65 
 44 
 69 
 80 
 79 
 87 
 82 
 69 
 80 
 91 
 119 
 117 
 131 
 116 
 122 
 131 
 118 
 150 
 148 
 178 
 166 
 168 
 171 
 210 
 233 
 222 
 173 
 221 
 239 
 229 
 273 
 265 
 272 
 276 
 280 
 283 
 289 
 355 
 313 
 330 
 360 
 348 
 366 
 365 
 352 
 382 
 405 
 410 
 424 
 461 
 462 
 439 
 444 
 492 
 472 
 456 
 524 
 488 
 509 
 518 
 539 
 584 
 539 
 516 
 552 
 578 
 555 
 543 
 524 
 556 
 549 
 559 
 564 
 596 
 517 
 535 
 521 
 545 
 538 
 597 
 499 
 532 
 534 
 497 
 526 
 488 
 489 
 484 
 464 
 446 
 490 
 455 
 465 
 446 
 454 
 391 
 429 
 414 
 420 
 387 
 401 
 359 
 355 
 380 
 333 
 341 
 328 
 340 
 320 
 282 
 292 
 270 
 287 
 260 
 241 
 240 
 227 
 201 
 222 
 219 
 178 
 202 
 190 
 181 
 166 
 166 
 157 
 132 
 151 
 142 
 135 
 150 
 118 
 125 
 100 
 109 
 122 
 101 
 93 
 96 
 91 
 88 
 79 
 63 
 73 
 74 
 79 
 68 
 69 
 65 
 67 
 42 
 60 
 59 
 47 
 40 
 56 
 42 
 48 
 44 
 41 
 45 
 53 
 32 
 42 
 39 
 31 
 29 
 33 
 27 
 34 
 31 
 31 
 22 
 37 
 41 
 31 
 27 
 32 
 32 
 27 
 21 
 26 
 30 
 23 
 35 
 35 
 33 
 23 
 37 
 24 
 21 
 24 
 29 
 26 
 26 
 22 
 23 
 27 
 25 
 29 
 18 
 22 
 20 
 20 
 26 
 25 
 18 
 30 
 23 
 31 
 29 
 33 
 22 
 20 
 23 
 22 
 24 
 26 
 33 
 31 
 21 
 31 
 25 
 27 
 19 
 29 
 18 
 17 
 25 
 30 
 27 
 25 
 14 
 21 
 20 
 21 
 15 
 21 
 21 
 18 
 21 
 26 
 29 
 20 
 23 
 29 
 19 
 19 
 21 
 19 
 29 
 25 
 27 
 18 
 28 
 18 
 20 
 25 
 24 
 16 
 16 
 30 
 27 
 21 
 18 
 12 
 21 
 18 
 36 
 16 
 21 
 20 
 29 
 20 
 21 
 25 
 32 
 20 
 18 
 27 
 20 
 19 
 14 
 19 
 19 
 27 
 21 
 25 
 16 
 26 
 26 
 22 
 30 
 33 
 20 
 28 
 21 
 24 
 21 
 21 
 22 
 27 
 26 
 25 
 22 
 28 
 20 
 26 
 24 
 12 
 25 
 22 
 24 
 24 
 23 
 29 
 20 
 25 
 19 
 24 
 18 
 20 
 16 
 22 
 24 
 13 
 25 
 25 
 19 
 21 
 28 
 16 
 25 
 22 
 28 
 15 
 26 
 18 
 25 
 26 
 17 
 22 
 18 
 13 
 25 
 19 
 23 
 28 
 20 
 24 
 34 
 25 
 25 
 26 
 26 
 23 
 20 
 24 
 15 
 24 
 23 
 29 
 22 
 25 
 26 
 21 
 25 
 15 
 22 
 23 
 21 
 18 
 28 
 24 
 22 
 12 
 22 
 19 
 14 
 27 
 32 
 18 
 15 
 30 
 19 
 16 
 22 
 22 
 19 
 16 
 20 
 15 
 14 
 20 
 17 
 18 
 25 
 17 
 19 
 19 
 16 
 14 
 30 
 14 
 12 
 16 
 14 
 11 
 12 
 11 
 14 
 16 
 12 
 22 
 8 
 16 
 14 
 14 
 13 
 19 
 16 
 8 
 16 
 14 
 19 
 17 
 12 
 8 
 13 
 16 
 19 
 1 
 9 
 9 
 15 
 7 
 15 
 7 
 11 
 13 
 11 
 9 
 11 
 5 
 9 
 10 
 10 
 10 
 12 
 15 
 13 
 8 
 7 
 7 
 8 
 8 
 9 
 9 
 8 
 9 
 11 
 9 
 6 
 6 
 7 
 10 
 7 
 6 
 11 
 9 
 2 
 13 
 5 
 11 
 5 
 4 
 10 
 6 
 11 
 8 
 8 
 7 
 5 
 3 
 4 
 2 
 6 
 4 
 6 
 5 
 6 
 10 
 6 
 4 
 6 
 5 
 2 
 6 
 7 
 2 
 4 
 10 
 1 
 3 
 4 
 5 
 4 
 4 
 4 
 5 
 4 
 1 
 1 
 1 
 3 
 1 
 3 
 0 
 5 
 5 
 0 
 6 
 6 
 2 
 4 
 3 
 2 
 3 
 3 
 3 
 4 
 1 
 3 
 3 
 3 
 1 
 3 
 5 
 2 
 2 
 5 
 2 
 2 
 3 
 5 
 3 
 3 
 4 
 4 
 1 
 2 
 3 
 3 
 8 
 5 
 1 
 3 
 4 
 2 
 4 
 0 
 4 
 4 
 4 
 2 
 6 
 8 
 5 
 5 
 3 
 4 
 2 
 6 
 4 
 5 
 1 
 5 
 6 
 1 
 9 
 6 
 7 
 11 
 11 
 4 
 8 
 2 
 7 
 10 
 7 
 10 
 7 
 11 
 3 
 12 
 14 
 10 
 10 
 17 
 13 
 8 
 12 
 19 
 12 
 15 
 19 
 13 
 18 
 16 
 20 
 17 
 20 
 25 
 18 
 19 
 23 
 20 
 20 
 26 
 26 
 18 
 23 
 22 
 22 
 20 
 28 
 25 
 25 
 40 
 35 
 24 
 32 
 28 
 37 
 31 
 34 
 36 
 28 
 28 
 31 
 41 
 33 
 44 
 38 
 39 
 40 
 30 
 30 
 42 
 31 
 37 
 28 
 36 
 31 
 38 
 41 
 29 
 37 
 36 
 26 
 38 
 36 
 39 
 43 
 44 
 33 
 32 
 33 
 33 
 37 
 25 
 32 
 30 
 24 
 27 
 31 
 34 
 27 
 30 
 38 
 24 
 27 
 28 
 20 
 27 
 25 
 23 
 21 
 20 
 22 
 17 
 21 
 23 
 22 
 21 
 15 
 21 
 25 
 22 
 18 
 13 
 19 
 17 
 20 
 14 
 13 
 8 
 9 
 11 
 11 
 20 
 12 
 8 
 14 
 13 
 19 
 13 
 5 
 10 
 4 
 5 
 8 
 8 
 12 
 8 
 10 
 5 
 4 
 4 
 5 
 5 
 7 
 6 
 4 
 4 
 3 
 1 
 3 
 1 
 3 
 8 
 6 
 8 
 4 
 5 
 4 
 2 
 4 
 6 
 2 
 5 
 1 
 4 
 4 
 1 
 3 
 0 
 2 
 1 
 3 
 3 
 1 
 1 
 2 
 0 
 1 
 1 
 0 
 1 
 3 
 1 
 0 
 0 
 0 
 3 
 2 
 2 
 0 
 0 
 1 
 3 
 0 
 0 
 2 
 0 
 0 
 1 
 0 
 0 
 1 
 0 
 1 
 1 
 0 
 1 
 2 
 0 
 1 
 0 
 0 
 1 
 0 
 0 
 2 
 0 
 1 
 0 
 0 
 1 
 0 
 0 
 1 
 0 
 0 
 0 
 2 
 3 
 0 
 0 
 0 
 0 
 0 
 0 
 0 
 0 
 1 
 0 
 1 
 1 
 0 
 2 
 0 
 0 
 1 
 3 
 0 
 1 
 1 
 0 
 0 
 0 
 2 
 0 
 0 
 2 
 2 
 0 
 3 
 2 
 1 
 0 
 2 
 0 
 1 
 0 
 1 
 2 
 0 
 0 
 2 
 1 
 0 
 1 
 1 
 0 
 0 
 3 
 1 
 0 
 2 
 0 
 0 
 0 
 0 
 0 
 1 
 0 
 0 
 1 
 1 
 0 
 0 
 2 
 0 
 0 
 1 
 0 
 1 
 1 
 1 
 1 
 1 
 0 
 1 
 1 
 1 
 0 
 0 
 1 
 0 
 1 
 1 
 0 
 0 
 0 
 0 
 0 
 0 
 1 
 1 
 0 
 0 
 1 
 1 
 0 
 1 
 1 
 0 
 1 
 0 
 0 
 0 
 0 
 0 
 0 
 0 
 1 
 0 
 0 
 0 
 1 
 0 
 0 
 0 
 0 
 1 
 1 
 1 
 3 
 1 
 0 
 0 
 0 
 1 
 0 
 0 
 0 
 0 
 0 
 0 
 0 
 1 
 1 
 2 
 0 
 0 
 0 
 1 
 1 
 0 
 1 
 0 
 0 
 0 
 0 
 1 
 1 
 0 
 0 
 0 
 0 
 0 
 0 
 0 
 0 
 1 
 0 
 0 
 0 
 1 
 0 
 0 
 0 
 0 
 0 
 0 
 0 
 0 
 0 
 0 
 1 
 1 
 1 
 0 
 0 
 0 
 1 
 0 
 0 
 1 
 0 
 0 
 2 
 0 
 0 
 0 
 0 
 0 
 0 
 0 
 0 
 0 
 0 
 0 
 0 
 0 
 0 
 0 
 1 
 0 
 0 
 0 
 1 
 1 
 0 
 0 
 1 
 0 
 0 
 2 
 0 
 0 
 1 
 0 
 1 
 0 
 0 
 0 
 1 
 2 
 1 
 0 
 0 
 0 
 0 
 0 
 0 
 0 
 0 
 0 
 0 
 0 
 0 
 0 
 0 
 1 
 0 
 0 
 1 
 0 
 1 
 0 
 0 
 0 
 0 
 0 
 1 
 0 
 0 
 0 
 0 
 0 
 0 
 0 
 0 
 0 
 0 
 0 
 0 
 0 
 0 
 0 
 1 
 0 
 0 
 0 
 0 
 0 
 0 
 0 
 0 
 0 
 0 
 0 
 1 
 0 
 0 
 0 
 0 
 0 
 0 
 0 
 0 
 0 
 0 
 0 
 0 
 1 
 0 
 0 
 0 
 0 
 0 
 0 
 0 
 0 
 1 
 0 
 0 
 0 
 0 
 1 
 0 
 0 
 0 
 0 
 0 
 1 
 1 
 0 
 0 
 0 
 0 
 1 
 0 
 1 
 0 
 0 
 0 
 0 
 0 
 0 
 0 
 0 
 0 
 1 
 0 
 1 
 0 
 0 
 0 
 0 
 0 
 0 
 0 
 0 
 1 
 0 
 0 
 0 
 0 
 1 
 0 
 0 
 0 
 0 
 0 
 0 
 1 
 0 
 1 
 0 
 0 
 0 
 0 
 0 
 0 
 2 
 1 
 0 
 0 
 0 
 1 
 1 
 0 
 0 
 0 
 0 
 0 
 0 
 0 
 0 
 0 
 0 
 0 
 1 
 0 
 0 
 0 
 0 
 0 
 0 
 0 
 1 
 0 
 1 
 0 
 0 
 0 
 0 
 0 
 1 
 0 
 0 
 0 
 0 
 1 
 0 
 0 
 2 
 2 
 1 
 0 
 0 
 2 
 0 
 0 
 0 
 0 
 0 
 0 
 0 
 0 
 0 
 1 
 0 
 1 
 0 
 0 
 1 
 1 
 0 
 0 
 0 
 1 
 0 
 0 
 0 
 0 
 0 
 0 
 0 
 0 
 0 
 0 
 1 
 0 
 1 
 0 
 1 
 0 
 0 
 0 
 1 
 0 
 0 
 0 
 0 
 0 
 0 
 0 
 1 
 1 
 0 
 1 
 0 
 0 
 0 
 1 
 1 
 0 
 0 
 0 
 0 
 0 
 0 
 0 
 0 
 0 
 0 
 0 
 1 
 0 
 0 
 0 
 0 
 0 
 0 
 0 
 0 
 0 
 0 
 0 
 0 
 0 
 0 
 0 
 0 
 0 
 0 
 0 
 0 
 0 
 1 
 0 
 0 
 0 
 0 
 0 
 0 
 0 
 0 
 0 
 0 
 0 
 0 
 0 
 1 
 0 
 0 
 0 
 0 
 0 
 0 
 0 
 0 
 0 
 0 
 0 
 0 
 0 
 0 
 0 
 0 
 0 
 0 
 0 
 0 
 0 
 0 
 0 
 0 
 0 
 1 
 0 
 0 
 0 
 1 
 0 
 0 
 0 
 0 
 0 
 0 
 0 
 0 
 0 
 0 
 0 
 0 
 0 
 0 
 0 
 0 
 0 
 0 
 0 
 0 
 0 
 0 
 0 
 0 
 0 
 0 
 0 
 0 
 0 
 0 
 0 
 0 
 0 
 0 
 0 
 0 
 0 
 0 
 0 
 0 
 0 
 0 
 0 
 0 
 0 
 1 
 0 
 0 
 0 
 0 
 0 
 0 
 0 
 0 
 0 
 0 
 0 
 0 
 0 
 0 
 0 
 0 
 1 
 0 
 0 
 0 
 0 
 0 
 0 
 0 
 1 
 0 
 0 
 0 
 0 
 0 
 1 
 0 
 0 
 0 
 1 
 0 
 0 
 0 
 0 
 0 
 0 
 1 
 0 
 0 
 0 
 0 
 1 
 0 
 0 
 0 
 0 
 0 
 0 
 0 
 0 
 0 
 0 
 1 
 0 
 0 
 0 
 0 
 1 
 0 
 0 
 0 
 0 
 0 
 0 
 0 
 0 
 0 
 0 
 1 
 0 
 0 
 0 
 0 
 0 
 0 
 0 
 0 
 0 
 0 
 0 
 0 
 0 
 0 
 0 
 1 
 0 
 0 
 1 
 1 
 1 
 0 
 0 
 1 
 0 
 0 
 0 
 0 
 0 
 1 
 0 
 0 
 1 
 0 
 0 
 1 
 0 
 0 
 0 
 0 
 0 
 0 
 0 
 0 
 0 
 1 
 0 
 0 
 0 
 0 
 1 
 0 
 0 
 0 
 0 
 0 
 0 
 0 
 0 
 1 
 0 
 0 
 0 
 0 
 0 
 0 
 0 
 0 
 0 
 0 
 0 
 0 
 0 
 0 
 0 
 0 
 0 
 0 
 0 
 0 
 0 
 0 
 0 
 0 
 0 
 0 
 0 
 0 
 0 
 0 
 0 
 0 
 0 
 0 
 0 
 0 
 1 
 0 
 0 
 0 
 0 
 0 
 0 
 0 
 0 
 0 
 0 
 0 
 0 
 0 
 0 
 0 
 0 
 0 
 0 
 0 
 0 
 0 
 0 
 0 
 0 
 0 
 0 
 0 
 0 
 0 
 0 
 0 
 0 
 0 
 0 
 0 
 0 
 0 
 0 
 0 
 0 
 0 
 0 
 0 
 0 
 0 
 0 
 0 
 0 
 0 
 0 
 0 
 0 
 0 
 0 
 0 
 0 
 0 
 0 
 0 
 0 
 0 
 0 
 1 
 0 
 0 
 0 
 0 
 0 
 0 
 0 
 0 
 0 
 0 
 0 
 0 
 0 
 0 
 0 
 0 
 0 
 0 
 0 
 0 
 0 
 0 
 0 
 0 
 0 
 0 
 0 
 0 
 0 
 0 
 0 
 0 
 0 
 0 
 0 
 0 
 0 
 0 
 0 
 0 
 0 
 0 
 0 
 0 
 0 
 0 
 0 
 0 
 0 
 0 
 0 
 0 
 1 
 0 
 0 
 0 
 0 
 0 
 0 
 0 
 0 
 0 
 0 
 0 
 0 
 0 
 0 
 0 
 0 
 0 
 0 
 0 
 0 
 0 
 0 
 0 
 0 
 0 
 0 
 0 
 0 
 0 
 0 
 0 
 0 
 0 
 0 
 0 
 0 
 0 
 0 
 0 
 0 
 0 
 0 
 0 
 0 
 0 
 0 
 0 
 0 
 0 
 1 
 0 
 0 
 0 
 0 
 0 
 0 
 0 
 0 
 0 
 0 
 0 
 0 
 0 
 0 
 0 
 0 
 1 
 0 
 0 
 0 
 0 
 0 
 0 
 0 
 0 
 0 
 0 
 0 
 0 
 0 
 0 
 0 
 1 
 0 
 0 
 0 
 0 
 0 
 0 
 0 
 0 
 0 
 0 
 0 
 0 
 0 
 0 
 0 
 0 
 0 
 0 
 0 
 0 
 0 
 0 
 0 
 0 
 0 
 0 
 0 
 0 
 1 
 0 
 0 
 0 
 0 
 0 
 0 
 0 
 0 
 0 
 0 
 0 
 0 
 0 
 0 
 0 
 0 
 0 
 0 
 0 
 0 
 0 
 0 
 0 
 0 
 0 
 0 
 0 
 0 
 0 
 0 
 0 
 0 
 0 
 0 
 0 
 0 
 0 
 0 
 0 
 0 
 0 
 0 
 0 
 0 
 0 
 0 
 0 
 0 
 0 
 0 
 0 
 0 
 0 
 0 
 0 
 0 
 0 
 0 
 0 
 0 
 0 
 1 
 0 
 0 
 0 
 0 
 0 
 0 
 0 
 0 
 0 
 0 
 0 
 0 
 0 
 0 
 0 
 0 
 0 
 0 
 0 
 0 
 0 
 0 
 0 
 0 
 0 
 0 
 0 
 0 
 0 
 0 
 0 
 0 
 0 
 0 
 0 
 0 
 0 
 0 
 0 
 0 
 0 
 0 
 0 
 0 
 0 
 0 
 0 
 0 
 0 
 0 
 0 
 0 
 0 
 0 
 0 
 0 
 0 
 0 
 0 
 0 
 0 
 0 
 0 
 0 
 0 
 0 
 0 
 0 
 0 
 0 
 1 
 0 
 0 
 0 
 0 
 0 
 0 
 0 
 0 
 0 
 0 
 0 
 0 
 0 
 0 
 1 
 0 
 0 
 0 
 0 
 0 
 0 
 0 
 0 
 0 
 0 
 0 
 0 
 0 
 0 
 0 
 0 
 0 
 0 
 0 
 0 
 0 
 0 
 0 
 0 
 0 
 0 
 0 
 0 
 1 
 0 
 0 
 0 
 0 
 0 
 0 
 0 
 0 
 0 
 0 
 0 
 0 
 0 
 0 
 0 
 0 
 0 
 0 
 0 
 0 
 0 
 0 
 0 
 0 
 0 
 0 
 0 
 0 
 0 
 0 
 0 
 0 
 0 
 0 
 0 
 0 
 0 
 0 
 0 
 0 
 0 
 0 
 0 
 0 
 0 
 0 
 0 
 0 
 0 
 0 
 0 
 0 
 0 
 0 
 0 
 0 
 0 
 0 
 0 
 0 
 0 
 0 
 0 
 0 
 0 
 0 
 0 
 0 
 0 
 0 
 0 
 0 
 0 
 0 
 0 
 0 
 0 
 0 
 0 
 0 
 0 
 0 
 0 
 0 
 0 
 0 
 0 
 0 
 0 
 0 
 0 
 0 
 0 
 0 
 0 
 0 
 0 
 0 
 0 
 0 
 0 
 0 
 0 
 0 
 0 
 0 
 0 
 0 
 0 
 0 
 0 
 0 
 0 
 0 
 0 
 0 
 0 
 0 
 0 
 0 
 0 
 0 
 0 
 0 
 0 
 0 
 0 
 0 
 0 
 1 
 0 
 0 
 0 
 0 
 0 
 0 
 0 
 0 
 0 
 0 
 0 
 0 
 0 
 0 
 1 
 0 
 0 
 0 
 0 
 0 
 0 
 0 
 0 
 0 
 0 
 0 
 0 
 0 
 0 
 0 
 0 
 0 
 0 
 0 
 0 
 0 
 0 
 0 
 0 
 0 
 0 
 0 
 0 
 0 
 0 
 0 
 0 
 0 
 0 
 0 
 0 
 0 
 0 
 0 
 0 
 0 
 0 
 0 
 0 
 0 
 0 
 0 
 0 
 0 
 0 
 0 
 0 
 0 
 0 
 0 
 0 
 0 
 0 
 0 
 0 
 0 
 0 
 0 
 0 
 0 
 0 
 0 
 0 
 0 
 0 
 0 
 0 
 0 
 0 
 0 
 0 
 0 
 0 
 0 
 0 
 0 
 0 
 0 
 0 
 0 
 0 
 0 
 0 
 0 
 0 
 0 
 0 
 0 
 0 
 0 
 0 
 0 
 0 
 0 
 0 
 0 
 0 
 0 
 0 
 0 
 0 
 0 
 0 
 0 
 0 
 0 
 0 
 0 
 0 
 0 
 0 
 0 
 0 
 0 
 0 
 0 
 0 
 0 
 0 
 0 
 0 
 0 
 0 
 0 
 0 
 0 
 0 
 0 
 0 
 0 
 0 
 0 
 0 
 0 
 0 
 0 
 0 
 0 
 0 
 0 
 0 
 0 
 0 
 0 
 0 
 0 
 0 
 0 
 0 
 0 
 0 
 0 
 0 
 0 
 0 
 0 
 0 
 0 
 0 
 0 
 0 
 0 
 0 
 0 
 0 
 0 
 0 
 0 
 0 
 0 
 0 
 0 
 0 
 0 
 0 
 0 
 0 
 0 
 0 
 0 
 0 
 0 
 0 
 0 
 0 
 0 
 0 
 0 
 0 
 0 
 0 
 0 
 0 
 0 
 0 
 0 
 0 
 0 
 0 
 0 
 0 
 0 
 0 
 0 
 0 
 0 
 0 
 0 
 0 
 0 
 0 
 0 
 0 
 0 
 0 
 0 
 0 
 0 
 0 
 0 
 0 
 0 
 0 
 0 
 0 
 0 
 0 
 0 
 0 
 0 
 0 
 0 
 0 
 0 
 0 
 0 
 0 
 0 
 0 
 0 
 0 
 0 
 0 
 0 
 0 
 0 
 0 
 0 
 0 
 0 
 0 
 0 
 0 
 0 
 0 
 0 
 0 
 0 
 0 
 0 
 0 
 0 
 0 
 0 
 0 
 0 
 0 
 0 
 0 
 0 
 0 
 0 
 0 
 0 
 0 
 0 
 0 
 0 
 0 
 0 
 0 
 0 
 0 
 0 
 1 
 0 
 0 
 0 
 0 
 0 
 0 
 0 
 0 
 0 
 0 
 0 
 0 
 0 
 0 
 0 
 0 
 0 
 1 
 0 
 0 
 0 
 0 
 0 
 0 
 0 
 0 
 0 
 0 
 0 
 0 
 0 
 0 
 0 
 0 
 0 
 0 
 0 
 0 
 0 
 0 
 0 
 0 
 0 
 1 
 0 
 0 
 0 
 0 
 0 
 0 
 0 
 0 
 0 
 0 
 0 
 0 
 0 
 0 
 0 
 0 
 0 
 0 
 0 
 0 
 0 
 0 
 0 
 0 
 0 
 1 
 0 
 0 
 0 
 0 
 0 
 0 
 0 
 0 
 0 
 0 
 0 
 0 
 0 
 0 
 0 
 0 
 0 
 0 
 0 
 0 
 0 
 0 
 0 
 0 
 0 
 0 
 0 
 0 
 0 
 0 
 0 
 0 
 0 
 0 
 0 
 0 
 0 
 0 
 0 
 0 
 0 
 0 
 0 
 0 
 0 
 0 
 0 
 0 
 0 
 0 
 0 
 0 
 0 
 0 
 0 
 0 
 0 
 0 
 0 
 0 
 0 
 0 
 0 
 0 
 0 
 0 
 0 
 0 
 0 
 0 
 0 
 0 
 0 
 0 
 0 
 0 
 0 
 0 
 0 
 0 
 0 
 0 
 0 
 0 
 0 
 0 
 0 
 0 
 0 
 0 
 0 
 0 
 0 
 0 
 0 
 0 
 0 
 0 
 0 
 0 
 0 
 0 
 0 
 0 
 0 
 0 
 0 
 0 
 0 
 0 
 0 
 0 
 0 
 0 
 0 
 0 
 0 
 0 
 0 
 0 
 0 
 0 
 0 
 0 
 0 
 0 
 0 
 0 
 0 
 0 
 0 
 0 
 0 
 0 
 0 
 0 
 0 
 0 
 0 
 0 
 0 
 0 
 0 
 0 
 0 
 0 
 0 
 0 
 0 
 0 
 0 
 0 
 0 
 0 
 0 
 0 
 0 
 0 
 0 
 0 
 0 
 0 
 0 
 0 
 0 
 0 
 0 
 0 
 0 
 0 
 0 
 0 
 0 
 0 
 0 
 0 
 0 
 0 
 0 
 0 
 0 
 0 
 0 
 0 
 0 
 0 
 0 
 0 
 0 
 0 
 0 
 0 
 0 
 0 
 0 
 0 
 0 
 0 
 0 
 0 
 0 
 0 
 0 
 0 
 0 
 0 
 0 
 0 
 0 
 0 
 0 
 0 
 0 
 0 
 0 
 0 
 0 
 0 
 0 
 0 
 0 
 0 
 0 
 0 
 0 
 0 
 0 
 0 
 0 
 0 
 0 
 0 
 0 
 0 
 0 
 0 
 0 
 0 
 0 
 0 
 0 
 0 
 0 
 0 
 0 
 0 
 0 
 0 
 0 
 0 
 0 
 0 
 0 
 0 
 0 
 0 
 0 
 0 
 0 
 0 
 0 
 0 
 0 
 0 
