 0 
 0 
 0 
 0 
 0 
 0 
 0 
 0 
 0 
 0 
 0 
 0 
 0 
 0 
 0 
 0 
 0 
 0 
 0 
 0 
 1 
 1 
 0 
 1 
 3 
 4 
 5 
 13 
 14 
 13 
 17 
 30 
 33 
 38 
 47 
 60 
 74 
 80 
 69 
 88 
 89 
 104 
 124 
 103 
 120 
 125 
 119 
 129 
 130 
 130 
 157 
 154 
 125 
 126 
 140 
 164 
 156 
 150 
 149 
 151 
 164 
 136 
 144 
 161 
 168 
 147 
 162 
 166 
 154 
 151 
 160 
 151 
 149 
 146 
 143 
 171 
 151 
 170 
 175 
 188 
 183 
 189 
 197 
 244 
 236 
 278 
 258 
 283 
 330 
 347 
 354 
 366 
 423 
 399 
 428 
 429 
 428 
 399 
 401 
 419 
 388 
 405 
 343 
 335 
 349 
 322 
 304 
 264 
 281 
 303 
 246 
 224 
 201 
 226 
 230 
 190 
 213 
 212 
 199 
 157 
 164 
 177 
 182 
 159 
 160 
 158 
 162 
 174 
 154 
 164 
 145 
 136 
 151 
 159 
 163 
 173 
 145 
 139 
 165 
 144 
 143 
 156 
 151 
 169 
 161 
 143 
 169 
 167 
 150 
 184 
 170 
 166 
 152 
 159 
 164 
 177 
 177 
 159 
 167 
 171 
 151 
 165 
 152 
 168 
 152 
 156 
 162 
 160 
 174 
 177 
 188 
 173 
 166 
 162 
 160 
 156 
 159 
 137 
 170 
 181 
 140 
 178 
 152 
 168 
 154 
 146 
 198 
 150 
 202 
 184 
 172 
 148 
 171 
 163 
 176 
 189 
 178 
 201 
 194 
 204 
 184 
 184 
 196 
 213 
 202 
 193 
 216 
 205 
 193 
 201 
 222 
 218 
 229 
 226 
 206 
 214 
 238 
 198 
 220 
 203 
 213 
 217 
 215 
 183 
 183 
 222 
 227 
 195 
 218 
 237 
 220 
 234 
 219 
 213 
 222 
 214 
 221 
 188 
 200 
 187 
 177 
 219 
 218 
 199 
 198 
 217 
 199 
 211 
 194 
 202 
 177 
 193 
 230 
 246 
 203 
 219 
 215 
 213 
 198 
 200 
 208 
 198 
 211 
 216 
 202 
 212 
 221 
 210 
 175 
 209 
 198 
 197 
 219 
 196 
 208 
 206 
 181 
 196 
 207 
 198 
 179 
 189 
 184 
 178 
 184 
 166 
 167 
 186 
 168 
 175 
 165 
 194 
 157 
 179 
 160 
 178 
 174 
 163 
 183 
 161 
 162 
 167 
 160 
 155 
 167 
 148 
 159 
 129 
 150 
 138 
 136 
 136 
 162 
 139 
 164 
 145 
 154 
 167 
 143 
 140 
 142 
 157 
 156 
 162 
 139 
 153 
 161 
 135 
 135 
 128 
 144 
 155 
 148 
 143 
 135 
 127 
 147 
 132 
 145 
 142 
 147 
 144 
 170 
 149 
 138 
 130 
 131 
 158 
 150 
 161 
 139 
 159 
 126 
 139 
 151 
 139 
 146 
 146 
 123 
 134 
 126 
 129 
 108 
 118 
 120 
 133 
 119 
 104 
 130 
 100 
 108 
 107 
 126 
 108 
 122 
 103 
 115 
 121 
 101 
 95 
 90 
 115 
 97 
 110 
 80 
 82 
 77 
 77 
 75 
 85 
 68 
 87 
 77 
 67 
 75 
 79 
 79 
 62 
 62 
 62 
 61 
 48 
 53 
 65 
 51 
 53 
 56 
 49 
 44 
 50 
 47 
 47 
 44 
 40 
 67 
 45 
 52 
 52 
 47 
 50 
 49 
 39 
 42 
 49 
 47 
 56 
 45 
 51 
 36 
 43 
 47 
 43 
 35 
 35 
 40 
 38 
 47 
 41 
 60 
 57 
 26 
 31 
 45 
 33 
 36 
 30 
 37 
 48 
 35 
 33 
 43 
 42 
 31 
 40 
 28 
 46 
 21 
 23 
 36 
 35 
 56 
 36 
 32 
 40 
 32 
 29 
 41 
 25 
 28 
 43 
 28 
 41 
 26 
 29 
 29 
 39 
 40 
 42 
 30 
 34 
 31 
 39 
 31 
 39 
 29 
 29 
 32 
 32 
 31 
 31 
 30 
 34 
 34 
 27 
 31 
 34 
 40 
 26 
 28 
 42 
 26 
 31 
 28 
 34 
 30 
 30 
 30 
 39 
 31 
 31 
 32 
 32 
 31 
 34 
 30 
 28 
 40 
 32 
 36 
 34 
 27 
 35 
 34 
 35 
 27 
 31 
 33 
 31 
 41 
 41 
 38 
 50 
 42 
 38 
 52 
 48 
 53 
 65 
 61 
 59 
 84 
 92 
 102 
 97 
 104 
 122 
 116 
 119 
 142 
 177 
 145 
 194 
 202 
 196 
 248 
 245 
 220 
 305 
 281 
 318 
 329 
 338 
 361 
 353 
 419 
 412 
 447 
 443 
 500 
 530 
 535 
 559 
 620 
 546 
 638 
 672 
 644 
 666 
 658 
 691 
 709 
 751 
 732 
 696 
 756 
 731 
 762 
 735 
 730 
 796 
 710 
 751 
 657 
 687 
 666 
 681 
 692 
 602 
 611 
 583 
 548 
 570 
 497 
 523 
 517 
 480 
 445 
 444 
 450 
 399 
 354 
 340 
 318 
 310 
 282 
 242 
 253 
 223 
 199 
 197 
 189 
 172 
 150 
 154 
 124 
 118 
 108 
 108 
 91 
 81 
 99 
 70 
 76 
 65 
 57 
 39 
 49 
 39 
 36 
 35 
 33 
 45 
 37 
 30 
 28 
 31 
 28 
 33 
 22 
 16 
 12 
 18 
 23 
 17 
 21 
 19 
 21 
 19 
 23 
 21 
 20 
 21 
 17 
 17 
 20 
 24 
 23 
 25 
 22 
 16 
 19 
 23 
 14 
 12 
 19 
 17 
 16 
 19 
 21 
 11 
 18 
 15 
 26 
 11 
 24 
 19 
 21 
 23 
 11 
 21 
 16 
 17 
 20 
 19 
 22 
 21 
 19 
 16 
 17 
 22 
 19 
 15 
 26 
 22 
 17 
 20 
 20 
 18 
 14 
 11 
 23 
 10 
 15 
 19 
 17 
 15 
 13 
 24 
 19 
 13 
 16 
 19 
 23 
 14 
 16 
 20 
 19 
 21 
 17 
 16 
 19 
 28 
 18 
 17 
 17 
 18 
 17 
 20 
 17 
 11 
 17 
 25 
 18 
 16 
 13 
 14 
 21 
 20 
 25 
 22 
 20 
 15 
 18 
 17 
 28 
 16 
 22 
 7 
 17 
 18 
 12 
 20 
 21 
 15 
 23 
 14 
 18 
 21 
 24 
 20 
 15 
 14 
 18 
 15 
 18 
 24 
 15 
 14 
 22 
 25 
 20 
 14 
 17 
 14 
 18 
 24 
 19 
 23 
 21 
 21 
 20 
 19 
 17 
 22 
 19 
 18 
 16 
 21 
 15 
 29 
 21 
 22 
 23 
 26 
 15 
 17 
 20 
 11 
 16 
 21 
 16 
 12 
 13 
 11 
 20 
 17 
 12 
 15 
 21 
 22 
 23 
 12 
 19 
 27 
 23 
 20 
 24 
 15 
 16 
 17 
 16 
 25 
 12 
 17 
 23 
 19 
 20 
 22 
 18 
 19 
 19 
 17 
 20 
 23 
 16 
 16 
 18 
 16 
 18 
 28 
 19 
 26 
 12 
 30 
 22 
 18 
 24 
 27 
 14 
 19 
 27 
 18 
 15 
 15 
 18 
 10 
 21 
 17 
 24 
 16 
 16 
 18 
 21 
 17 
 17 
 12 
 23 
 20 
 21 
 22 
 23 
 22 
 18 
 17 
 20 
 24 
 19 
 21 
 24 
 17 
 24 
 18 
 15 
 26 
 19 
 16 
 16 
 24 
 16 
 16 
 20 
 26 
 10 
 22 
 16 
 20 
 17 
 24 
 21 
 20 
 21 
 22 
 17 
 20 
 18 
 22 
 18 
 20 
 17 
 15 
 19 
 22 
 16 
 19 
 18 
 17 
 18 
 16 
 23 
 18 
 23 
 23 
 14 
 23 
 18 
 24 
 17 
 17 
 17 
 16 
 27 
 17 
 24 
 22 
 18 
 23 
 15 
 19 
 18 
 14 
 17 
 14 
 23 
 22 
 21 
 18 
 15 
 24 
 17 
 14 
 17 
 23 
 24 
 17 
 20 
 17 
 9 
 19 
 15 
 30 
 14 
 9 
 17 
 23 
 22 
 17 
 19 
 13 
 25 
 16 
 15 
 15 
 30 
 17 
 20 
 18 
 12 
 19 
 28 
 19 
 16 
 27 
 16 
 16 
 16 
 21 
 17 
 25 
 29 
 29 
 18 
 26 
 28 
 22 
 14 
 24 
 25 
 31 
 28 
 25 
 24 
 17 
 18 
 23 
 26 
 25 
 18 
 20 
 23 
 18 
 21 
 16 
 19 
 26 
 26 
 24 
 26 
 25 
 24 
 18 
 28 
 22 
 21 
 29 
 14 
 23 
 25 
 22 
 28 
 21 
 30 
 23 
 18 
 21 
 24 
 27 
 23 
 33 
 21 
 22 
 34 
 17 
 22 
 29 
 25 
 29 
 28 
 21 
 21 
 19 
 14 
 20 
 25 
 19 
 29 
 24 
 29 
 33 
 24 
 23 
 34 
 22 
 33 
 23 
 25 
 21 
 20 
 27 
 25 
 27 
 26 
 32 
 28 
 25 
 25 
 31 
 30 
 26 
 19 
 24 
 34 
 29 
 27 
 32 
 31 
 28 
 25 
 25 
 27 
 24 
 33 
 27 
 26 
 26 
 28 
 27 
 30 
 22 
 26 
 32 
 24 
 23 
 22 
 32 
 27 
 24 
 22 
 28 
 19 
 17 
 28 
 30 
 21 
 25 
 16 
 34 
 26 
 34 
 26 
 16 
 23 
 30 
 24 
 30 
 22 
 30 
 21 
 31 
 21 
 30 
 22 
 27 
 21 
 27 
 21 
 23 
 22 
 28 
 29 
 30 
 15 
 21 
 20 
 21 
 18 
 19 
 23 
 25 
 17 
 24 
 18 
 8 
 18 
 20 
 19 
 17 
 19 
 18 
 15 
 12 
 19 
 12 
 14 
 16 
 14 
 7 
 11 
 16 
 8 
 14 
 11 
 19 
 15 
 8 
 10 
 4 
 21 
 9 
 10 
 12 
 10 
 19 
 9 
 5 
 7 
 6 
 12 
 10 
 7 
 8 
 7 
 11 
 11 
 11 
 12 
 4 
 3 
 4 
 8 
 5 
 6 
 11 
 3 
 10 
 8 
 10 
 10 
 6 
 6 
 7 
 7 
 5 
 7 
 7 
 6 
 10 
 9 
 3 
 6 
 4 
 5 
 3 
 6 
 5 
 9 
 7 
 8 
 11 
 10 
 6 
 4 
 5 
 7 
 6 
 3 
 3 
 2 
 4 
 5 
 3 
 6 
 7 
 5 
 6 
 8 
 3 
 4 
 4 
 5 
 3 
 7 
 2 
 5 
 5 
 2 
 2 
 7 
 5 
 5 
 6 
 7 
 1 
 4 
 2 
 0 
 2 
 1 
 4 
 6 
 6 
 2 
 1 
 6 
 4 
 5 
 6 
 7 
 10 
 1 
 1 
 2 
 1 
 2 
 3 
 2 
 3 
 4 
 2 
 3 
 1 
 2 
 2 
 2 
 0 
 2 
 6 
 2 
 1 
 3 
 3 
 2 
 4 
 6 
 4 
 3 
 2 
 4 
 2 
 5 
 3 
 1 
 0 
 2 
 2 
 5 
 6 
 0 
 5 
 2 
 4 
 2 
 3 
 6 
 5 
 2 
 2 
 12 
 5 
 8 
 3 
 9 
 6 
 5 
 2 
 6 
 7 
 10 
 7 
 7 
 7 
 11 
 4 
 9 
 11 
 13 
 10 
 8 
 16 
 10 
 18 
 13 
 14 
 12 
 17 
 17 
 19 
 18 
 30 
 15 
 23 
 22 
 30 
 30 
 31 
 37 
 34 
 36 
 32 
 33 
 25 
 42 
 24 
 41 
 42 
 32 
 45 
 49 
 50 
 47 
 40 
 57 
 62 
 54 
 66 
 61 
 68 
 70 
 70 
 75 
 64 
 87 
 79 
 78 
 85 
 80 
 76 
 79 
 65 
 75 
 82 
 97 
 89 
 60 
 81 
 84 
 83 
 84 
 79 
 112 
 89 
 98 
 99 
 97 
 72 
 83 
 72 
 81 
 97 
 95 
 83 
 88 
 77 
 67 
 61 
 87 
 76 
 97 
 101 
 79 
 69 
 81 
 78 
 75 
 79 
 63 
 68 
 75 
 77 
 66 
 63 
 67 
 80 
 57 
 55 
 62 
 62 
 54 
 48 
 52 
 47 
 49 
 52 
 38 
 42 
 40 
 33 
 32 
 27 
 35 
 35 
 29 
 43 
 31 
 25 
 32 
 24 
 32 
 18 
 32 
 25 
 25 
 26 
 8 
 18 
 22 
 14 
 23 
 15 
 17 
 14 
 9 
 9 
 10 
 12 
 8 
 4 
 8 
 13 
 8 
 7 
 8 
 7 
 8 
 7 
 5 
 4 
 4 
 4 
 4 
 5 
 7 
 3 
 5 
 3 
 3 
 7 
 4 
 5 
 1 
 3 
 2 
 3 
 2 
 2 
 2 
 0 
 3 
 4 
 1 
 2 
 2 
 1 
 3 
 2 
 3 
 1 
 1 
 4 
 3 
 1 
 2 
 2 
 0 
 1 
 0 
 3 
 1 
 0 
 0 
 1 
 0 
 0 
 0 
 0 
 1 
 1 
 1 
 2 
 0 
 2 
 4 
 1 
 2 
 1 
 2 
 2 
 0 
 1 
 0 
 0 
 2 
 1 
 1 
 1 
 1 
 0 
 0 
 2 
 0 
 0 
 0 
 0 
 0 
 1 
 1 
 1 
 1 
 0 
 0 
 0 
 0 
 0 
 0 
 1 
 0 
 1 
 2 
 0 
 2 
 0 
 0 
 0 
 2 
 0 
 1 
 1 
 1 
 1 
 2 
 1 
 0 
 0 
 1 
 0 
 2 
 0 
 1 
 0 
 0 
 2 
 0 
 0 
 1 
 0 
 1 
 0 
 1 
 2 
 0 
 0 
 1 
 0 
 2 
 1 
 1 
 0 
 0 
 1 
 0 
 2 
 0 
 3 
 1 
 1 
 0 
 1 
 1 
 0 
 0 
 0 
 1 
 1 
 0 
 0 
 0 
 2 
 0 
 1 
 1 
 0 
 0 
 2 
 0 
 3 
 0 
 1 
 0 
 1 
 0 
 0 
 1 
 0 
 0 
 2 
 0 
 0 
 1 
 1 
 3 
 2 
 2 
 0 
 0 
 0 
 0 
 0 
 1 
 0 
 0 
 1 
 1 
 0 
 0 
 1 
 1 
 0 
 0 
 2 
 1 
 2 
 0 
 1 
 1 
 0 
 1 
 0 
 0 
 1 
 1 
 0 
 1 
 1 
 2 
 0 
 0 
 0 
 0 
 1 
 0 
 1 
 1 
 2 
 0 
 0 
 1 
 0 
 0 
 0 
 0 
 1 
 0 
 0 
 0 
 1 
 1 
 0 
 1 
 1 
 0 
 0 
 2 
 0 
 1 
 1 
 1 
 0 
 1 
 1 
 1 
 3 
 1 
 1 
 0 
 0 
 0 
 0 
 1 
 0 
 1 
 0 
 0 
 1 
 0 
 0 
 1 
 0 
 0 
 0 
 2 
 1 
 0 
 0 
 0 
 0 
 0 
 0 
 0 
 0 
 0 
 0 
 0 
 0 
 0 
 0 
 1 
 1 
 0 
 0 
 0 
 1 
 0 
 1 
 0 
 1 
 0 
 1 
 0 
 1 
 0 
 0 
 0 
 0 
 0 
 0 
 0 
 0 
 1 
 0 
 0 
 0 
 0 
 0 
 0 
 0 
 0 
 0 
 0 
 1 
 1 
 1 
 1 
 0 
 0 
 0 
 0 
 0 
 0 
 0 
 1 
 0 
 0 
 0 
 0 
 0 
 0 
 0 
 0 
 0 
 0 
 1 
 0 
 0 
 1 
 0 
 0 
 0 
 0 
 0 
 0 
 0 
 0 
 0 
 0 
 0 
 0 
 0 
 0 
 1 
 0 
 0 
 0 
 0 
 0 
 0 
 0 
 0 
 0 
 0 
 0 
 0 
 0 
 0 
 0 
 0 
 0 
 0 
 0 
 0 
 0 
 0 
 0 
 0 
 0 
 0 
 0 
 0 
 0 
 2 
 1 
 0 
 0 
 1 
 0 
 0 
 0 
 0 
 0 
 0 
 0 
 0 
 0 
 0 
 0 
 0 
 0 
 0 
 1 
 0 
 0 
 0 
 0 
 0 
 0 
 0 
 0 
 0 
 0 
 0 
 0 
 0 
 1 
 1 
 0 
 1 
 0 
 0 
 1 
 0 
 0 
 0 
 0 
 0 
 0 
 0 
 1 
 0 
 1 
 0 
 0 
 0 
 0 
 1 
 0 
 0 
 0 
 0 
 0 
 0 
 0 
 0 
 0 
 0 
 0 
 1 
 0 
 0 
 1 
 0 
 1 
 0 
 0 
 0 
 0 
 0 
 1 
 0 
 0 
 0 
 1 
 1 
 1 
 0 
 0 
 0 
 0 
 0 
 1 
 3 
 1 
 0 
 0 
 0 
 2 
 1 
 3 
 0 
 0 
 1 
 0 
 2 
 3 
 0 
 2 
 0 
 1 
 0 
 1 
 1 
 2 
 3 
 1 
 1 
 0 
 0 
 1 
 1 
 2 
 0 
 1 
 3 
 2 
 2 
 3 
 0 
 0 
 0 
 1 
 1 
 2 
 1 
 1 
 0 
 1 
 0 
 2 
 0 
 2 
 1 
 1 
 1 
 0 
 0 
 1 
 0 
 1 
 0 
 1 
 0 
 1 
 0 
 0 
 0 
 0 
 0 
 0 
 1 
 0 
 0 
 0 
 1 
 0 
 1 
 0 
 1 
 1 
 0 
 1 
 1 
 0 
 1 
 0 
 2 
 0 
 0 
 1 
 0 
 0 
 0 
 0 
 0 
 0 
 1 
 1 
 0 
 0 
 0 
 0 
 0 
 0 
 0 
 0 
 1 
 0 
 0 
 1 
 0 
 0 
 0 
 0 
 0 
 0 
 0 
 0 
 0 
 0 
 0 
 0 
 0 
 0 
 0 
 0 
 0 
 0 
 0 
 0 
 0 
 0 
 0 
 0 
 0 
 0 
 0 
 1 
 0 
 0 
 0 
 0 
 0 
 0 
 0 
 0 
 0 
 0 
 0 
 0 
 0 
 0 
 0 
 0 
 0 
 0 
 0 
 1 
 0 
 0 
 0 
 0 
 0 
 0 
 0 
 0 
 0 
 0 
 0 
 0 
 0 
 0 
 0 
 0 
 0 
 0 
 0 
 0 
 0 
 0 
 0 
 0 
 0 
 0 
 0 
 0 
 0 
 0 
 0 
 0 
 0 
 0 
 0 
 0 
 0 
 0 
 0 
 0 
 0 
 0 
 1 
 0 
 0 
 0 
 0 
 0 
 0 
 0 
 0 
 0 
 0 
 0 
 0 
 0 
 0 
 0 
 0 
 0 
 0 
 0 
 0 
 0 
 0 
 0 
 0 
 0 
 0 
 0 
 0 
 0 
 0 
 0 
 0 
 0 
 0 
 0 
 0 
 0 
 0 
 0 
 0 
 0 
 0 
 0 
 0 
 0 
 0 
 0 
 0 
 0 
 0 
 0 
 0 
 0 
 0 
 0 
 0 
 0 
 0 
 0 
 0 
 0 
 0 
 0 
 0 
 0 
 0 
 0 
 0 
 0 
 1 
 0 
 0 
 0 
 0 
 0 
 0 
 0 
 0 
 0 
 0 
 0 
 0 
 0 
 0 
 0 
 0 
 0 
 0 
 0 
 0 
 0 
 0 
 0 
 0 
 0 
 0 
 0 
 0 
 0 
 0 
 0 
 0 
 0 
 0 
 0 
 0 
 0 
 0 
 0 
 0 
 0 
 0 
 0 
 0 
 0 
 0 
 0 
 0 
 0 
 0 
 0 
 0 
 0 
 0 
 0 
 0 
 0 
 0 
 0 
 0 
 0 
 0 
 0 
 0 
 0 
 0 
 0 
 0 
 0 
 0 
 0 
 0 
 0 
 0 
 0 
 0 
 0 
 0 
 0 
 0 
 0 
 0 
 0 
 0 
 0 
 0 
 0 
 0 
 0 
 0 
 0 
 0 
 0 
 0 
 0 
 0 
 0 
 0 
 0 
 0 
 0 
 0 
 0 
 0 
 0 
 0 
 0 
 0 
 1 
 0 
 1 
 0 
 0 
 0 
 0 
 0 
 0 
 0 
 0 
 0 
 0 
 0 
 0 
 0 
 0 
 0 
 0 
 0 
 0 
 0 
 0 
 0 
 0 
 0 
 0 
 0 
 0 
 0 
 0 
 0 
 0 
 0 
 0 
 0 
 0 
 0 
 0 
 0 
 0 
 0 
 0 
 0 
 0 
 0 
 0 
 0 
 0 
 0 
 0 
 0 
 0 
 0 
 0 
 0 
 0 
 0 
 0 
 0 
 0 
 0 
 0 
 0 
 0 
 1 
 0 
 0 
 0 
 0 
 0 
 0 
 0 
 0 
 0 
 0 
 0 
 1 
 0 
 0 
 0 
 0 
 0 
 0 
 0 
 0 
 0 
 0 
 0 
 0 
 0 
 0 
 0 
 0 
 0 
 0 
 0 
 0 
 0 
 0 
 0 
 0 
 0 
 0 
 0 
 0 
 0 
 0 
 0 
 0 
 0 
 0 
 0 
 0 
 0 
 0 
 0 
 0 
 0 
 0 
 0 
 0 
 0 
 0 
 0 
 0 
 0 
 0 
 0 
 0 
 0 
 0 
 0 
 0 
 0 
 0 
 0 
 0 
 0 
 0 
 0 
 0 
 0 
 0 
 0 
 0 
 0 
 0 
 0 
 0 
 0 
 0 
 0 
 0 
 0 
 0 
 0 
 0 
 0 
 0 
 0 
 0 
 0 
 0 
 0 
 0 
 0 
 0 
 0 
 0 
 0 
 0 
 0 
 0 
 0 
 0 
 0 
 0 
 0 
 0 
 0 
 0 
 0 
 0 
 0 
 0 
 0 
 0 
 0 
 0 
 0 
 0 
 0 
 0 
 0 
 0 
 0 
 0 
 0 
 0 
 0 
 0 
 0 
 0 
 0 
 0 
 0 
 0 
 0 
 0 
 0 
 0 
 0 
 0 
 0 
 0 
 0 
 0 
 0 
 0 
 0 
 0 
 0 
 0 
 0 
 0 
 0 
 0 
 0 
 0 
 0 
 0 
 0 
 0 
 0 
 0 
 0 
 0 
 0 
 0 
 0 
 0 
 0 
 0 
 0 
 0 
 0 
 0 
 0 
 0 
 0 
 0 
 0 
 0 
 0 
 0 
 0 
 0 
 0 
 0 
 0 
 0 
 0 
 0 
 0 
 0 
 0 
 0 
 0 
 0 
 0 
 0 
 0 
 0 
 0 
 1 
 0 
 0 
 0 
 0 
 0 
 0 
 0 
 0 
 0 
 0 
 0 
 0 
 0 
 0 
 0 
 0 
 0 
 0 
 0 
 0 
 0 
 0 
 0 
 0 
 0 
 0 
 0 
 0 
 0 
 0 
 0 
 0 
 0 
 0 
 0 
 0 
 0 
 0 
 0 
 0 
 0 
 0 
 0 
 0 
 0 
 0 
 0 
 0 
 0 
 0 
 0 
 0 
 0 
 0 
 0 
 0 
 0 
 1 
 0 
 0 
 0 
 0 
 0 
 0 
 0 
 0 
 0 
 0 
 0 
 0 
 0 
 0 
 0 
 0 
 0 
 0 
 0 
 0 
 0 
 0 
 0 
 0 
 0 
 0 
 0 
 0 
 0 
 0 
 0 
 0 
 0 
 0 
 0 
 0 
 0 
 0 
 0 
 0 
 0 
 0 
 0 
 0 
 0 
 0 
 0 
 0 
 0 
 0 
 0 
 0 
 0 
 0 
 0 
 0 
 0 
 0 
 0 
 0 
 0 
 0 
 0 
 0 
 0 
 0 
 0 
 0 
 0 
 0 
 0 
 0 
 0 
 0 
 0 
 0 
 0 
 0 
 0 
 0 
 0 
 0 
 0 
 0 
 0 
 0 
 0 
 0 
 0 
 0 
 0 
 0 
 0 
 0 
 0 
 0 
 0 
 0 
 0 
 0 
 0 
 0 
 0 
 0 
 0 
 0 
 0 
 0 
 0 
 0 
 0 
 0 
 0 
 0 
 0 
 0 
 0 
 0 
 0 
 0 
 0 
 0 
 0 
 1 
 0 
 0 
 0 
 0 
 0 
 0 
 0 
 0 
 0 
 0 
 0 
 0 
 0 
 0 
 1 
 0 
 1 
 0 
 0 
 0 
 0 
 0 
 0 
 0 
 0 
 1 
 0 
 0 
 0 
 0 
 0 
 0 
 0 
 0 
 0 
 0 
 0 
 0 
 0 
 0 
 0 
 0 
 0 
 0 
 0 
 0 
 0 
 0 
 0 
 0 
 0 
 0 
 0 
 0 
 0 
 0 
 0 
 0 
 0 
 0 
 0 
 0 
 0 
 0 
 0 
 1 
 0 
 0 
 0 
 0 
 0 
 0 
 0 
 0 
 0 
 0 
 0 
 0 
 0 
 0 
 0 
 0 
 0 
 0 
 0 
 0 
 0 
 0 
 0 
 0 
 0 
 0 
 0 
 0 
 0 
 0 
 0 
 0 
 0 
 0 
 0 
 1 
 0 
 0 
 0 
 0 
 1 
 0 
 0 
 0 
 0 
 0 
 0 
 0 
 0 
 0 
 0 
 0 
 0 
 0 
 0 
 0 
 1 
 0 
 0 
 0 
 0 
 0 
 0 
 0 
 0 
 0 
 1 
 0 
 0 
 0 
 0 
 0 
 0 
 0 
 0 
 0 
 0 
 0 
 0 
 0 
 0 
 0 
 0 
 0 
 0 
 0 
 0 
 0 
 0 
 0 
 0 
 0 
 0 
 0 
 0 
 0 
 0 
 0 
 0 
 0 
 0 
 0 
 0 
 0 
 0 
 0 
 0 
 0 
 0 
 0 
 0 
 0 
 0 
 0 
 0 
 0 
 0 
 0 
 0 
 0 
 0 
 0 
 0 
 0 
 0 
 0 
 0 
 0 
 0 
 0 
 0 
 0 
 0 
 0 
 0 
 0 
 0 
 0 
 0 
 0 
 0 
 0 
 0 
 0 
 0 
 0 
 0 
 0 
 0 
 0 
 0 
 0 
 0 
 0 
 0 
 0 
 0 
 0 
 0 
 0 
 0 
 0 
 0 
 0 
 0 
 0 
 0 
 0 
 0 
 0 
 0 
 0 
 0 
 0 
 0 
 0 
 0 
 0 
 0 
 0 
 0 
 0 
 0 
 0 
 0 
 0 
 0 
 0 
 0 
 0 
 0 
 0 
 0 
 0 
 0 
 0 
 0 
 0 
 0 
 0 
 0 
 0 
 0 
 0 
 0 
 0 
 0 
 0 
 0 
 0 
 0 
 0 
 0 
 0 
 0 
 0 
 0 
 0 
 0 
 0 
 0 
 0 
 0 
 0 
 0 
 0 
 0 
 0 
 0 
 0 
 0 
 0 
 0 
 0 
 0 
 0 
 0 
 0 
 0 
 0 
 0 
 0 
 0 
 0 
 0 
 0 
 0 
 0 
 0 
 0 
 0 
 0 
 0 
 0 
 0 
 0 
 1 
 0 
 0 
 0 
 0 
 0 
 0 
 0 
 0 
 0 
 0 
 0 
 0 
 0 
 0 
 0 
 0 
 0 
 0 
 0 
 0 
 0 
 0 
 0 
 0 
 0 
 0 
 0 
 0 
 0 
 0 
 0 
 0 
 0 
 0 
 0 
 0 
 0 
 0 
 0 
 0 
 0 
 0 
 0 
 0 
 0 
 0 
 0 
 0 
 0 
 0 
 0 
 0 
 0 
 0 
 0 
 0 
 0 
 0 
 0 
 0 
 0 
 0 
 0 
 0 
 0 
 0 
 0 
 0 
 0 
 0 
 0 
 0 
 0 
 0 
 0 
 0 
 1 
 0 
 0 
 0 
 0 
 0 
 0 
 0 
 0 
 0 
 0 
 0 
 0 
 0 
 0 
 0 
 0 
 0 
 0 
 0 
 0 
 0 
 0 
 0 
 0 
 0 
 0 
 0 
 0 
 0 
 0 
 0 
 0 
 0 
 0 
 0 
 0 
 0 
 0 
 0 
 1 
 0 
 0 
 0 
 0 
 0 
 0 
 0 
 0 
 0 
 0 
 0 
 0 
 0 
 0 
 0 
 0 
 0 
 0 
 0 
 0 
 0 
 0 
 0 
 0 
 0 
 0 
 0 
 0 
 0 
 0 
 0 
 0 
 0 
 0 
 0 
 0 
 0 
 0 
 0 
 0 
 0 
 0 
 0 
 0 
 0 
 0 
 0 
 0 
 0 
 0 
 0 
 0 
 0 
 0 
 0 
 0 
 0 
 0 
 0 
 0 
 0 
 0 
 0 
 0 
 0 
 0 
 0 
 0 
 0 
 0 
 0 
 0 
 0 
 0 
 0 
 0 
 0 
 0 
 0 
 0 
 0 
 0 
 0 
 0 
 0 
 0 
 0 
 0 
 0 
 0 
 0 
 0 
 0 
 0 
 0 
 0 
 0 
 0 
 0 
 0 
 0 
 0 
 0 
 0 
 0 
 0 
 0 
 0 
 0 
 0 
 0 
 0 
 0 
 0 
 0 
 0 
 0 
 0 
 0 
 0 
 0 
 0 
 0 
 0 
 0 
 0 
 0 
 0 
 0 
 0 
 0 
 0 
 0 
 0 
 0 
 0 
 0 
 0 
 0 
 0 
 0 
 0 
 0 
 0 
 0 
 0 
 0 
 0 
 0 
 0 
 0 
 0 
 0 
 0 
 0 
 0 
 0 
 0 
 0 
 0 
 0 
 0 
 0 
 0 
 0 
 0 
 0 
 0 
 0 
 0 
 0 
 0 
 0 
 0 
 0 
 0 
 0 
 0 
 0 
 0 
 0 
 0 
 0 
 0 
 0 
 0 
 0 
 0 
 0 
 0 
 0 
 0 
 0 
 0 
 0 
 0 
 0 
 0 
 0 
 0 
 0 
 0 
 0 
 0 
 0 
 0 
 0 
 0 
 0 
 0 
 0 
 0 
 0 
 0 
 0 
 0 
 0 
 0 
 0 
 0 
 0 
 0 
 0 
 0 
 0 
 0 
 0 
 0 
 0 
 0 
 0 
 0 
 0 
 0 
 0 
 0 
 0 
 0 
 0 
 0 
 0 
 0 
 0 
 0 
 0 
 0 
 0 
 0 
 0 
 0 
 0 
 0 
 0 
 0 
 0 
 0 
 0 
 0 
 0 
 0 
 0 
 0 
 0 
 0 
 0 
 0 
 0 
 0 
 0 
 0 
 0 
 0 
 0 
 0 
 0 
 0 
 0 
 0 
 0 
 0 
 0 
 0 
 0 
 0 
 0 
 0 
 0 
 0 
 0 
 0 
 0 
 0 
 0 
 0 
 0 
 0 
 0 
 0 
 0 
 0 
 0 
 0 
 0 
 0 
 0 
 0 
 0 
 0 
 0 
 0 
 0 
 0 
 0 
 0 
 0 
 0 
 0 
 0 
 0 
 0 
 0 
 0 
 0 
 0 
 0 
 0 
 0 
 0 
 0 
 0 
 0 
 0 
 0 
 0 
 0 
 0 
 0 
 0 
 0 
 0 
 0 
 0 
 0 
 0 
 0 
 0 
 0 
 0 
 0 
 0 
 0 
 0 
 0 
 0 
 0 
 0 
 0 
 0 
 0 
 0 
 0 
 0 
 0 
 0 
 0 
 0 
 0 
 0 
 0 
 0 
 0 
 0 
 0 
 0 
 0 
 0 
 0 
 0 
 0 
 0 
 0 
 0 
 0 
 0 
 0 
 0 
 0 
 0 
 0 
 0 
 0 
 0 
 0 
 0 
 0 
 0 
 0 
 0 
 0 
 0 
 0 
 0 
 0 
 0 
 0 
 0 
 0 
 0 
 0 
 0 
 0 
 0 
 0 
 0 
 0 
 0 
 0 
 0 
 0 
 0 
 0 
 0 
 0 
 0 
 0 
 0 
 0 
 0 
 1 
 0 
 0 
 0 
 0 
 0 
 0 
 0 
 0 
 0 
 0 
 0 
 0 
 0 
 0 
 0 
 0 
 0 
 0 
 0 
 0 
 0 
 0 
 0 
 0 
 0 
 0 
 0 
 0 
 0 
 0 
 0 
 0 
 0 
 0 
 0 
 0 
 0 
 0 
 0 
 0 
 0 
 0 
 0 
 0 
 0 
 0 
 0 
 0 
 0 
 0 
 0 
 0 
 0 
 0 
 0 
 0 
 0 
 0 
 0 
 0 
 0 
 0 
 0 
 0 
 0 
 0 
 0 
 0 
 0 
 0 
 0 
 0 
 0 
 0 
 0 
 0 
 0 
 0 
 0 
 0 
 0 
 0 
 0 
 0 
 0 
 0 
 0 
 0 
 0 
 0 
 0 
 0 
 0 
 0 
 0 
 0 
 0 
 0 
 0 
 0 
 0 
 0 
 0 
 0 
 0 
 0 
 0 
 0 
 0 
 0 
 0 
 0 
 0 
 0 
 0 
 0 
 0 
 0 
 0 
 0 
 0 
 0 
 0 
 0 
 0 
 0 
 0 
 0 
 0 
 0 
 0 
 0 
 0 
 0 
 0 
 0 
 0 
 0 
 0 
 0 
 0 
 0 
 0 
 0 
 0 
 0 
 0 
 0 
 0 
 0 
 0 
 0 
 0 
 0 
 0 
 0 
 0 
 0 
 0 
 0 
 0 
 0 
 0 
 0 
 0 
 0 
 0 
 0 
 0 
 0 
 0 
 0 
 0 
 0 
 0 
 0 
 0 
 0 
 0 
 0 
 0 
 0 
 0 
 0 
 0 
 0 
 0 
 0 
 0 
 0 
 0 
 0 
 0 
 0 
 0 
 0 
 0 
 0 
 0 
 0 
 0 
 0 
 0 
 0 
 0 
 0 
 0 
 0 
 0 
 0 
 0 
 0 
 0 
 0 
 0 
 0 
 0 
 0 
 0 
 0 
 0 
 0 
 0 
 0 
 0 
 0 
 0 
 0 
 0 
 0 
 0 
 0 
 0 
 0 
 0 
 0 
 0 
 0 
 0 
 0 
 0 
 0 
 0 
 0 
 0 
 0 
 0 
 0 
 0 
 0 
 0 
 0 
 0 
 0 
 0 
 0 
 0 
 0 
 0 
 0 
 0 
 0 
 0 
 0 
 0 
 0 
 0 
 0 
 0 
 0 
 0 
 0 
 0 
 0 
 0 
 0 
 0 
 0 
 0 
 0 
 0 
 0 
 0 
 0 
 0 
 0 
 0 
 0 
 0 
 0 
 0 
 0 
 0 
 0 
 0 
 0 
 0 
 0 
 0 
 0 
 0 
 0 
 0 
 0 
 0 
 0 
 0 
 0 
 0 
 0 
 0 
 0 
 0 
 0 
 0 
 0 
 0 
 0 
 0 
 0 
 0 
 0 
 0 
 0 
 0 
 0 
 0 
 0 
 0 
 0 
 0 
 0 
 0 
 0 
 0 
 0 
 0 
 0 
 0 
 0 
 0 
 0 
 0 
 0 
 0 
 0 
 0 
 0 
 0 
 0 
 0 
 0 
 0 
 0 
 0 
 0 
 0 
 0 
 0 
 0 
 0 
 0 
 0 
 0 
 0 
 0 
 0 
 0 
 0 
 0 
 0 
 0 
 0 
 0 
 0 
 0 
 0 
 0 
 0 
 0 
 0 
 0 
 0 
 0 
 0 
 0 
 0 
 0 
 0 
 0 
 0 
 0 
 0 
 0 
 0 
 0 
 0 
 0 
 0 
 0 
 0 
 0 
 0 
 0 
 0 
 0 
 0 
 0 
 0 
 0 
 0 
 0 
 0 
 0 
 0 
