 0 
 0 
 0 
 0 
 0 
 0 
 0 
 0 
 0 
 0 
 0 
 0 
 0 
 0 
 0 
 0 
 0 
 1 
 2 
 0 
 1 
 1 
 0 
 3 
 2 
 4 
 7 
 8 
 13 
 21 
 17 
 26 
 36 
 45 
 41 
 51 
 67 
 79 
 88 
 86 
 114 
 119 
 105 
 92 
 127 
 137 
 128 
 126 
 124 
 122 
 119 
 131 
 148 
 153 
 137 
 147 
 140 
 159 
 153 
 189 
 172 
 137 
 147 
 147 
 138 
 148 
 160 
 153 
 140 
 164 
 136 
 127 
 168 
 160 
 167 
 178 
 192 
 188 
 190 
 180 
 200 
 184 
 188 
 242 
 240 
 252 
 278 
 296 
 339 
 321 
 332 
 408 
 405 
 430 
 390 
 472 
 433 
 450 
 426 
 400 
 371 
 379 
 376 
 342 
 330 
 352 
 326 
 278 
 251 
 271 
 267 
 250 
 239 
 221 
 203 
 180 
 211 
 226 
 178 
 189 
 146 
 176 
 187 
 148 
 180 
 154 
 154 
 179 
 171 
 148 
 155 
 145 
 171 
 177 
 169 
 164 
 165 
 184 
 162 
 171 
 157 
 160 
 163 
 153 
 176 
 167 
 206 
 183 
 160 
 160 
 179 
 163 
 151 
 179 
 168 
 184 
 148 
 166 
 195 
 175 
 171 
 155 
 172 
 194 
 155 
 146 
 162 
 181 
 206 
 196 
 160 
 193 
 174 
 163 
 173 
 168 
 172 
 167 
 184 
 161 
 196 
 185 
 181 
 165 
 182 
 159 
 188 
 171 
 181 
 174 
 174 
 173 
 195 
 175 
 195 
 192 
 190 
 209 
 191 
 194 
 191 
 216 
 181 
 213 
 222 
 198 
 222 
 222 
 223 
 217 
 206 
 240 
 239 
 195 
 211 
 233 
 232 
 215 
 224 
 194 
 219 
 225 
 239 
 225 
 199 
 188 
 233 
 196 
 244 
 205 
 219 
 207 
 232 
 208 
 210 
 179 
 222 
 203 
 215 
 206 
 201 
 199 
 186 
 212 
 181 
 186 
 208 
 205 
 201 
 192 
 215 
 206 
 197 
 180 
 223 
 217 
 209 
 197 
 199 
 213 
 229 
 202 
 195 
 197 
 189 
 183 
 170 
 207 
 193 
 191 
 212 
 192 
 187 
 208 
 173 
 195 
 202 
 210 
 197 
 182 
 192 
 170 
 167 
 196 
 189 
 172 
 182 
 181 
 166 
 207 
 177 
 167 
 159 
 178 
 156 
 176 
 141 
 161 
 170 
 169 
 176 
 168 
 188 
 153 
 151 
 152 
 151 
 186 
 144 
 156 
 157 
 161 
 176 
 155 
 144 
 159 
 172 
 135 
 143 
 162 
 144 
 153 
 149 
 150 
 153 
 132 
 145 
 144 
 166 
 145 
 153 
 154 
 153 
 134 
 173 
 134 
 153 
 137 
 145 
 148 
 129 
 168 
 138 
 146 
 147 
 164 
 133 
 160 
 127 
 125 
 137 
 144 
 131 
 142 
 145 
 135 
 140 
 153 
 172 
 151 
 133 
 146 
 143 
 135 
 140 
 144 
 125 
 137 
 141 
 137 
 130 
 127 
 120 
 122 
 135 
 128 
 118 
 103 
 132 
 117 
 96 
 122 
 98 
 99 
 108 
 85 
 104 
 102 
 84 
 95 
 98 
 96 
 95 
 108 
 67 
 85 
 83 
 85 
 81 
 93 
 82 
 89 
 69 
 108 
 75 
 83 
 82 
 84 
 90 
 83 
 86 
 73 
 78 
 77 
 83 
 79 
 75 
 77 
 66 
 72 
 53 
 70 
 45 
 78 
 59 
 51 
 65 
 69 
 55 
 62 
 64 
 59 
 64 
 72 
 44 
 41 
 67 
 42 
 57 
 65 
 56 
 56 
 43 
 58 
 79 
 73 
 51 
 43 
 63 
 62 
 52 
 52 
 43 
 57 
 63 
 54 
 62 
 44 
 53 
 49 
 57 
 52 
 46 
 59 
 44 
 41 
 43 
 45 
 60 
 40 
 67 
 49 
 55 
 67 
 49 
 64 
 57 
 56 
 47 
 52 
 57 
 47 
 56 
 46 
 47 
 43 
 40 
 58 
 50 
 52 
 45 
 50 
 40 
 70 
 55 
 58 
 57 
 54 
 49 
 63 
 48 
 48 
 47 
 74 
 46 
 47 
 50 
 47 
 45 
 56 
 42 
 38 
 60 
 40 
 44 
 41 
 51 
 59 
 49 
 46 
 44 
 50 
 55 
 54 
 40 
 44 
 62 
 39 
 56 
 49 
 57 
 47 
 46 
 50 
 53 
 85 
 86 
 65 
 71 
 72 
 90 
 98 
 107 
 110 
 110 
 107 
 121 
 111 
 142 
 139 
 156 
 161 
 183 
 199 
 189 
 237 
 254 
 256 
 274 
 292 
 318 
 336 
 309 
 347 
 357 
 397 
 423 
 471 
 463 
 495 
 517 
 498 
 500 
 486 
 530 
 551 
 563 
 590 
 626 
 581 
 687 
 587 
 607 
 654 
 628 
 619 
 626 
 629 
 658 
 664 
 623 
 650 
 589 
 609 
 600 
 592 
 590 
 546 
 545 
 523 
 555 
 451 
 422 
 414 
 442 
 420 
 395 
 361 
 319 
 325 
 325 
 318 
 313 
 247 
 247 
 245 
 188 
 220 
 177 
 189 
 158 
 159 
 134 
 113 
 125 
 106 
 97 
 69 
 92 
 76 
 86 
 63 
 52 
 58 
 42 
 55 
 46 
 30 
 49 
 41 
 31 
 36 
 36 
 28 
 31 
 20 
 21 
 22 
 18 
 17 
 23 
 23 
 27 
 17 
 26 
 22 
 17 
 23 
 14 
 8 
 26 
 29 
 26 
 16 
 16 
 22 
 16 
 32 
 17 
 21 
 14 
 22 
 20 
 21 
 18 
 24 
 26 
 28 
 21 
 16 
 20 
 24 
 22 
 18 
 21 
 18 
 23 
 17 
 20 
 18 
 21 
 13 
 25 
 16 
 18 
 17 
 16 
 21 
 26 
 19 
 14 
 21 
 11 
 16 
 27 
 20 
 18 
 27 
 12 
 14 
 13 
 21 
 21 
 23 
 20 
 14 
 10 
 18 
 14 
 16 
 21 
 17 
 25 
 13 
 20 
 22 
 18 
 18 
 20 
 20 
 18 
 19 
 18 
 24 
 24 
 17 
 21 
 14 
 17 
 21 
 18 
 17 
 20 
 22 
 18 
 28 
 18 
 22 
 17 
 14 
 18 
 21 
 25 
 12 
 22 
 20 
 15 
 18 
 18 
 16 
 16 
 17 
 17 
 17 
 19 
 14 
 13 
 27 
 18 
 16 
 9 
 20 
 24 
 28 
 31 
 13 
 23 
 27 
 13 
 25 
 14 
 17 
 17 
 19 
 28 
 18 
 16 
 19 
 18 
 20 
 15 
 20 
 25 
 23 
 16 
 24 
 20 
 18 
 16 
 22 
 20 
 23 
 27 
 16 
 20 
 23 
 30 
 14 
 18 
 17 
 8 
 20 
 21 
 14 
 14 
 22 
 18 
 22 
 19 
 6 
 23 
 36 
 21 
 19 
 23 
 17 
 21 
 20 
 18 
 23 
 26 
 22 
 17 
 24 
 18 
 20 
 14 
 22 
 20 
 26 
 16 
 13 
 12 
 22 
 22 
 24 
 21 
 14 
 18 
 20 
 18 
 23 
 17 
 21 
 18 
 20 
 13 
 25 
 14 
 15 
 15 
 19 
 20 
 22 
 26 
 17 
 14 
 22 
 16 
 25 
 23 
 20 
 20 
 19 
 25 
 26 
 14 
 22 
 16 
 21 
 22 
 6 
 29 
 21 
 15 
 16 
 26 
 18 
 19 
 33 
 19 
 21 
 17 
 17 
 16 
 28 
 15 
 23 
 17 
 21 
 20 
 12 
 23 
 30 
 13 
 26 
 19 
 20 
 15 
 36 
 20 
 23 
 19 
 23 
 19 
 21 
 20 
 23 
 20 
 20 
 21 
 16 
 19 
 19 
 24 
 20 
 16 
 20 
 16 
 23 
 22 
 24 
 23 
 17 
 29 
 21 
 17 
 25 
 18 
 12 
 17 
 17 
 19 
 21 
 19 
 20 
 26 
 31 
 17 
 36 
 25 
 21 
 21 
 23 
 18 
 9 
 31 
 18 
 18 
 20 
 13 
 27 
 17 
 20 
 20 
 19 
 23 
 21 
 23 
 24 
 18 
 14 
 19 
 27 
 20 
 23 
 18 
 22 
 30 
 25 
 26 
 24 
 25 
 25 
 19 
 20 
 20 
 16 
 21 
 25 
 19 
 25 
 20 
 17 
 19 
 28 
 26 
 24 
 28 
 20 
 20 
 22 
 25 
 13 
 29 
 13 
 24 
 21 
 20 
 18 
 20 
 24 
 29 
 22 
 23 
 15 
 19 
 25 
 35 
 22 
 23 
 15 
 21 
 20 
 17 
 20 
 20 
 24 
 25 
 21 
 24 
 21 
 17 
 13 
 29 
 14 
 24 
 23 
 23 
 23 
 19 
 19 
 20 
 30 
 25 
 19 
 18 
 31 
 26 
 30 
 23 
 21 
 22 
 22 
 26 
 23 
 22 
 17 
 31 
 24 
 24 
 35 
 29 
 24 
 29 
 20 
 26 
 21 
 29 
 21 
 25 
 19 
 17 
 35 
 19 
 22 
 27 
 29 
 19 
 28 
 25 
 29 
 15 
 26 
 22 
 28 
 26 
 25 
 26 
 20 
 20 
 25 
 15 
 25 
 13 
 17 
 31 
 23 
 22 
 24 
 26 
 26 
 16 
 25 
 31 
 37 
 15 
 24 
 17 
 12 
 23 
 21 
 17 
 17 
 20 
 23 
 17 
 26 
 29 
 27 
 19 
 26 
 22 
 20 
 23 
 27 
 26 
 17 
 23 
 14 
 22 
 26 
 23 
 17 
 14 
 21 
 21 
 27 
 30 
 20 
 22 
 29 
 29 
 18 
 25 
 20 
 21 
 22 
 24 
 19 
 27 
 24 
 29 
 25 
 11 
 16 
 17 
 11 
 15 
 14 
 14 
 23 
 14 
 16 
 19 
 17 
 16 
 13 
 15 
 15 
 11 
 13 
 10 
 15 
 13 
 11 
 17 
 11 
 15 
 14 
 11 
 12 
 7 
 12 
 19 
 12 
 6 
 13 
 12 
 8 
 13 
 19 
 6 
 19 
 9 
 15 
 8 
 8 
 7 
 9 
 9 
 6 
 3 
 0 
 13 
 4 
 10 
 14 
 3 
 11 
 14 
 7 
 4 
 7 
 7 
 12 
 7 
 9 
 8 
 5 
 5 
 7 
 7 
 8 
 5 
 7 
 5 
 9 
 4 
 4 
 6 
 8 
 4 
 3 
 6 
 6 
 3 
 7 
 3 
 5 
 2 
 9 
 4 
 2 
 6 
 5 
 4 
 7 
 4 
 4 
 6 
 3 
 4 
 6 
 5 
 4 
 3 
 4 
 6 
 2 
 7 
 3 
 3 
 3 
 6 
 6 
 4 
 7 
 7 
 3 
 5 
 5 
 3 
 5 
 4 
 6 
 3 
 5 
 3 
 2 
 5 
 4 
 5 
 3 
 5 
 3 
 5 
 2 
 1 
 3 
 4 
 0 
 0 
 8 
 4 
 2 
 4 
 1 
 3 
 4 
 3 
 1 
 2 
 4 
 3 
 5 
 3 
 1 
 3 
 4 
 7 
 4 
 5 
 4 
 7 
 6 
 1 
 1 
 3 
 5 
 3 
 2 
 0 
 1 
 0 
 3 
 6 
 2 
 3 
 5 
 9 
 3 
 4 
 5 
 3 
 3 
 8 
 7 
 5 
 7 
 7 
 7 
 5 
 6 
 5 
 6 
 8 
 9 
 8 
 9 
 5 
 7 
 6 
 12 
 15 
 11 
 12 
 7 
 10 
 12 
 13 
 18 
 17 
 14 
 21 
 16 
 16 
 19 
 12 
 16 
 17 
 20 
 19 
 24 
 25 
 27 
 30 
 45 
 35 
 29 
 30 
 41 
 32 
 40 
 42 
 37 
 43 
 35 
 49 
 56 
 64 
 56 
 59 
 50 
 46 
 73 
 53 
 58 
 74 
 57 
 74 
 59 
 64 
 73 
 57 
 67 
 80 
 69 
 80 
 83 
 103 
 77 
 75 
 76 
 82 
 74 
 81 
 77 
 86 
 84 
 87 
 86 
 82 
 78 
 89 
 76 
 87 
 82 
 89 
 97 
 86 
 72 
 104 
 79 
 75 
 82 
 71 
 55 
 81 
 64 
 42 
 62 
 71 
 61 
 62 
 63 
 74 
 59 
 63 
 51 
 53 
 59 
 56 
 46 
 55 
 54 
 52 
 45 
 49 
 51 
 47 
 37 
 33 
 40 
 39 
 53 
 35 
 39 
 28 
 29 
 27 
 31 
 32 
 26 
 21 
 27 
 14 
 28 
 27 
 26 
 11 
 17 
 20 
 9 
 17 
 8 
 11 
 7 
 15 
 9 
 16 
 8 
 11 
 12 
 11 
 6 
 13 
 10 
 7 
 6 
 11 
 7 
 8 
 6 
 5 
 5 
 4 
 7 
 3 
 4 
 4 
 3 
 1 
 1 
 5 
 5 
 4 
 3 
 2 
 4 
 2 
 0 
 0 
 3 
 4 
 1 
 1 
 1 
 3 
 1 
 0 
 2 
 1 
 0 
 0 
 0 
 2 
 0 
 0 
 0 
 3 
 1 
 2 
 1 
 0 
 0 
 0 
 1 
 0 
 1 
 0 
 0 
 1 
 1 
 1 
 1 
 1 
 1 
 3 
 1 
 4 
 1 
 1 
 2 
 0 
 0 
 0 
 1 
 3 
 0 
 0 
 0 
 0 
 2 
 0 
 1 
 0 
 1 
 0 
 1 
 1 
 1 
 0 
 1 
 0 
 1 
 0 
 1 
 2 
 1 
 0 
 0 
 2 
 0 
 1 
 0 
 3 
 0 
 0 
 0 
 0 
 1 
 0 
 0 
 1 
 1 
 0 
 1 
 0 
 2 
 0 
 1 
 0 
 0 
 1 
 2 
 1 
 1 
 2 
 0 
 1 
 1 
 1 
 1 
 0 
 1 
 0 
 0 
 1 
 0 
 1 
 1 
 0 
 0 
 0 
 1 
 1 
 0 
 0 
 1 
 0 
 0 
 1 
 2 
 0 
 0 
 0 
 2 
 2 
 2 
 0 
 1 
 1 
 0 
 1 
 0 
 0 
 2 
 1 
 0 
 1 
 0 
 0 
 2 
 0 
 0 
 1 
 1 
 0 
 2 
 0 
 0 
 1 
 0 
 0 
 1 
 0 
 0 
 1 
 0 
 0 
 2 
 0 
 2 
 0 
 0 
 2 
 0 
 2 
 0 
 1 
 2 
 0 
 0 
 0 
 1 
 1 
 1 
 1 
 0 
 0 
 0 
 0 
 0 
 0 
 2 
 0 
 0 
 0 
 0 
 2 
 0 
 1 
 0 
 3 
 0 
 1 
 0 
 1 
 0 
 0 
 0 
 0 
 1 
 0 
 0 
 0 
 0 
 0 
 0 
 0 
 1 
 1 
 0 
 0 
 0 
 1 
 0 
 0 
 0 
 0 
 1 
 0 
 0 
 1 
 1 
 0 
 0 
 0 
 0 
 0 
 0 
 1 
 0 
 0 
 0 
 0 
 1 
 0 
 0 
 2 
 0 
 0 
 0 
 1 
 0 
 0 
 1 
 0 
 0 
 1 
 0 
 0 
 1 
 0 
 0 
 0 
 0 
 1 
 0 
 0 
 0 
 0 
 1 
 1 
 0 
 0 
 0 
 0 
 0 
 0 
 0 
 1 
 0 
 0 
 0 
 1 
 0 
 0 
 0 
 1 
 1 
 2 
 0 
 0 
 0 
 0 
 1 
 0 
 0 
 1 
 0 
 0 
 0 
 0 
 2 
 0 
 0 
 0 
 0 
 0 
 0 
 0 
 0 
 0 
 0 
 1 
 0 
 0 
 1 
 1 
 1 
 0 
 1 
 1 
 0 
 0 
 0 
 1 
 0 
 1 
 0 
 0 
 0 
 0 
 1 
 0 
 0 
 0 
 0 
 0 
 1 
 0 
 0 
 0 
 1 
 0 
 0 
 0 
 0 
 0 
 0 
 0 
 0 
 0 
 0 
 0 
 0 
 0 
 0 
 0 
 0 
 0 
 0 
 0 
 0 
 0 
 0 
 0 
 0 
 0 
 0 
 1 
 0 
 0 
 0 
 0 
 0 
 1 
 0 
 0 
 0 
 0 
 0 
 0 
 0 
 1 
 0 
 0 
 0 
 0 
 0 
 0 
 0 
 0 
 0 
 0 
 0 
 0 
 0 
 0 
 0 
 0 
 0 
 0 
 1 
 0 
 0 
 0 
 0 
 0 
 1 
 0 
 0 
 0 
 0 
 0 
 1 
 0 
 0 
 0 
 0 
 0 
 0 
 0 
 0 
 0 
 0 
 0 
 0 
 0 
 0 
 0 
 0 
 0 
 0 
 0 
 0 
 0 
 0 
 0 
 0 
 0 
 0 
 0 
 0 
 1 
 0 
 1 
 0 
 2 
 0 
 1 
 1 
 2 
 0 
 0 
 0 
 0 
 0 
 0 
 0 
 1 
 1 
 0 
 1 
 2 
 1 
 1 
 0 
 2 
 2 
 1 
 1 
 1 
 0 
 0 
 1 
 0 
 1 
 0 
 1 
 1 
 0 
 0 
 0 
 1 
 0 
 0 
 1 
 1 
 0 
 0 
 1 
 1 
 1 
 0 
 0 
 1 
 0 
 1 
 0 
 0 
 0 
 2 
 0 
 1 
 0 
 1 
 1 
 0 
 0 
 0 
 1 
 0 
 0 
 0 
 0 
 0 
 0 
 0 
 1 
 0 
 0 
 2 
 2 
 0 
 0 
 1 
 1 
 0 
 0 
 2 
 1 
 1 
 0 
 0 
 0 
 0 
 0 
 0 
 0 
 1 
 0 
 1 
 0 
 0 
 0 
 0 
 0 
 1 
 0 
 0 
 0 
 1 
 2 
 0 
 1 
 0 
 1 
 0 
 0 
 0 
 0 
 0 
 0 
 1 
 0 
 0 
 0 
 0 
 0 
 0 
 0 
 1 
 1 
 0 
 0 
 1 
 0 
 0 
 0 
 0 
 0 
 0 
 0 
 0 
 0 
 0 
 0 
 0 
 0 
 0 
 0 
 0 
 0 
 0 
 0 
 0 
 0 
 0 
 0 
 0 
 0 
 1 
 0 
 0 
 0 
 0 
 0 
 0 
 0 
 0 
 0 
 0 
 0 
 0 
 0 
 0 
 0 
 0 
 0 
 0 
 0 
 0 
 0 
 0 
 0 
 0 
 0 
 0 
 0 
 0 
 0 
 0 
 0 
 0 
 0 
 0 
 0 
 0 
 0 
 0 
 0 
 0 
 0 
 0 
 0 
 0 
 0 
 0 
 0 
 0 
 0 
 0 
 0 
 0 
 0 
 0 
 0 
 0 
 0 
 0 
 0 
 0 
 0 
 0 
 0 
 0 
 0 
 0 
 0 
 0 
 0 
 0 
 0 
 0 
 0 
 0 
 0 
 0 
 0 
 0 
 0 
 0 
 0 
 0 
 0 
 0 
 0 
 0 
 0 
 0 
 0 
 0 
 0 
 0 
 0 
 0 
 0 
 0 
 0 
 0 
 0 
 0 
 0 
 0 
 0 
 0 
 0 
 0 
 0 
 0 
 0 
 0 
 0 
 0 
 0 
 0 
 0 
 0 
 0 
 0 
 0 
 0 
 0 
 0 
 0 
 0 
 0 
 0 
 0 
 0 
 0 
 0 
 0 
 0 
 0 
 0 
 0 
 0 
 0 
 0 
 0 
 0 
 0 
 0 
 0 
 0 
 0 
 0 
 0 
 0 
 0 
 0 
 0 
 0 
 0 
 0 
 0 
 0 
 0 
 0 
 0 
 0 
 0 
 0 
 0 
 0 
 0 
 0 
 0 
 0 
 0 
 0 
 0 
 0 
 0 
 0 
 0 
 0 
 0 
 0 
 0 
 0 
 0 
 0 
 0 
 0 
 0 
 0 
 0 
 0 
 0 
 1 
 0 
 0 
 0 
 0 
 0 
 0 
 0 
 0 
 0 
 0 
 0 
 0 
 0 
 0 
 0 
 0 
 0 
 0 
 0 
 0 
 0 
 0 
 0 
 0 
 0 
 0 
 0 
 0 
 0 
 0 
 0 
 0 
 0 
 0 
 0 
 0 
 0 
 0 
 0 
 0 
 0 
 0 
 0 
 0 
 0 
 0 
 0 
 0 
 0 
 0 
 0 
 0 
 0 
 0 
 0 
 0 
 0 
 0 
 0 
 0 
 0 
 0 
 0 
 0 
 0 
 0 
 0 
 0 
 0 
 0 
 0 
 0 
 0 
 0 
 0 
 0 
 0 
 0 
 0 
 1 
 1 
 0 
 0 
 0 
 0 
 0 
 0 
 0 
 1 
 0 
 0 
 0 
 0 
 0 
 0 
 0 
 0 
 0 
 0 
 0 
 0 
 0 
 0 
 0 
 0 
 0 
 0 
 0 
 0 
 0 
 0 
 0 
 0 
 0 
 0 
 0 
 0 
 0 
 0 
 0 
 0 
 0 
 0 
 0 
 0 
 0 
 0 
 0 
 0 
 0 
 0 
 0 
 0 
 0 
 0 
 0 
 0 
 0 
 0 
 0 
 0 
 0 
 0 
 0 
 0 
 0 
 0 
 0 
 0 
 0 
 0 
 0 
 0 
 0 
 0 
 0 
 0 
 0 
 0 
 0 
 0 
 0 
 0 
 1 
 0 
 0 
 0 
 0 
 0 
 0 
 0 
 0 
 0 
 0 
 1 
 0 
 0 
 0 
 0 
 0 
 0 
 0 
 0 
 0 
 0 
 0 
 0 
 0 
 0 
 0 
 0 
 0 
 0 
 0 
 0 
 1 
 0 
 0 
 1 
 0 
 0 
 0 
 0 
 0 
 0 
 0 
 0 
 0 
 0 
 0 
 0 
 0 
 0 
 0 
 1 
 0 
 0 
 0 
 0 
 0 
 0 
 0 
 0 
 0 
 0 
 0 
 0 
 0 
 0 
 0 
 0 
 0 
 0 
 0 
 0 
 0 
 0 
 0 
 0 
 0 
 0 
 0 
 0 
 0 
 0 
 0 
 0 
 0 
 0 
 0 
 0 
 0 
 0 
 0 
 0 
 0 
 0 
 0 
 0 
 0 
 0 
 0 
 0 
 0 
 0 
 0 
 0 
 0 
 0 
 0 
 0 
 0 
 0 
 0 
 0 
 0 
 0 
 0 
 0 
 0 
 0 
 0 
 0 
 0 
 0 
 0 
 0 
 0 
 0 
 0 
 0 
 0 
 0 
 0 
 0 
 0 
 0 
 0 
 0 
 0 
 0 
 0 
 0 
 0 
 0 
 0 
 0 
 0 
 0 
 0 
 0 
 0 
 0 
 0 
 0 
 0 
 0 
 0 
 0 
 0 
 0 
 0 
 0 
 0 
 0 
 0 
 0 
 0 
 0 
 0 
 0 
 0 
 0 
 0 
 0 
 0 
 0 
 0 
 0 
 0 
 0 
 0 
 0 
 0 
 0 
 0 
 0 
 0 
 0 
 0 
 0 
 0 
 0 
 0 
 0 
 0 
 0 
 0 
 0 
 0 
 0 
 0 
 0 
 0 
 0 
 0 
 0 
 0 
 0 
 0 
 0 
 0 
 0 
 0 
 0 
 0 
 0 
 0 
 0 
 0 
 0 
 0 
 0 
 0 
 0 
 0 
 0 
 0 
 0 
 0 
 0 
 0 
 0 
 0 
 0 
 0 
 0 
 0 
 0 
 0 
 0 
 0 
 0 
 0 
 0 
 0 
 0 
 0 
 0 
 0 
 0 
 0 
 0 
 0 
 0 
 0 
 0 
 0 
 0 
 0 
 0 
 0 
 0 
 0 
 0 
 0 
 0 
 0 
 0 
 0 
 0 
 0 
 0 
 0 
 0 
 0 
 0 
 0 
 0 
 0 
 0 
 0 
 0 
 0 
 0 
 0 
 0 
 0 
 0 
 0 
 0 
 0 
 0 
 0 
 0 
 0 
 0 
 0 
 0 
 0 
 0 
 0 
 0 
 1 
 0 
 0 
 0 
 0 
 0 
 0 
 0 
 0 
 0 
 0 
 0 
 0 
 0 
 0 
 0 
 0 
 0 
 0 
 0 
 0 
 0 
 0 
 0 
 0 
 0 
 0 
 0 
 0 
 0 
 0 
 0 
 0 
 0 
 0 
 0 
 0 
 0 
 0 
 0 
 0 
 0 
 0 
 0 
 0 
 0 
 0 
 0 
 0 
 0 
 0 
 0 
 0 
 0 
 0 
 0 
 0 
 0 
 0 
 0 
 0 
 0 
 0 
 0 
 0 
 0 
 0 
 0 
 0 
 0 
 0 
 0 
 0 
 0 
 0 
 0 
 0 
 0 
 0 
 0 
 0 
 0 
 0 
 0 
 0 
 0 
 0 
 0 
 0 
 0 
 0 
 0 
 0 
 0 
 0 
 0 
 0 
 0 
 0 
 0 
 0 
 0 
 0 
 0 
 0 
 0 
 0 
 0 
 0 
 0 
 0 
 0 
 0 
 0 
 0 
 0 
 0 
 0 
 0 
 0 
 0 
 0 
 0 
 0 
 0 
 0 
 0 
 0 
 0 
 0 
 0 
 0 
 0 
 0 
 0 
 0 
 0 
 0 
 0 
 0 
 0 
 0 
 1 
 0 
 0 
 0 
 0 
 0 
 0 
 0 
 0 
 0 
 0 
 0 
 0 
 0 
 0 
 0 
 0 
 0 
 0 
 0 
 0 
 0 
 0 
 0 
 0 
 0 
 0 
 0 
 0 
 0 
 0 
 0 
 0 
 0 
 0 
 0 
 0 
 0 
 0 
 0 
 0 
 0 
 0 
 0 
 0 
 0 
 0 
 0 
 0 
 0 
 0 
 0 
 0 
 0 
 0 
 0 
 0 
 0 
 0 
 0 
 0 
 0 
 0 
 0 
 0 
 0 
 0 
 0 
 0 
 0 
 0 
 0 
 0 
 0 
 0 
 0 
 0 
 0 
 0 
 0 
 0 
 0 
 0 
 0 
 0 
 0 
 0 
 0 
 0 
 0 
 0 
 0 
 0 
 0 
 0 
 0 
 0 
 0 
 0 
 0 
 0 
 0 
 0 
 0 
 0 
 0 
 0 
 0 
 0 
 0 
 0 
 0 
 0 
 0 
 0 
 0 
 0 
 0 
 0 
 0 
 0 
 0 
 0 
 0 
 0 
 0 
 0 
 0 
 0 
 0 
 0 
 0 
 0 
 0 
 0 
 0 
 0 
 0 
 0 
 0 
 0 
 0 
 0 
 0 
 0 
 0 
 0 
 0 
 0 
 0 
 0 
 0 
 0 
 0 
 0 
 0 
 0 
 0 
 0 
 0 
 0 
 0 
 0 
 0 
 0 
 0 
 0 
 0 
 0 
 0 
 0 
 0 
 0 
 0 
 0 
 0 
 0 
 0 
 0 
 0 
 0 
 0 
 0 
 0 
 0 
 0 
 0 
 0 
 0 
 0 
 0 
 0 
 0 
 0 
 0 
 0 
 0 
 0 
 0 
 0 
 0 
 0 
 0 
 0 
 0 
 0 
 0 
 0 
 0 
 0 
 0 
 0 
 0 
 0 
 0 
 0 
 0 
 0 
 0 
 0 
 0 
 0 
 0 
 0 
 0 
 0 
 0 
 0 
 0 
 0 
 0 
 0 
 0 
 0 
 0 
 0 
 0 
 0 
 0 
 0 
 0 
 0 
 0 
 0 
 0 
 0 
 0 
 0 
 0 
 0 
 0 
 0 
 0 
 0 
 0 
 0 
 0 
 0 
 0 
 0 
 0 
 0 
 0 
 0 
 0 
 0 
 0 
 0 
 0 
 0 
 0 
 0 
 0 
 0 
 0 
 0 
 0 
 0 
 0 
 0 
 0 
 0 
 0 
 0 
 0 
 0 
 0 
 0 
 0 
 0 
 0 
 0 
 0 
 0 
 0 
 0 
 0 
 0 
 0 
 0 
 0 
 0 
 0 
 0 
 0 
 0 
 0 
 0 
 0 
 0 
 0 
 0 
 0 
 0 
 0 
 0 
 0 
 0 
 0 
 0 
 0 
 0 
 0 
 0 
 0 
 0 
 0 
 0 
 0 
 0 
 0 
 0 
 0 
 0 
 0 
 0 
 0 
 0 
 0 
 0 
 0 
 0 
 0 
 0 
 0 
 0 
 0 
 0 
 0 
 0 
 0 
 0 
 0 
 0 
 0 
 0 
 0 
 0 
 1 
 0 
 0 
 0 
 0 
 0 
 0 
 0 
 0 
 0 
 0 
 0 
 0 
 0 
 0 
 0 
 0 
 0 
 0 
 0 
 0 
 0 
 0 
 0 
 0 
 0 
 0 
 0 
 0 
 0 
 0 
 0 
 0 
 0 
 0 
 0 
 0 
 0 
 0 
 0 
 0 
 0 
 0 
 0 
 0 
 0 
 0 
 0 
 0 
 0 
 0 
 0 
 0 
 0 
 0 
 0 
 0 
 0 
 0 
 0 
 0 
 0 
 0 
 0 
 0 
 0 
 0 
 0 
 1 
 0 
 0 
 0 
 0 
 0 
 0 
 0 
 0 
 0 
 0 
 0 
 0 
 0 
 0 
 0 
 0 
 0 
 0 
 0 
 0 
 0 
 0 
 0 
 0 
 0 
 0 
 0 
 0 
 0 
 0 
 0 
 0 
 0 
 0 
 0 
 0 
 0 
 0 
 0 
 0 
 0 
 0 
 0 
 0 
 0 
 0 
 0 
 0 
 0 
 0 
 0 
 0 
 0 
 0 
 0 
 0 
 0 
 0 
 0 
 0 
 0 
 0 
 0 
 0 
 0 
 0 
 0 
 0 
 0 
 0 
 0 
 0 
 0 
 0 
 0 
 0 
 0 
 0 
 0 
 0 
 0 
 0 
 0 
 0 
 0 
 0 
 0 
 0 
 0 
 0 
 0 
 0 
 0 
 0 
 0 
 0 
 0 
 0 
 0 
 0 
 0 
 0 
 0 
 0 
 0 
 0 
 0 
 0 
 0 
 0 
 0 
 0 
 0 
 0 
 0 
 0 
 0 
 0 
 0 
 0 
 0 
 0 
 0 
 0 
 0 
 0 
 0 
 0 
 0 
 0 
 0 
 0 
 0 
 0 
 0 
 0 
 0 
 0 
 0 
 0 
 0 
 0 
 0 
 0 
 0 
 0 
 0 
 0 
 0 
 0 
 0 
 0 
 0 
 0 
 0 
 0 
 0 
 0 
 0 
 0 
 0 
 0 
 0 
 0 
 0 
 0 
 0 
 0 
 0 
 0 
 0 
 0 
 0 
 0 
 0 
 0 
 0 
 0 
 0 
 0 
 0 
 0 
 0 
 0 
 0 
 0 
 0 
 0 
 0 
 0 
 0 
 0 
 0 
 0 
 0 
 0 
 0 
 0 
 0 
 0 
 0 
 0 
 0 
 0 
 0 
 0 
 0 
 0 
 0 
 0 
 0 
 0 
 0 
 0 
 0 
 0 
 0 
 0 
 0 
 0 
 0 
 0 
 0 
 0 
 0 
 0 
 0 
 0 
 0 
 0 
 0 
 0 
 0 
 0 
 0 
 0 
 0 
 0 
 0 
 0 
 0 
 0 
 0 
 0 
 0 
 0 
 0 
 1 
 0 
 0 
 0 
 0 
 0 
 0 
 0 
 0 
 0 
 0 
 0 
 0 
 0 
 0 
 0 
 0 
 0 
 0 
 0 
 0 
 0 
 0 
 0 
 0 
 0 
 0 
 0 
 0 
 0 
 0 
 0 
 0 
 0 
 0 
 0 
 0 
 0 
 0 
 0 
 0 
 0 
 0 
 0 
 0 
 0 
 0 
 0 
 0 
 0 
 0 
 0 
 0 
 0 
 0 
 0 
 0 
 0 
 0 
 0 
 0 
 0 
 0 
 0 
 0 
 0 
 0 
 0 
 0 
 0 
 0 
 0 
 0 
 0 
 0 
 0 
 0 
 0 
 0 
 0 
 0 
 0 
 0 
 0 
 0 
 0 
 0 
 0 
 0 
 0 
 0 
 0 
 0 
 0 
 0 
 0 
 0 
 0 
 0 
 0 
 0 
 0 
 0 
 0 
 0 
 0 
 0 
 0 
 0 
 0 
 0 
 0 
 0 
 0 
 0 
 0 
 0 
 0 
 0 
 0 
 0 
 0 
 0 
 0 
 0 
 0 
 0 
 0 
 0 
 0 
 0 
 0 
 0 
 0 
 0 
 0 
 0 
 0 
 0 
 0 
 1 
 0 
 0 
 0 
 0 
 0 
 0 
 0 
 0 
 0 
 0 
 0 
 0 
 0 
 0 
 0 
 0 
 0 
 0 
 1 
 0 
 0 
 0 
 0 
 0 
 0 
 0 
 0 
 0 
 0 
 0 
 0 
 0 
 0 
 0 
 0 
 0 
 0 
 0 
 0 
 0 
 0 
 0 
 0 
 0 
 0 
 0 
 0 
 0 
 0 
 0 
 0 
 0 
 0 
 0 
 0 
 0 
 0 
 0 
 0 
 0 
 0 
 0 
 0 
 0 
 0 
 0 
 0 
 0 
 0 
 0 
 0 
 0 
 0 
 0 
 0 
 0 
 0 
 0 
 0 
 0 
 0 
 0 
 0 
 0 
 0 
 0 
 0 
 0 
 0 
 0 
 0 
 0 
 0 
 0 
 0 
 0 
 0 
 0 
 0 
 0 
 0 
 0 
 0 
 0 
 0 
 0 
 0 
 0 
 0 
 0 
 0 
 0 
 0 
 0 
 0 
 0 
 0 
 0 
 0 
 0 
 0 
 0 
 0 
 0 
 0 
 0 
 0 
 0 
 0 
 0 
 0 
 0 
 0 
 0 
 0 
 0 
 0 
 0 
 0 
 0 
 0 
 0 
 0 
 0 
 0 
 0 
 0 
 0 
 0 
 0 
 0 
 0 
 0 
 0 
 0 
 0 
 0 
 0 
 0 
 0 
 0 
 0 
 0 
 0 
 0 
 0 
 0 
 0 
 0 
 0 
 0 
 0 
 0 
 0 
 0 
 0 
 0 
 0 
 0 
 0 
 0 
 0 
 0 
 0 
 0 
 0 
 0 
 0 
 0 
 0 
 0 
 0 
 0 
 0 
 0 
 0 
 0 
 0 
 0 
 0 
 0 
 0 
 0 
 0 
 0 
 0 
 0 
 0 
 0 
 0 
 0 
 0 
 0 
 0 
 0 
 0 
 0 
 0 
 0 
 0 
 0 
 0 
 0 
 0 
 0 
 0 
 0 
 0 
 0 
 0 
 0 
 0 
 0 
 0 
 0 
 0 
 0 
 0 
 0 
 0 
 0 
 0 
 0 
 0 
 0 
 0 
 0 
 0 
 0 
 0 
 0 
 0 
 0 
 0 
 0 
 0 
 0 
 0 
 0 
 0 
 0 
 0 
 0 
 0 
 0 
 0 
 0 
 0 
 0 
 0 
 0 
 0 
 0 
 0 
 0 
 0 
 0 
 0 
 0 
 0 
 0 
 0 
 0 
 0 
 0 
 0 
 0 
 0 
 0 
 0 
 0 
 0 
 0 
 0 
 0 
 0 
 0 
 0 
 0 
 0 
 0 
 0 
 0 
 0 
 0 
 0 
 0 
 0 
 0 
 0 
 0 
 0 
 0 
 0 
 0 
 0 
 0 
 0 
 0 
 0 
 0 
 0 
 0 
 0 
 0 
 0 
 0 
 0 
 0 
 0 
 0 
 0 
 0 
 0 
 0 
 0 
 0 
 0 
 0 
 0 
 0 
 0 
 0 
 0 
 0 
 0 
 0 
 0 
 0 
 0 
 0 
 0 
 0 
 0 
 0 
 0 
 0 
 0 
 0 
 0 
 0 
 0 
 0 
 0 
 0 
 0 
 0 
 0 
 0 
 0 
 0 
