 0 
 0 
 0 
 0 
 0 
 0 
 0 
 0 
 0 
 0 
 0 
 0 
 0 
 0 
 1 
 0 
 0 
 0 
 0 
 0 
 0 
 1 
 0 
 0 
 1 
 3 
 4 
 4 
 3 
 6 
 20 
 9 
 25 
 22 
 26 
 33 
 36 
 49 
 50 
 71 
 46 
 55 
 79 
 68 
 76 
 64 
 73 
 85 
 66 
 83 
 65 
 76 
 76 
 72 
 99 
 81 
 90 
 95 
 69 
 96 
 83 
 87 
 83 
 96 
 85 
 92 
 83 
 83 
 95 
 103 
 94 
 107 
 89 
 112 
 103 
 96 
 112 
 116 
 117 
 111 
 106 
 113 
 120 
 116 
 137 
 130 
 146 
 159 
 174 
 188 
 193 
 214 
 225 
 212 
 225 
 245 
 229 
 266 
 237 
 234 
 189 
 215 
 197 
 192 
 177 
 186 
 145 
 186 
 173 
 168 
 163 
 140 
 148 
 155 
 152 
 160 
 121 
 125 
 100 
 122 
 124 
 120 
 95 
 118 
 112 
 111 
 143 
 106 
 111 
 110 
 121 
 112 
 110 
 136 
 137 
 117 
 115 
 111 
 120 
 124 
 114 
 123 
 102 
 132 
 123 
 122 
 130 
 113 
 134 
 118 
 125 
 132 
 124 
 126 
 127 
 113 
 137 
 121 
 104 
 116 
 127 
 123 
 124 
 122 
 110 
 126 
 101 
 108 
 122 
 118 
 113 
 115 
 141 
 127 
 135 
 129 
 132 
 118 
 144 
 144 
 147 
 144 
 143 
 116 
 120 
 127 
 125 
 129 
 131 
 135 
 129 
 93 
 141 
 123 
 136 
 153 
 138 
 127 
 129 
 175 
 142 
 132 
 138 
 143 
 145 
 183 
 144 
 145 
 150 
 159 
 138 
 163 
 135 
 145 
 159 
 172 
 149 
 152 
 143 
 149 
 134 
 166 
 142 
 128 
 126 
 123 
 133 
 155 
 129 
 120 
 160 
 138 
 147 
 134 
 137 
 137 
 124 
 128 
 105 
 127 
 117 
 130 
 146 
 118 
 130 
 104 
 129 
 135 
 123 
 132 
 124 
 118 
 105 
 128 
 116 
 137 
 107 
 132 
 129 
 133 
 126 
 122 
 112 
 116 
 116 
 114 
 112 
 124 
 94 
 120 
 129 
 92 
 132 
 133 
 102 
 119 
 122 
 130 
 121 
 114 
 111 
 107 
 118 
 104 
 103 
 113 
 105 
 112 
 101 
 94 
 96 
 94 
 93 
 110 
 94 
 105 
 94 
 80 
 100 
 100 
 110 
 94 
 92 
 94 
 106 
 89 
 96 
 80 
 91 
 74 
 85 
 77 
 77 
 89 
 78 
 90 
 95 
 83 
 88 
 87 
 91 
 80 
 70 
 76 
 68 
 75 
 77 
 75 
 96 
 73 
 70 
 81 
 92 
 71 
 79 
 65 
 83 
 71 
 72 
 83 
 75 
 64 
 92 
 75 
 86 
 66 
 70 
 73 
 85 
 75 
 79 
 72 
 74 
 78 
 74 
 83 
 78 
 65 
 65 
 77 
 66 
 73 
 51 
 67 
 67 
 66 
 58 
 75 
 67 
 68 
 72 
 61 
 54 
 71 
 64 
 82 
 57 
 60 
 73 
 67 
 44 
 48 
 61 
 47 
 51 
 57 
 54 
 40 
 42 
 52 
 45 
 53 
 49 
 48 
 46 
 55 
 50 
 48 
 52 
 39 
 43 
 50 
 35 
 52 
 43 
 37 
 52 
 47 
 43 
 38 
 49 
 41 
 37 
 44 
 47 
 46 
 33 
 38 
 44 
 40 
 46 
 38 
 35 
 45 
 46 
 33 
 46 
 39 
 44 
 44 
 45 
 38 
 35 
 43 
 42 
 39 
 46 
 39 
 45 
 35 
 43 
 37 
 35 
 43 
 44 
 45 
 36 
 39 
 53 
 41 
 30 
 31 
 42 
 43 
 42 
 41 
 43 
 36 
 35 
 46 
 39 
 46 
 35 
 42 
 35 
 42 
 30 
 41 
 39 
 30 
 37 
 35 
 42 
 37 
 38 
 38 
 40 
 25 
 33 
 33 
 33 
 35 
 34 
 45 
 39 
 32 
 45 
 34 
 27 
 37 
 35 
 33 
 37 
 49 
 29 
 32 
 51 
 41 
 31 
 40 
 54 
 47 
 49 
 39 
 43 
 41 
 39 
 54 
 45 
 42 
 38 
 29 
 50 
 52 
 53 
 38 
 34 
 38 
 46 
 42 
 38 
 50 
 55 
 30 
 44 
 39 
 41 
 50 
 43 
 59 
 40 
 38 
 57 
 59 
 44 
 71 
 56 
 46 
 61 
 58 
 58 
 70 
 70 
 70 
 68 
 80 
 78 
 79 
 84 
 74 
 85 
 88 
 97 
 95 
 101 
 94 
 112 
 114 
 121 
 130 
 136 
 132 
 127 
 143 
 135 
 161 
 149 
 183 
 176 
 176 
 180 
 179 
 204 
 202 
 212 
 206 
 238 
 235 
 202 
 243 
 226 
 237 
 230 
 227 
 219 
 213 
 226 
 248 
 216 
 229 
 205 
 257 
 209 
 221 
 202 
 181 
 184 
 176 
 169 
 203 
 156 
 146 
 133 
 159 
 156 
 148 
 146 
 137 
 131 
 134 
 97 
 115 
 93 
 84 
 72 
 79 
 79 
 70 
 51 
 75 
 52 
 51 
 50 
 39 
 59 
 45 
 39 
 33 
 22 
 41 
 26 
 30 
 22 
 23 
 19 
 23 
 21 
 24 
 25 
 13 
 18 
 11 
 26 
 18 
 15 
 14 
 17 
 12 
 16 
 19 
 13 
 19 
 17 
 9 
 13 
 16 
 14 
 13 
 15 
 14 
 17 
 18 
 20 
 17 
 16 
 11 
 7 
 11 
 12 
 12 
 11 
 12 
 11 
 10 
 15 
 10 
 15 
 7 
 5 
 15 
 6 
 11 
 15 
 16 
 17 
 15 
 14 
 14 
 11 
 15 
 20 
 15 
 16 
 12 
 6 
 15 
 14 
 14 
 14 
 23 
 9 
 8 
 14 
 16 
 11 
 12 
 14 
 11 
 10 
 15 
 11 
 8 
 16 
 13 
 12 
 12 
 12 
 15 
 12 
 10 
 13 
 13 
 12 
 13 
 13 
 9 
 21 
 13 
 9 
 9 
 12 
 13 
 12 
 9 
 13 
 14 
 23 
 17 
 22 
 10 
 16 
 12 
 14 
 10 
 17 
 11 
 12 
 12 
 13 
 15 
 10 
 11 
 10 
 9 
 13 
 11 
 11 
 8 
 10 
 7 
 13 
 9 
 10 
 13 
 17 
 18 
 11 
 13 
 10 
 14 
 5 
 14 
 9 
 13 
 12 
 8 
 11 
 17 
 10 
 18 
 11 
 14 
 11 
 10 
 17 
 16 
 13 
 6 
 8 
 18 
 14 
 16 
 14 
 19 
 15 
 11 
 12 
 9 
 2 
 9 
 18 
 10 
 12 
 13 
 18 
 9 
 10 
 13 
 10 
 11 
 10 
 8 
 8 
 11 
 20 
 15 
 4 
 12 
 14 
 10 
 22 
 8 
 7 
 14 
 17 
 7 
 13 
 10 
 15 
 8 
 11 
 10 
 8 
 10 
 13 
 10 
 13 
 14 
 11 
 15 
 22 
 12 
 13 
 13 
 12 
 9 
 15 
 10 
 9 
 8 
 9 
 8 
 11 
 12 
 18 
 13 
 12 
 10 
 9 
 13 
 15 
 14 
 11 
 12 
 16 
 16 
 16 
 4 
 10 
 18 
 13 
 10 
 14 
 16 
 11 
 14 
 16 
 20 
 7 
 12 
 15 
 16 
 16 
 13 
 13 
 12 
 7 
 15 
 11 
 9 
 9 
 10 
 15 
 14 
 12 
 13 
 7 
 11 
 8 
 9 
 9 
 17 
 7 
 7 
 10 
 12 
 13 
 11 
 11 
 9 
 19 
 12 
 12 
 13 
 11 
 4 
 12 
 6 
 10 
 17 
 13 
 13 
 12 
 13 
 11 
 13 
 10 
 16 
 5 
 15 
 20 
 14 
 12 
 7 
 15 
 12 
 8 
 17 
 17 
 6 
 7 
 18 
 14 
 12 
 10 
 15 
 8 
 15 
 10 
 16 
 7 
 8 
 10 
 7 
 10 
 18 
 22 
 12 
 10 
 12 
 9 
 15 
 12 
 19 
 12 
 10 
 11 
 12 
 8 
 9 
 14 
 9 
 9 
 11 
 10 
 12 
 6 
 20 
 12 
 9 
 15 
 10 
 12 
 20 
 10 
 11 
 13 
 13 
 10 
 18 
 13 
 10 
 11 
 9 
 16 
 6 
 8 
 11 
 12 
 14 
 11 
 15 
 19 
 15 
 7 
 11 
 18 
 16 
 11 
 20 
 10 
 15 
 15 
 12 
 12 
 15 
 9 
 11 
 10 
 11 
 8 
 18 
 29 
 9 
 15 
 13 
 17 
 16 
 17 
 9 
 18 
 11 
 9 
 12 
 7 
 8 
 7 
 13 
 12 
 13 
 11 
 14 
 9 
 17 
 11 
 13 
 16 
 8 
 15 
 10 
 14 
 11 
 13 
 10 
 13 
 18 
 9 
 13 
 5 
 13 
 14 
 14 
 10 
 19 
 16 
 19 
 11 
 18 
 13 
 11 
 11 
 20 
 12 
 14 
 18 
 12 
 22 
 17 
 8 
 16 
 20 
 13 
 16 
 13 
 13 
 10 
 13 
 14 
 17 
 12 
 12 
 10 
 15 
 11 
 19 
 8 
 12 
 11 
 11 
 11 
 19 
 16 
 15 
 16 
 14 
 16 
 15 
 14 
 10 
 10 
 15 
 9 
 9 
 19 
 9 
 13 
 10 
 8 
 9 
 13 
 11 
 13 
 22 
 18 
 16 
 14 
 20 
 12 
 12 
 22 
 11 
 15 
 18 
 10 
 13 
 13 
 11 
 11 
 14 
 12 
 16 
 12 
 14 
 12 
 12 
 11 
 9 
 12 
 10 
 11 
 18 
 7 
 8 
 11 
 13 
 6 
 13 
 8 
 11 
 3 
 13 
 15 
 13 
 8 
 9 
 6 
 8 
 12 
 7 
 5 
 7 
 12 
 9 
 6 
 13 
 5 
 7 
 3 
 7 
 10 
 9 
 8 
 9 
 8 
 9 
 7 
 7 
 5 
 9 
 9 
 8 
 6 
 6 
 8 
 6 
 6 
 7 
 13 
 4 
 10 
 6 
 2 
 6 
 6 
 5 
 5 
 7 
 3 
 8 
 3 
 8 
 8 
 6 
 2 
 7 
 2 
 3 
 5 
 9 
 8 
 5 
 4 
 3 
 10 
 7 
 2 
 2 
 9 
 3 
 6 
 1 
 6 
 6 
 4 
 4 
 5 
 6 
 3 
 4 
 5 
 5 
 3 
 5 
 4 
 5 
 1 
 2 
 2 
 1 
 1 
 4 
 9 
 5 
 1 
 4 
 1 
 5 
 2 
 2 
 3 
 4 
 3 
 6 
 3 
 5 
 4 
 4 
 4 
 3 
 9 
 4 
 7 
 5 
 2 
 1 
 2 
 3 
 2 
 4 
 3 
 4 
 2 
 2 
 2 
 4 
 5 
 4 
 3 
 6 
 4 
 4 
 6 
 4 
 5 
 4 
 6 
 3 
 9 
 4 
 5 
 5 
 5 
 5 
 4 
 1 
 1 
 3 
 4 
 3 
 3 
 3 
 4 
 7 
 1 
 4 
 2 
 4 
 3 
 4 
 6 
 0 
 2 
 2 
 8 
 2 
 3 
 3 
 5 
 8 
 2 
 4 
 3 
 2 
 2 
 0 
 2 
 2 
 6 
 6 
 5 
 6 
 7 
 4 
 5 
 4 
 8 
 4 
 9 
 5 
 7 
 9 
 4 
 6 
 7 
 4 
 7 
 5 
 8 
 6 
 13 
 8 
 6 
 7 
 13 
 8 
 8 
 12 
 15 
 16 
 17 
 17 
 23 
 22 
 13 
 30 
 12 
 13 
 13 
 25 
 15 
 24 
 17 
 18 
 16 
 33 
 21 
 21 
 19 
 27 
 31 
 18 
 21 
 37 
 33 
 23 
 25 
 25 
 27 
 31 
 34 
 39 
 26 
 53 
 33 
 48 
 33 
 41 
 34 
 28 
 42 
 37 
 29 
 35 
 45 
 40 
 30 
 42 
 25 
 36 
 46 
 36 
 30 
 42 
 39 
 45 
 36 
 29 
 41 
 40 
 30 
 43 
 40 
 36 
 33 
 41 
 42 
 45 
 33 
 24 
 44 
 49 
 28 
 28 
 27 
 30 
 41 
 23 
 31 
 26 
 23 
 26 
 27 
 22 
 25 
 22 
 21 
 19 
 26 
 15 
 12 
 27 
 19 
 16 
 17 
 12 
 15 
 15 
 10 
 17 
 10 
 7 
 9 
 16 
 11 
 10 
 10 
 13 
 10 
 12 
 12 
 10 
 8 
 16 
 5 
 7 
 9 
 5 
 5 
 8 
 4 
 7 
 4 
 5 
 2 
 1 
 3 
 4 
 12 
 3 
 3 
 4 
 1 
 3 
 4 
 3 
 3 
 0 
 1 
 0 
 2 
 2 
 1 
 5 
 2 
 1 
 3 
 1 
 2 
 1 
 1 
 2 
 0 
 0 
 0 
 1 
 2 
 2 
 0 
 0 
 1 
 1 
 1 
 0 
 1 
 0 
 1 
 1 
 1 
 1 
 0 
 1 
 1 
 0 
 0 
 1 
 0 
 0 
 0 
 1 
 1 
 0 
 0 
 1 
 0 
 0 
 0 
 0 
 1 
 1 
 4 
 1 
 0 
 2 
 0 
 1 
 0 
 0 
 0 
 0 
 0 
 0 
 1 
 0 
 1 
 0 
 1 
 0 
 0 
 0 
 1 
 0 
 0 
 0 
 1 
 1 
 0 
 0 
 1 
 0 
 0 
 0 
 1 
 0 
 1 
 0 
 1 
 0 
 0 
 0 
 0 
 0 
 0 
 0 
 0 
 0 
 0 
 0 
 0 
 0 
 0 
 0 
 0 
 2 
 0 
 0 
 0 
 0 
 1 
 0 
 1 
 0 
 0 
 2 
 1 
 0 
 0 
 2 
 0 
 0 
 2 
 0 
 0 
 0 
 0 
 0 
 1 
 1 
 2 
 0 
 2 
 0 
 0 
 2 
 0 
 1 
 0 
 0 
 0 
 0 
 0 
 0 
 0 
 0 
 0 
 1 
 1 
 0 
 1 
 0 
 1 
 0 
 0 
 0 
 0 
 0 
 0 
 0 
 0 
 1 
 0 
 0 
 0 
 0 
 0 
 0 
 0 
 0 
 0 
 0 
 0 
 0 
 0 
 0 
 0 
 1 
 0 
 0 
 0 
 0 
 1 
 0 
 0 
 1 
 0 
 0 
 0 
 0 
 1 
 0 
 1 
 0 
 0 
 0 
 2 
 0 
 0 
 1 
 0 
 2 
 0 
 0 
 1 
 0 
 0 
 0 
 0 
 0 
 0 
 0 
 0 
 0 
 0 
 0 
 0 
 0 
 1 
 1 
 0 
 0 
 0 
 0 
 0 
 1 
 0 
 0 
 0 
 0 
 0 
 0 
 1 
 0 
 0 
 0 
 0 
 0 
 0 
 0 
 0 
 1 
 2 
 0 
 0 
 0 
 0 
 0 
 0 
 0 
 0 
 0 
 0 
 0 
 0 
 0 
 0 
 0 
 0 
 0 
 0 
 1 
 0 
 0 
 0 
 1 
 0 
 0 
 0 
 0 
 0 
 0 
 0 
 1 
 0 
 0 
 0 
 0 
 2 
 0 
 0 
 0 
 0 
 1 
 0 
 3 
 1 
 1 
 0 
 0 
 0 
 0 
 0 
 0 
 0 
 0 
 0 
 0 
 0 
 0 
 0 
 0 
 0 
 0 
 0 
 0 
 0 
 0 
 0 
 0 
 0 
 0 
 0 
 0 
 0 
 0 
 0 
 0 
 0 
 0 
 0 
 0 
 0 
 1 
 0 
 0 
 0 
 0 
 0 
 0 
 0 
 0 
 0 
 0 
 0 
 1 
 0 
 0 
 0 
 0 
 0 
 0 
 0 
 0 
 0 
 0 
 0 
 0 
 0 
 0 
 0 
 0 
 1 
 0 
 0 
 0 
 0 
 0 
 0 
 0 
 0 
 0 
 0 
 0 
 0 
 0 
 0 
 0 
 0 
 0 
 0 
 0 
 0 
 0 
 0 
 0 
 0 
 0 
 0 
 0 
 0 
 0 
 0 
 0 
 0 
 0 
 0 
 0 
 0 
 0 
 0 
 0 
 0 
 0 
 0 
 0 
 0 
 0 
 0 
 0 
 0 
 0 
 0 
 0 
 0 
 1 
 0 
 0 
 0 
 0 
 1 
 0 
 0 
 0 
 0 
 0 
 0 
 0 
 0 
 0 
 0 
 1 
 0 
 0 
 1 
 0 
 0 
 0 
 0 
 0 
 0 
 0 
 0 
 0 
 0 
 0 
 0 
 0 
 0 
 0 
 0 
 0 
 0 
 0 
 0 
 0 
 0 
 0 
 1 
 0 
 0 
 0 
 0 
 0 
 0 
 0 
 1 
 0 
 0 
 0 
 0 
 0 
 0 
 0 
 0 
 0 
 0 
 1 
 0 
 0 
 0 
 0 
 0 
 0 
 0 
 0 
 0 
 0 
 0 
 0 
 0 
 0 
 0 
 0 
 1 
 0 
 0 
 0 
 0 
 0 
 0 
 0 
 0 
 0 
 0 
 0 
 1 
 0 
 0 
 1 
 0 
 0 
 1 
 0 
 1 
 0 
 0 
 0 
 0 
 0 
 0 
 0 
 0 
 0 
 0 
 0 
 0 
 0 
 0 
 0 
 1 
 0 
 0 
 0 
 0 
 1 
 0 
 0 
 0 
 0 
 0 
 1 
 0 
 0 
 0 
 0 
 0 
 0 
 0 
 0 
 0 
 0 
 0 
 0 
 0 
 0 
 0 
 0 
 0 
 0 
 0 
 0 
 0 
 0 
 0 
 0 
 0 
 1 
 0 
 0 
 0 
 0 
 0 
 0 
 0 
 1 
 0 
 0 
 0 
 0 
 0 
 0 
 0 
 0 
 0 
 0 
 0 
 0 
 0 
 0 
 0 
 0 
 0 
 0 
 0 
 0 
 1 
 0 
 0 
 0 
 0 
 0 
 0 
 0 
 0 
 0 
 0 
 0 
 0 
 0 
 0 
 0 
 0 
 0 
 0 
 0 
 0 
 0 
 0 
 0 
 0 
 0 
 0 
 0 
 0 
 0 
 0 
 0 
 0 
 0 
 0 
 0 
 0 
 0 
 0 
 1 
 0 
 0 
 0 
 0 
 0 
 0 
 0 
 0 
 0 
 0 
 0 
 0 
 0 
 0 
 0 
 0 
 0 
 0 
 0 
 0 
 0 
 0 
 0 
 0 
 0 
 0 
 0 
 0 
 0 
 0 
 0 
 0 
 0 
 0 
 0 
 0 
 0 
 0 
 0 
 0 
 0 
 0 
 0 
 0 
 0 
 0 
 0 
 0 
 0 
 0 
 0 
 0 
 0 
 0 
 0 
 0 
 0 
 0 
 0 
 0 
 0 
 0 
 0 
 0 
 0 
 0 
 0 
 0 
 0 
 0 
 0 
 0 
 0 
 0 
 0 
 0 
 0 
 0 
 0 
 0 
 0 
 0 
 0 
 0 
 0 
 0 
 0 
 0 
 0 
 0 
 0 
 0 
 0 
 0 
 0 
 0 
 0 
 0 
 0 
 0 
 0 
 0 
 0 
 0 
 0 
 0 
 0 
 0 
 0 
 0 
 0 
 0 
 0 
 0 
 0 
 0 
 0 
 0 
 0 
 0 
 0 
 0 
 0 
 0 
 0 
 0 
 0 
 1 
 0 
 0 
 0 
 0 
 0 
 0 
 0 
 0 
 0 
 0 
 0 
 0 
 0 
 0 
 0 
 0 
 0 
 0 
 0 
 0 
 0 
 0 
 0 
 1 
 0 
 0 
 0 
 0 
 0 
 0 
 0 
 0 
 0 
 0 
 0 
 0 
 0 
 0 
 0 
 0 
 0 
 0 
 0 
 0 
 0 
 0 
 0 
 0 
 0 
 0 
 0 
 0 
 0 
 0 
 0 
 0 
 0 
 0 
 0 
 0 
 0 
 0 
 0 
 0 
 1 
 0 
 0 
 0 
 0 
 0 
 0 
 0 
 0 
 0 
 0 
 0 
 0 
 0 
 0 
 0 
 0 
 0 
 1 
 0 
 0 
 0 
 0 
 0 
 0 
 0 
 0 
 0 
 0 
 1 
 0 
 0 
 0 
 0 
 0 
 0 
 0 
 0 
 1 
 0 
 0 
 0 
 0 
 1 
 0 
 0 
 0 
 0 
 0 
 0 
 0 
 0 
 0 
 0 
 0 
 0 
 0 
 0 
 0 
 0 
 0 
 1 
 0 
 0 
 0 
 0 
 0 
 0 
 0 
 0 
 0 
 0 
 0 
 0 
 0 
 0 
 0 
 0 
 0 
 0 
 0 
 0 
 0 
 0 
 0 
 0 
 0 
 0 
 0 
 0 
 0 
 0 
 0 
 0 
 0 
 0 
 0 
 0 
 0 
 0 
 0 
 0 
 0 
 0 
 0 
 0 
 0 
 0 
 0 
 0 
 0 
 0 
 0 
 0 
 0 
 0 
 0 
 0 
 0 
 0 
 0 
 0 
 0 
 0 
 0 
 0 
 0 
 0 
 0 
 0 
 0 
 0 
 0 
 0 
 0 
 0 
 0 
 0 
 0 
 0 
 0 
 0 
 0 
 0 
 0 
 0 
 0 
 0 
 0 
 0 
 0 
 0 
 0 
 0 
 0 
 0 
 0 
 1 
 0 
 0 
 0 
 0 
 0 
 0 
 0 
 0 
 0 
 0 
 0 
 0 
 0 
 0 
 0 
 0 
 0 
 0 
 0 
 0 
 0 
 0 
 0 
 0 
 0 
 0 
 0 
 0 
 0 
 0 
 0 
 0 
 0 
 0 
 0 
 1 
 0 
 0 
 0 
 0 
 0 
 0 
 0 
 0 
 0 
 0 
 0 
 0 
 0 
 0 
 0 
 0 
 0 
 0 
 0 
 0 
 0 
 0 
 0 
 0 
 0 
 0 
 0 
 0 
 0 
 1 
 0 
 0 
 0 
 0 
 0 
 0 
 0 
 0 
 0 
 0 
 0 
 0 
 0 
 0 
 0 
 0 
 0 
 0 
 0 
 0 
 0 
 0 
 0 
 0 
 0 
 0 
 0 
 0 
 0 
 0 
 0 
 0 
 0 
 0 
 0 
 0 
 0 
 0 
 0 
 0 
 0 
 0 
 0 
 0 
 0 
 0 
 0 
 0 
 0 
 0 
 0 
 0 
 0 
 1 
 0 
 0 
 0 
 0 
 0 
 0 
 0 
 0 
 0 
 0 
 0 
 0 
 0 
 0 
 0 
 0 
 0 
 0 
 0 
 0 
 0 
 0 
 0 
 0 
 0 
 0 
 0 
 1 
 0 
 0 
 0 
 0 
 0 
 0 
 0 
 0 
 0 
 0 
 0 
 0 
 0 
 0 
 0 
 0 
 0 
 0 
 0 
 0 
 0 
 0 
 0 
 0 
 0 
 0 
 0 
 0 
 0 
 0 
 0 
 0 
 0 
 0 
 0 
 0 
 0 
 0 
 0 
 0 
 0 
 0 
 0 
 0 
 0 
 0 
 0 
 0 
 0 
 0 
 0 
 0 
 0 
 0 
 0 
 0 
 0 
 0 
 0 
 0 
 0 
 0 
 0 
 0 
 0 
 0 
 0 
 0 
 0 
 0 
 0 
 0 
 0 
 0 
 0 
 0 
 0 
 0 
 0 
 0 
 0 
 0 
 0 
 0 
 0 
 0 
 0 
 0 
 0 
 0 
 0 
 0 
 0 
 0 
 0 
 0 
 0 
 0 
 0 
 0 
 0 
 0 
 0 
 0 
 0 
 0 
 0 
 0 
 0 
 0 
 0 
 0 
 0 
 0 
 0 
 0 
 0 
 0 
 0 
 0 
 0 
 0 
 0 
 0 
 0 
 0 
 0 
 0 
 0 
 1 
 0 
 0 
 0 
 0 
 0 
 0 
 0 
 0 
 0 
 0 
 0 
 0 
 0 
 0 
 0 
 0 
 0 
 0 
 0 
 0 
 0 
 0 
 0 
 0 
 0 
 0 
 0 
 0 
 0 
 0 
 0 
 0 
 0 
 1 
 0 
 0 
 0 
 0 
 0 
 1 
 0 
 0 
 0 
 1 
 0 
 0 
 0 
 0 
 0 
 0 
 0 
 0 
 0 
 0 
 0 
 0 
 0 
 0 
 0 
 0 
 0 
 0 
 0 
 0 
 0 
 0 
 0 
 0 
 1 
 0 
 0 
 0 
 0 
 0 
 0 
 0 
 0 
 0 
 0 
 0 
 0 
 0 
 0 
 0 
 0 
 0 
 0 
 0 
 0 
 0 
 0 
 0 
 0 
 0 
 0 
 0 
 1 
 0 
 0 
 0 
 0 
 0 
 0 
 1 
 0 
 0 
 0 
 0 
 0 
 0 
 0 
 0 
 0 
 0 
 0 
 0 
 0 
 0 
 0 
 0 
 0 
 0 
 0 
 0 
 0 
 1 
 1 
 0 
 0 
 0 
 0 
 0 
 0 
 0 
 0 
 0 
 0 
 0 
 0 
 0 
 0 
 0 
 0 
 0 
 0 
 0 
 0 
 0 
 0 
 0 
 0 
 0 
 0 
 1 
 0 
 0 
 0 
 0 
 0 
 1 
 0 
 0 
 0 
 0 
 0 
 0 
 0 
 0 
 0 
 0 
 0 
 0 
 0 
 0 
 0 
 0 
 0 
 0 
 0 
 0 
 0 
 1 
 0 
 0 
 0 
 0 
 0 
 0 
 0 
 0 
 0 
 0 
 0 
 0 
 0 
 0 
 0 
 0 
 0 
 0 
 0 
 1 
 0 
 0 
 0 
 0 
 1 
 0 
 0 
 0 
 0 
 0 
 0 
 0 
 0 
 0 
 0 
 0 
 0 
 0 
 0 
 0 
 0 
 0 
 0 
 0 
 0 
 0 
 0 
 0 
 0 
 0 
 0 
 0 
 0 
 0 
 0 
 0 
 0 
 0 
 0 
 0 
 0 
 0 
 0 
 0 
 0 
 0 
 0 
 0 
 0 
 0 
 0 
 0 
 0 
 0 
 0 
 0 
 0 
 0 
 0 
 0 
 0 
 0 
 0 
 0 
 0 
 0 
 0 
 0 
 0 
 0 
 0 
 0 
 0 
 0 
 0 
 0 
 0 
 0 
 0 
 0 
 0 
 0 
 0 
 0 
 0 
 0 
 0 
 0 
 0 
 0 
 0 
 0 
 0 
 0 
 0 
 0 
 0 
 0 
 0 
 0 
 0 
 0 
 0 
 0 
 0 
 0 
 0 
 0 
 0 
 0 
 0 
 0 
 0 
 0 
 0 
 0 
 0 
 0 
 0 
 0 
 0 
 0 
 0 
 0 
 0 
 0 
 0 
 0 
 0 
 0 
 0 
 0 
 0 
 0 
 0 
 0 
 0 
 0 
 0 
 0 
 0 
 0 
 0 
 0 
 0 
 0 
 0 
 0 
 0 
 0 
 0 
 0 
 0 
 0 
 0 
 0 
 0 
 0 
 0 
 0 
 0 
 0 
 0 
 0 
 0 
 0 
 0 
 0 
 0 
 0 
 0 
 0 
 0 
 0 
 0 
 0 
 0 
 0 
 0 
 0 
 0 
 0 
 0 
 0 
 0 
 0 
 0 
 0 
 0 
 0 
 0 
 0 
 0 
 0 
 0 
 0 
 0 
 0 
 0 
 0 
 0 
 0 
 0 
 0 
 0 
 0 
 0 
 0 
 0 
 0 
 0 
 0 
 0 
 0 
 0 
 0 
 0 
 0 
 0 
 0 
 0 
 0 
 0 
 0 
 0 
 0 
 0 
 0 
 0 
 0 
 0 
 0 
 0 
 0 
 0 
 0 
 0 
 0 
 0 
 0 
 0 
 0 
 0 
 0 
 0 
 0 
 0 
 0 
 0 
 0 
 0 
 0 
 0 
 0 
 0 
 0 
 0 
 0 
 0 
 0 
 0 
 0 
 0 
 0 
 0 
 0 
 0 
 0 
 0 
 0 
 0 
 0 
 0 
 0 
 0 
 0 
 0 
 0 
 0 
 0 
 0 
 0 
 0 
 0 
 0 
 0 
 0 
 0 
 0 
 0 
 0 
 0 
 0 
 0 
 0 
 0 
 0 
 0 
 0 
 0 
 0 
 0 
 0 
 0 
 0 
 0 
 0 
 0 
 0 
 0 
 0 
 0 
 0 
 0 
 0 
 0 
 0 
 0 
 0 
 0 
 0 
 0 
 0 
 0 
 0 
 0 
 0 
 0 
 0 
 0 
 0 
 0 
 0 
 0 
 0 
 0 
 0 
 0 
 0 
 0 
 0 
 0 
 0 
 0 
 0 
 0 
 0 
 0 
 0 
 0 
 0 
 0 
 0 
 0 
 0 
 0 
 0 
 0 
 0 
 0 
 0 
 0 
 0 
 0 
 0 
 0 
 0 
 0 
 0 
 0 
 0 
 0 
 0 
 0 
 0 
 0 
 0 
 0 
 0 
 0 
 0 
 0 
 0 
 0 
 0 
 0 
 0 
 0 
 0 
 0 
 0 
 0 
 0 
 0 
 0 
 0 
 0 
 0 
 0 
 0 
 0 
 0 
 0 
 0 
 0 
 0 
 0 
 0 
 0 
 0 
 0 
 0 
 0 
 0 
 0 
 0 
 0 
 0 
 0 
 0 
 0 
 0 
 0 
 0 
 0 
 0 
 0 
 0 
 0 
 0 
 0 
 0 
 0 
 0 
 0 
 0 
 0 
 0 
 0 
 0 
 0 
 0 
 0 
 0 
 0 
 0 
 0 
 0 
 0 
 0 
 0 
 0 
 0 
 0 
 0 
 0 
 0 
 0 
 0 
 0 
 0 
 0 
 0 
 0 
 0 
 0 
 0 
 0 
 0 
 0 
 0 
 0 
 0 
 0 
 0 
 0 
 0 
 0 
 0 
 0 
 0 
 0 
 0 
 0 
 0 
 0 
 0 
 0 
 0 
 0 
 0 
 0 
 0 
 0 
 0 
 0 
 0 
 0 
 0 
 0 
 0 
 0 
 0 
 0 
 0 
 0 
 0 
 0 
 0 
 0 
 0 
 0 
 0 
 0 
 0 
 0 
 0 
 0 
 0 
 0 
 0 
 0 
 0 
 0 
 0 
 0 
 0 
 0 
 0 
 0 
 0 
 0 
 0 
 0 
 0 
 0 
 0 
 0 
 0 
 0 
 0 
 0 
 0 
 0 
 0 
 0 
 0 
 0 
 0 
 0 
 0 
 0 
 0 
 0 
 0 
 0 
 0 
 0 
 0 
 0 
 0 
 0 
 0 
 0 
 0 
 0 
 0 
 0 
 0 
 0 
 0 
 0 
 0 
 0 
 0 
 0 
 0 
 0 
 0 
 0 
 0 
 0 
 0 
 0 
 0 
 0 
 0 
 0 
 0 
 0 
 0 
 0 
 0 
 0 
 0 
 0 
 0 
 0 
 0 
 0 
 0 
 0 
 0 
 0 
 0 
 0 
 0 
 0 
 0 
 0 
 0 
 0 
 0 
 0 
 0 
 0 
 0 
 0 
 0 
 0 
 0 
 0 
 0 
 0 
 0 
 0 
 0 
 0 
 0 
 0 
 0 
 0 
 0 
 0 
 0 
 0 
 0 
 0 
 0 
 0 
 0 
 0 
 0 
 0 
 0 
 0 
 0 
 0 
 0 
 0 
 0 
 0 
 0 
 0 
 0 
 0 
 0 
 0 
 0 
 0 
 0 
 0 
 0 
 0 
 0 
 0 
 0 
 0 
 0 
 0 
 0 
 0 
 0 
 0 
 0 
 0 
 0 
 0 
 0 
 0 
 0 
 0 
 0 
 0 
 0 
 0 
 0 
 0 
 0 
 0 
 0 
 0 
 0 
 0 
 0 
 0 
 0 
 0 
 0 
 0 
 1 
 0 
 0 
 0 
 0 
 0 
 0 
 0 
 0 
 0 
 0 
 0 
 0 
 0 
 0 
 0 
 0 
 0 
 0 
 0 
 0 
 0 
 0 
 0 
 0 
 0 
 0 
 0 
 0 
 0 
 0 
 0 
 0 
 0 
 0 
 0 
 0 
 0 
 0 
 0 
 0 
 0 
 0 
 0 
 0 
 0 
 0 
 0 
 0 
 0 
 0 
 0 
 0 
 0 
 0 
 0 
 0 
 0 
 0 
 0 
 0 
 0 
 0 
 0 
 0 
 0 
 0 
 0 
 0 
 0 
 0 
 0 
 0 
 0 
 0 
 0 
 0 
 0 
 0 
 0 
 0 
 0 
 0 
 0 
 0 
 0 
 0 
 0 
 0 
 0 
 0 
 0 
 0 
 0 
 0 
 0 
 0 
 0 
 0 
 0 
 0 
 0 
 0 
 0 
 0 
 0 
 0 
 0 
 0 
 0 
 0 
 0 
 0 
 0 
 0 
 0 
 0 
 0 
 0 
 0 
 0 
 0 
 0 
 0 
 0 
 0 
 0 
 0 
 0 
 0 
 0 
 0 
 0 
 0 
 0 
 0 
 0 
 0 
 0 
 0 
 0 
 0 
 0 
 0 
 0 
 0 
 0 
 0 
 0 
 0 
 0 
 0 
 0 
 0 
 0 
 0 
 0 
 0 
 0 
 0 
 0 
 0 
 0 
 0 
 0 
 0 
 0 
 0 
 0 
 0 
 0 
 0 
 0 
 0 
 0 
 0 
 0 
 0 
 0 
 0 
 0 
 0 
 0 
 0 
 0 
 0 
 0 
 0 
 0 
 0 
 0 
 0 
 0 
 0 
 0 
 0 
 0 
 0 
 0 
 0 
 0 
 0 
 0 
 0 
 0 
 0 
 0 
 0 
 0 
 0 
 0 
 0 
 0 
 0 
 0 
 0 
 0 
 0 
 0 
 0 
 0 
 0 
 0 
 0 
 0 
 0 
 0 
 0 
 0 
 0 
 0 
 0 
 0 
 0 
 0 
 0 
 0 
 0 
 0 
 0 
 0 
 0 
 0 
 0 
 0 
 0 
 0 
 0 
 0 
 0 
 0 
 0 
 0 
 0 
 0 
 0 
 0 
 0 
 0 
 0 
 0 
 0 
 0 
 0 
 0 
 0 
 0 
 0 
 0 
 0 
 0 
 0 
 0 
 0 
 0 
 0 
 0 
 0 
 0 
 0 
 0 
 0 
 0 
 0 
 0 
 0 
 0 
 0 
 0 
 0 
 0 
 0 
 0 
 0 
 0 
 0 
 0 
 0 
 0 
 0 
 0 
 0 
 0 
 0 
 0 
 0 
 0 
 0 
 0 
 0 
 0 
 0 
 0 
 0 
 0 
 0 
 0 
 0 
 0 
 0 
 0 
 0 
 1 
 0 
 0 
 0 
 0 
 0 
 0 
 0 
 0 
 0 
 0 
 0 
 0 
 0 
 0 
 0 
 0 
 0 
 0 
 0 
 0 
 0 
 0 
 0 
 0 
 0 
 0 
 0 
 0 
 0 
 0 
 0 
 0 
 0 
 0 
 0 
 0 
 0 
 0 
 0 
 0 
 0 
 0 
 0 
 0 
 0 
 0 
 0 
 0 
 0 
 0 
 0 
 0 
 0 
 0 
 0 
 0 
 0 
 0 
 0 
 0 
 0 
 0 
 0 
 0 
 0 
 0 
 0 
 0 
 0 
 0 
 0 
 0 
 0 
 0 
 0 
 0 
 0 
 0 
 0 
 0 
 0 
 0 
 0 
 0 
 0 
 0 
 0 
 0 
 0 
 0 
 0 
 0 
 0 
 0 
 0 
 0 
 0 
 0 
 0 
 0 
 0 
 0 
 0 
 0 
 0 
 0 
 0 
 0 
 0 
 0 
