 0 
 0 
 0 
 0 
 0 
 0 
 0 
 0 
 0 
 0 
 0 
 0 
 0 
 0 
 0 
 0 
 0 
 0 
 0 
 1 
 0 
 0 
 0 
 2 
 3 
 3 
 3 
 3 
 3 
 15 
 15 
 15 
 19 
 21 
 17 
 26 
 32 
 35 
 44 
 60 
 54 
 67 
 72 
 76 
 70 
 75 
 70 
 63 
 81 
 68 
 80 
 78 
 75 
 64 
 82 
 93 
 73 
 81 
 88 
 99 
 78 
 77 
 86 
 99 
 96 
 101 
 87 
 81 
 94 
 79 
 89 
 89 
 98 
 125 
 99 
 81 
 102 
 89 
 105 
 101 
 121 
 94 
 118 
 125 
 129 
 163 
 160 
 166 
 157 
 179 
 178 
 178 
 211 
 228 
 217 
 213 
 200 
 204 
 202 
 213 
 199 
 197 
 195 
 193 
 166 
 189 
 177 
 201 
 164 
 144 
 148 
 152 
 136 
 146 
 131 
 134 
 142 
 133 
 114 
 108 
 119 
 124 
 122 
 114 
 84 
 116 
 87 
 110 
 117 
 121 
 102 
 110 
 119 
 93 
 111 
 127 
 115 
 104 
 112 
 136 
 103 
 107 
 107 
 118 
 106 
 126 
 115 
 136 
 122 
 114 
 111 
 111 
 102 
 120 
 140 
 114 
 94 
 119 
 101 
 120 
 122 
 127 
 105 
 111 
 128 
 122 
 127 
 117 
 122 
 123 
 117 
 115 
 124 
 129 
 111 
 130 
 126 
 107 
 116 
 117 
 98 
 129 
 108 
 122 
 107 
 119 
 138 
 109 
 116 
 146 
 126 
 127 
 143 
 126 
 128 
 136 
 122 
 148 
 135 
 133 
 132 
 138 
 137 
 123 
 140 
 159 
 126 
 129 
 146 
 121 
 156 
 140 
 127 
 133 
 135 
 161 
 151 
 134 
 144 
 140 
 136 
 148 
 130 
 132 
 141 
 122 
 123 
 157 
 117 
 145 
 125 
 127 
 117 
 121 
 140 
 141 
 112 
 122 
 103 
 119 
 148 
 118 
 118 
 123 
 110 
 122 
 113 
 129 
 113 
 127 
 109 
 123 
 141 
 109 
 113 
 114 
 105 
 95 
 123 
 114 
 121 
 125 
 122 
 100 
 124 
 114 
 123 
 120 
 119 
 119 
 117 
 109 
 107 
 101 
 99 
 101 
 114 
 110 
 101 
 95 
 101 
 100 
 107 
 118 
 105 
 109 
 101 
 117 
 107 
 92 
 90 
 101 
 88 
 82 
 79 
 84 
 95 
 103 
 95 
 91 
 86 
 93 
 85 
 83 
 73 
 77 
 85 
 81 
 75 
 90 
 70 
 75 
 96 
 79 
 82 
 76 
 69 
 74 
 88 
 68 
 80 
 102 
 91 
 65 
 67 
 82 
 84 
 88 
 75 
 74 
 88 
 79 
 67 
 72 
 81 
 83 
 79 
 69 
 75 
 73 
 68 
 78 
 54 
 63 
 83 
 80 
 61 
 67 
 82 
 67 
 79 
 73 
 77 
 70 
 77 
 56 
 60 
 83 
 76 
 70 
 76 
 55 
 70 
 74 
 81 
 51 
 64 
 69 
 54 
 61 
 56 
 60 
 46 
 64 
 65 
 60 
 49 
 44 
 44 
 60 
 52 
 68 
 52 
 63 
 49 
 46 
 38 
 62 
 49 
 47 
 41 
 46 
 54 
 48 
 43 
 44 
 51 
 45 
 51 
 58 
 45 
 36 
 45 
 44 
 43 
 46 
 51 
 43 
 39 
 47 
 38 
 43 
 33 
 34 
 47 
 39 
 38 
 45 
 42 
 35 
 40 
 46 
 43 
 38 
 32 
 39 
 43 
 41 
 37 
 39 
 52 
 44 
 58 
 33 
 43 
 44 
 34 
 34 
 27 
 32 
 30 
 35 
 44 
 34 
 22 
 38 
 39 
 40 
 20 
 38 
 51 
 31 
 25 
 22 
 28 
 40 
 36 
 24 
 34 
 34 
 40 
 36 
 47 
 36 
 42 
 37 
 35 
 30 
 40 
 33 
 37 
 43 
 38 
 39 
 47 
 32 
 36 
 37 
 31 
 33 
 29 
 52 
 36 
 36 
 35 
 39 
 51 
 48 
 39 
 37 
 31 
 33 
 42 
 40 
 43 
 42 
 41 
 24 
 50 
 36 
 33 
 36 
 38 
 39 
 29 
 51 
 48 
 37 
 32 
 31 
 34 
 38 
 40 
 44 
 31 
 37 
 35 
 36 
 37 
 39 
 46 
 44 
 38 
 40 
 49 
 44 
 46 
 51 
 49 
 54 
 40 
 52 
 42 
 50 
 48 
 44 
 57 
 51 
 57 
 43 
 44 
 66 
 49 
 61 
 60 
 74 
 61 
 57 
 69 
 80 
 88 
 93 
 102 
 90 
 115 
 98 
 96 
 102 
 106 
 113 
 117 
 141 
 151 
 144 
 155 
 133 
 140 
 160 
 157 
 167 
 165 
 178 
 167 
 190 
 210 
 220 
 183 
 213 
 189 
 194 
 211 
 209 
 207 
 217 
 227 
 216 
 214 
 186 
 229 
 204 
 175 
 183 
 191 
 184 
 187 
 189 
 181 
 184 
 172 
 168 
 160 
 159 
 141 
 150 
 129 
 124 
 140 
 121 
 107 
 81 
 107 
 109 
 75 
 79 
 81 
 69 
 68 
 63 
 48 
 53 
 63 
 61 
 49 
 43 
 38 
 43 
 29 
 29 
 35 
 14 
 25 
 26 
 12 
 22 
 18 
 32 
 25 
 18 
 26 
 19 
 12 
 18 
 17 
 17 
 15 
 14 
 19 
 10 
 13 
 11 
 20 
 12 
 15 
 8 
 7 
 12 
 10 
 7 
 15 
 10 
 13 
 15 
 12 
 14 
 17 
 16 
 10 
 12 
 10 
 8 
 16 
 12 
 11 
 12 
 11 
 16 
 11 
 12 
 13 
 10 
 10 
 13 
 17 
 8 
 14 
 13 
 10 
 19 
 18 
 14 
 8 
 3 
 14 
 10 
 16 
 14 
 13 
 11 
 7 
 15 
 12 
 12 
 15 
 9 
 16 
 7 
 15 
 8 
 10 
 12 
 7 
 12 
 15 
 7 
 18 
 9 
 10 
 8 
 10 
 10 
 13 
 6 
 14 
 18 
 14 
 3 
 14 
 10 
 9 
 12 
 15 
 12 
 14 
 11 
 12 
 10 
 9 
 12 
 20 
 10 
 17 
 12 
 11 
 7 
 13 
 15 
 18 
 19 
 17 
 7 
 8 
 8 
 12 
 15 
 9 
 6 
 9 
 7 
 15 
 16 
 12 
 13 
 10 
 21 
 18 
 14 
 7 
 9 
 8 
 16 
 12 
 6 
 14 
 11 
 17 
 13 
 13 
 7 
 12 
 13 
 13 
 9 
 11 
 11 
 16 
 12 
 10 
 18 
 15 
 14 
 13 
 9 
 16 
 14 
 9 
 16 
 8 
 14 
 11 
 6 
 8 
 9 
 6 
 11 
 13 
 7 
 15 
 6 
 13 
 13 
 13 
 13 
 7 
 9 
 16 
 9 
 18 
 7 
 8 
 16 
 21 
 15 
 17 
 6 
 15 
 12 
 5 
 12 
 13 
 15 
 16 
 8 
 22 
 10 
 13 
 6 
 10 
 6 
 11 
 10 
 11 
 14 
 14 
 9 
 11 
 8 
 9 
 13 
 9 
 12 
 9 
 9 
 11 
 10 
 12 
 10 
 10 
 8 
 11 
 9 
 9 
 9 
 6 
 18 
 17 
 9 
 7 
 13 
 9 
 11 
 7 
 11 
 8 
 15 
 15 
 10 
 16 
 6 
 9 
 7 
 16 
 19 
 9 
 13 
 11 
 12 
 11 
 17 
 11 
 5 
 7 
 14 
 14 
 9 
 7 
 9 
 9 
 13 
 6 
 5 
 10 
 13 
 8 
 10 
 10 
 8 
 16 
 10 
 13 
 13 
 10 
 7 
 12 
 7 
 18 
 17 
 10 
 9 
 8 
 13 
 12 
 8 
 20 
 12 
 10 
 14 
 8 
 4 
 9 
 5 
 6 
 14 
 3 
 5 
 15 
 8 
 12 
 14 
 15 
 13 
 15 
 12 
 7 
 15 
 18 
 16 
 15 
 7 
 8 
 10 
 9 
 11 
 11 
 10 
 13 
 9 
 13 
 12 
 8 
 14 
 12 
 13 
 14 
 14 
 13 
 8 
 11 
 15 
 12 
 16 
 7 
 9 
 9 
 15 
 7 
 9 
 8 
 11 
 15 
 9 
 16 
 16 
 12 
 10 
 16 
 12 
 8 
 13 
 9 
 15 
 11 
 17 
 9 
 11 
 13 
 10 
 16 
 13 
 10 
 12 
 9 
 18 
 13 
 5 
 16 
 15 
 15 
 22 
 11 
 7 
 7 
 8 
 19 
 9 
 9 
 12 
 13 
 10 
 7 
 14 
 7 
 14 
 9 
 14 
 11 
 16 
 18 
 10 
 4 
 12 
 13 
 13 
 18 
 11 
 9 
 9 
 19 
 13 
 10 
 12 
 19 
 18 
 5 
 19 
 12 
 15 
 10 
 12 
 7 
 11 
 10 
 10 
 16 
 13 
 12 
 9 
 14 
 12 
 16 
 9 
 13 
 16 
 17 
 7 
 11 
 14 
 17 
 16 
 10 
 11 
 8 
 12 
 14 
 13 
 12 
 13 
 13 
 13 
 9 
 14 
 12 
 17 
 14 
 19 
 14 
 18 
 15 
 11 
 14 
 12 
 15 
 14 
 16 
 22 
 15 
 14 
 23 
 16 
 15 
 12 
 13 
 15 
 11 
 14 
 13 
 13 
 10 
 14 
 15 
 15 
 16 
 10 
 20 
 15 
 9 
 15 
 12 
 16 
 11 
 21 
 14 
 13 
 23 
 10 
 13 
 6 
 17 
 20 
 14 
 15 
 9 
 7 
 7 
 9 
 17 
 21 
 10 
 10 
 12 
 5 
 8 
 14 
 12 
 11 
 14 
 20 
 15 
 5 
 8 
 15 
 13 
 5 
 5 
 11 
 10 
 10 
 11 
 8 
 7 
 12 
 16 
 9 
 5 
 6 
 12 
 11 
 8 
 10 
 5 
 14 
 5 
 6 
 8 
 8 
 10 
 8 
 8 
 8 
 5 
 7 
 9 
 7 
 4 
 12 
 8 
 2 
 6 
 5 
 8 
 10 
 5 
 6 
 4 
 3 
 6 
 6 
 4 
 6 
 12 
 3 
 8 
 5 
 2 
 9 
 3 
 11 
 7 
 6 
 5 
 5 
 6 
 8 
 6 
 5 
 8 
 5 
 3 
 4 
 3 
 7 
 4 
 5 
 3 
 4 
 7 
 3 
 6 
 8 
 6 
 2 
 2 
 3 
 5 
 2 
 5 
 4 
 3 
 6 
 3 
 2 
 3 
 6 
 3 
 6 
 1 
 4 
 1 
 5 
 1 
 4 
 4 
 7 
 4 
 6 
 4 
 3 
 7 
 3 
 7 
 6 
 4 
 1 
 3 
 6 
 3 
 2 
 6 
 6 
 1 
 4 
 2 
 3 
 4 
 2 
 7 
 5 
 1 
 2 
 2 
 2 
 4 
 6 
 3 
 1 
 4 
 5 
 3 
 5 
 9 
 8 
 1 
 2 
 2 
 3 
 8 
 2 
 3 
 4 
 3 
 6 
 6 
 6 
 0 
 8 
 4 
 2 
 5 
 3 
 2 
 7 
 5 
 5 
 6 
 4 
 2 
 4 
 6 
 4 
 2 
 0 
 2 
 2 
 1 
 2 
 2 
 4 
 1 
 6 
 2 
 5 
 3 
 1 
 2 
 5 
 4 
 2 
 2 
 3 
 10 
 4 
 3 
 6 
 4 
 9 
 2 
 5 
 9 
 10 
 5 
 3 
 8 
 5 
 9 
 5 
 8 
 2 
 9 
 7 
 17 
 11 
 7 
 17 
 10 
 7 
 13 
 11 
 6 
 15 
 13 
 17 
 14 
 11 
 11 
 16 
 21 
 9 
 13 
 13 
 15 
 14 
 19 
 20 
 22 
 29 
 19 
 23 
 19 
 29 
 19 
 27 
 18 
 23 
 31 
 30 
 26 
 27 
 30 
 43 
 28 
 27 
 35 
 43 
 33 
 39 
 24 
 31 
 31 
 39 
 42 
 33 
 42 
 39 
 34 
 33 
 38 
 32 
 21 
 38 
 35 
 44 
 30 
 42 
 44 
 45 
 30 
 37 
 43 
 26 
 36 
 34 
 36 
 42 
 43 
 36 
 34 
 36 
 35 
 39 
 35 
 31 
 29 
 27 
 27 
 41 
 35 
 25 
 22 
 33 
 21 
 40 
 25 
 27 
 30 
 23 
 21 
 26 
 23 
 21 
 23 
 18 
 32 
 18 
 23 
 17 
 18 
 20 
 20 
 20 
 16 
 18 
 17 
 15 
 11 
 9 
 14 
 10 
 11 
 8 
 7 
 10 
 10 
 13 
 11 
 10 
 5 
 8 
 6 
 3 
 8 
 9 
 5 
 5 
 5 
 4 
 3 
 1 
 1 
 5 
 4 
 3 
 4 
 1 
 2 
 2 
 3 
 2 
 1 
 5 
 4 
 3 
 1 
 2 
 0 
 1 
 3 
 2 
 3 
 2 
 2 
 0 
 0 
 2 
 1 
 1 
 1 
 2 
 2 
 0 
 1 
 0 
 1 
 1 
 2 
 0 
 2 
 2 
 0 
 1 
 0 
 2 
 2 
 3 
 2 
 0 
 0 
 0 
 1 
 1 
 0 
 0 
 1 
 0 
 0 
 0 
 1 
 0 
 0 
 0 
 1 
 0 
 1 
 0 
 0 
 0 
 2 
 0 
 1 
 0 
 1 
 0 
 0 
 0 
 1 
 0 
 0 
 0 
 0 
 0 
 1 
 0 
 1 
 1 
 0 
 1 
 1 
 1 
 1 
 0 
 0 
 0 
 0 
 1 
 0 
 2 
 0 
 0 
 0 
 1 
 1 
 2 
 0 
 1 
 0 
 1 
 0 
 1 
 0 
 0 
 1 
 1 
 0 
 0 
 1 
 0 
 1 
 0 
 0 
 0 
 0 
 0 
 1 
 0 
 0 
 0 
 0 
 0 
 0 
 0 
 0 
 0 
 1 
 0 
 0 
 0 
 0 
 0 
 0 
 0 
 2 
 0 
 0 
 1 
 0 
 0 
 0 
 0 
 1 
 0 
 0 
 2 
 0 
 1 
 0 
 0 
 1 
 0 
 0 
 0 
 1 
 0 
 0 
 0 
 1 
 0 
 1 
 0 
 0 
 0 
 0 
 0 
 0 
 0 
 0 
 0 
 0 
 0 
 0 
 0 
 0 
 0 
 0 
 0 
 0 
 0 
 0 
 0 
 0 
 0 
 0 
 0 
 0 
 0 
 0 
 0 
 0 
 0 
 0 
 0 
 0 
 0 
 0 
 0 
 0 
 0 
 0 
 0 
 1 
 0 
 0 
 0 
 0 
 0 
 0 
 0 
 1 
 0 
 0 
 0 
 0 
 0 
 0 
 0 
 0 
 0 
 0 
 0 
 2 
 0 
 0 
 0 
 0 
 0 
 0 
 0 
 0 
 0 
 0 
 1 
 0 
 0 
 0 
 0 
 0 
 0 
 0 
 0 
 1 
 0 
 1 
 0 
 0 
 0 
 0 
 0 
 0 
 0 
 0 
 0 
 0 
 0 
 1 
 0 
 1 
 0 
 0 
 0 
 0 
 0 
 0 
 0 
 0 
 0 
 0 
 0 
 0 
 0 
 0 
 0 
 0 
 0 
 0 
 0 
 0 
 0 
 0 
 0 
 0 
 0 
 0 
 1 
 1 
 0 
 0 
 0 
 1 
 0 
 0 
 1 
 0 
 0 
 0 
 0 
 0 
 0 
 0 
 0 
 0 
 0 
 0 
 0 
 0 
 0 
 0 
 0 
 0 
 1 
 0 
 1 
 0 
 0 
 0 
 0 
 0 
 0 
 0 
 1 
 0 
 0 
 1 
 0 
 1 
 0 
 0 
 0 
 0 
 1 
 0 
 0 
 1 
 0 
 0 
 0 
 0 
 1 
 1 
 0 
 0 
 0 
 0 
 1 
 0 
 0 
 0 
 0 
 0 
 0 
 0 
 0 
 0 
 0 
 0 
 0 
 0 
 0 
 0 
 0 
 0 
 0 
 0 
 0 
 0 
 0 
 1 
 0 
 1 
 0 
 0 
 0 
 0 
 0 
 0 
 0 
 0 
 0 
 0 
 0 
 0 
 0 
 0 
 0 
 1 
 0 
 0 
 0 
 0 
 0 
 0 
 0 
 0 
 0 
 0 
 0 
 0 
 0 
 0 
 0 
 0 
 0 
 0 
 0 
 0 
 0 
 0 
 0 
 0 
 1 
 0 
 0 
 0 
 0 
 0 
 1 
 0 
 0 
 0 
 0 
 0 
 0 
 0 
 0 
 0 
 0 
 0 
 1 
 0 
 0 
 0 
 0 
 0 
 0 
 0 
 0 
 0 
 0 
 0 
 0 
 0 
 0 
 0 
 0 
 0 
 0 
 0 
 0 
 0 
 0 
 0 
 0 
 0 
 0 
 0 
 0 
 0 
 0 
 0 
 1 
 0 
 0 
 0 
 0 
 0 
 0 
 0 
 0 
 0 
 0 
 0 
 0 
 0 
 0 
 0 
 1 
 0 
 0 
 1 
 0 
 0 
 0 
 0 
 0 
 0 
 0 
 0 
 0 
 0 
 0 
 0 
 0 
 0 
 0 
 0 
 0 
 0 
 0 
 0 
 0 
 1 
 0 
 0 
 0 
 0 
 1 
 0 
 0 
 0 
 0 
 0 
 0 
 0 
 0 
 0 
 0 
 0 
 0 
 1 
 0 
 1 
 0 
 0 
 0 
 1 
 0 
 0 
 0 
 0 
 0 
 0 
 0 
 0 
 0 
 0 
 0 
 0 
 0 
 0 
 0 
 0 
 0 
 0 
 0 
 0 
 0 
 0 
 0 
 0 
 0 
 0 
 0 
 0 
 0 
 0 
 0 
 0 
 0 
 0 
 0 
 0 
 0 
 0 
 0 
 0 
 0 
 0 
 0 
 0 
 0 
 1 
 0 
 0 
 0 
 0 
 0 
 0 
 0 
 0 
 0 
 0 
 0 
 0 
 0 
 0 
 0 
 0 
 0 
 0 
 0 
 0 
 0 
 0 
 0 
 0 
 0 
 0 
 0 
 0 
 0 
 0 
 0 
 0 
 0 
 0 
 0 
 0 
 0 
 0 
 0 
 0 
 0 
 0 
 0 
 0 
 0 
 0 
 0 
 0 
 0 
 0 
 0 
 0 
 0 
 0 
 0 
 0 
 0 
 0 
 0 
 0 
 0 
 0 
 0 
 0 
 0 
 0 
 0 
 0 
 0 
 0 
 0 
 0 
 0 
 0 
 0 
 0 
 0 
 0 
 0 
 0 
 0 
 0 
 0 
 0 
 0 
 0 
 0 
 0 
 0 
 0 
 0 
 0 
 0 
 0 
 0 
 0 
 0 
 0 
 0 
 0 
 0 
 0 
 0 
 0 
 0 
 0 
 0 
 0 
 0 
 0 
 0 
 0 
 0 
 0 
 0 
 0 
 0 
 0 
 0 
 0 
 0 
 0 
 0 
 0 
 0 
 0 
 0 
 0 
 0 
 0 
 0 
 0 
 0 
 0 
 0 
 0 
 0 
 0 
 1 
 0 
 0 
 0 
 0 
 0 
 0 
 0 
 0 
 0 
 0 
 0 
 0 
 0 
 0 
 0 
 0 
 0 
 0 
 0 
 1 
 0 
 0 
 0 
 0 
 0 
 0 
 0 
 0 
 0 
 0 
 0 
 0 
 0 
 0 
 0 
 0 
 0 
 0 
 0 
 0 
 0 
 0 
 0 
 0 
 0 
 0 
 0 
 1 
 0 
 0 
 0 
 0 
 0 
 0 
 0 
 0 
 0 
 0 
 0 
 0 
 0 
 0 
 0 
 0 
 0 
 0 
 0 
 0 
 0 
 0 
 0 
 1 
 0 
 0 
 0 
 0 
 0 
 0 
 0 
 0 
 0 
 0 
 0 
 0 
 0 
 0 
 0 
 0 
 0 
 0 
 0 
 0 
 0 
 0 
 0 
 0 
 0 
 0 
 0 
 0 
 0 
 0 
 0 
 0 
 0 
 0 
 0 
 0 
 1 
 0 
 0 
 0 
 1 
 0 
 0 
 0 
 0 
 0 
 0 
 0 
 0 
 0 
 0 
 0 
 0 
 0 
 0 
 0 
 0 
 0 
 0 
 0 
 0 
 0 
 0 
 0 
 0 
 0 
 0 
 0 
 0 
 0 
 0 
 0 
 0 
 0 
 0 
 0 
 0 
 0 
 0 
 0 
 0 
 0 
 0 
 0 
 0 
 0 
 0 
 0 
 0 
 0 
 0 
 0 
 0 
 0 
 0 
 0 
 0 
 0 
 0 
 0 
 0 
 0 
 0 
 0 
 0 
 0 
 0 
 0 
 0 
 0 
 0 
 0 
 0 
 0 
 0 
 0 
 1 
 0 
 0 
 0 
 0 
 0 
 0 
 1 
 0 
 0 
 1 
 0 
 0 
 0 
 0 
 0 
 0 
 0 
 0 
 0 
 0 
 0 
 0 
 0 
 0 
 0 
 0 
 0 
 0 
 0 
 1 
 0 
 0 
 0 
 0 
 0 
 0 
 1 
 0 
 0 
 0 
 0 
 0 
 0 
 0 
 0 
 0 
 0 
 0 
 0 
 0 
 0 
 0 
 0 
 0 
 0 
 0 
 0 
 0 
 0 
 0 
 0 
 0 
 0 
 0 
 0 
 0 
 0 
 0 
 0 
 0 
 0 
 0 
 0 
 0 
 0 
 0 
 0 
 0 
 0 
 0 
 0 
 0 
 0 
 0 
 0 
 0 
 0 
 0 
 0 
 0 
 0 
 0 
 0 
 0 
 0 
 0 
 0 
 0 
 0 
 0 
 0 
 0 
 0 
 0 
 0 
 0 
 0 
 0 
 0 
 0 
 0 
 0 
 0 
 0 
 0 
 0 
 0 
 0 
 0 
 1 
 0 
 0 
 0 
 0 
 0 
 0 
 0 
 0 
 0 
 0 
 0 
 0 
 0 
 0 
 0 
 0 
 0 
 0 
 0 
 0 
 0 
 0 
 0 
 0 
 1 
 0 
 0 
 0 
 0 
 0 
 0 
 0 
 0 
 0 
 0 
 0 
 0 
 0 
 0 
 0 
 0 
 0 
 0 
 0 
 0 
 0 
 0 
 0 
 0 
 0 
 0 
 0 
 0 
 0 
 0 
 0 
 0 
 0 
 0 
 0 
 0 
 0 
 0 
 0 
 0 
 0 
 0 
 0 
 0 
 0 
 0 
 0 
 0 
 0 
 1 
 0 
 0 
 0 
 0 
 0 
 0 
 0 
 0 
 0 
 0 
 0 
 0 
 0 
 0 
 0 
 0 
 0 
 0 
 0 
 0 
 0 
 0 
 0 
 0 
 0 
 0 
 0 
 0 
 0 
 0 
 0 
 0 
 0 
 0 
 0 
 0 
 0 
 0 
 0 
 0 
 0 
 0 
 0 
 0 
 0 
 0 
 0 
 0 
 0 
 0 
 0 
 0 
 0 
 0 
 0 
 0 
 0 
 0 
 0 
 0 
 0 
 0 
 0 
 0 
 0 
 0 
 0 
 0 
 0 
 0 
 0 
 0 
 0 
 0 
 0 
 0 
 0 
 0 
 0 
 0 
 0 
 0 
 0 
 0 
 0 
 0 
 0 
 0 
 0 
 0 
 0 
 0 
 0 
 0 
 0 
 0 
 0 
 0 
 0 
 0 
 0 
 0 
 0 
 0 
 0 
 0 
 0 
 0 
 0 
 0 
 0 
 0 
 0 
 0 
 0 
 0 
 0 
 0 
 0 
 0 
 0 
 0 
 0 
 0 
 0 
 0 
 0 
 0 
 0 
 0 
 0 
 0 
 0 
 0 
 0 
 0 
 0 
 0 
 0 
 0 
 0 
 0 
 0 
 0 
 0 
 0 
 0 
 0 
 0 
 0 
 0 
 0 
 0 
 0 
 0 
 0 
 0 
 0 
 0 
 0 
 0 
 0 
 0 
 0 
 0 
 0 
 0 
 0 
 0 
 0 
 0 
 0 
 0 
 0 
 0 
 0 
 0 
 0 
 0 
 0 
 0 
 0 
 0 
 0 
 0 
 0 
 0 
 0 
 0 
 0 
 0 
 0 
 0 
 0 
 0 
 0 
 0 
 0 
 0 
 0 
 0 
 0 
 0 
 0 
 0 
 0 
 0 
 0 
 0 
 0 
 0 
 0 
 0 
 0 
 0 
 0 
 0 
 0 
 0 
 0 
 0 
 0 
 0 
 0 
 0 
 0 
 0 
 0 
 0 
 0 
 0 
 0 
 0 
 1 
 0 
 1 
 0 
 0 
 0 
 0 
 0 
 0 
 0 
 0 
 0 
 0 
 0 
 0 
 0 
 0 
 0 
 0 
 0 
 0 
 0 
 0 
 1 
 1 
 0 
 0 
 0 
 0 
 0 
 0 
 1 
 0 
 0 
 0 
 0 
 0 
 0 
 0 
 0 
 0 
 0 
 0 
 0 
 1 
 0 
 0 
 0 
 0 
 0 
 0 
 0 
 0 
 0 
 0 
 0 
 0 
 0 
 0 
 0 
 0 
 0 
 0 
 0 
 1 
 0 
 0 
 0 
 0 
 0 
 0 
 0 
 0 
 0 
 0 
 0 
 0 
 0 
 0 
 0 
 0 
 0 
 0 
 0 
 0 
 0 
 0 
 0 
 0 
 0 
 0 
 0 
 0 
 0 
 0 
 0 
 0 
 0 
 0 
 0 
 0 
 0 
 0 
 0 
 0 
 0 
 0 
 0 
 0 
 0 
 0 
 0 
 0 
 0 
 0 
 0 
 0 
 0 
 0 
 0 
 0 
 0 
 0 
 0 
 0 
 0 
 0 
 0 
 0 
 0 
 0 
 0 
 0 
 0 
 0 
 0 
 0 
 0 
 0 
 0 
 0 
 0 
 0 
 0 
 0 
 0 
 0 
 0 
 0 
 0 
 0 
 0 
 0 
 0 
 0 
 0 
 0 
 0 
 0 
 0 
 0 
 0 
 0 
 0 
 0 
 0 
 0 
 0 
 0 
 0 
 0 
 0 
 0 
 0 
 0 
 0 
 0 
 0 
 0 
 0 
 0 
 0 
 0 
 0 
 0 
 0 
 0 
 0 
 0 
 0 
 0 
 0 
 0 
 0 
 0 
 0 
 0 
 0 
 0 
 0 
 0 
 0 
 0 
 0 
 0 
 0 
 0 
 0 
 0 
 0 
 0 
 0 
 0 
 0 
 0 
 0 
 0 
 0 
 0 
 0 
 0 
 0 
 0 
 0 
 0 
 0 
 0 
 0 
 0 
 0 
 0 
 0 
 0 
 0 
 0 
 0 
 0 
 0 
 0 
 0 
 0 
 0 
 0 
 0 
 0 
 0 
 0 
 0 
 0 
 0 
 0 
 0 
 0 
 0 
 0 
 0 
 0 
 0 
 0 
 0 
 0 
 0 
 0 
 0 
 0 
 0 
 0 
 0 
 0 
 0 
 0 
 0 
 0 
 0 
 0 
 0 
 0 
 0 
 0 
 0 
 0 
 0 
 0 
 0 
 0 
 0 
 0 
 0 
 0 
 0 
 0 
 0 
 0 
 0 
 0 
 0 
 0 
 0 
 0 
 0 
 0 
 0 
 0 
 0 
 0 
 0 
 0 
 0 
 0 
 0 
 0 
 0 
 0 
 0 
 0 
 0 
 0 
 0 
 0 
 0 
 0 
 0 
 0 
 0 
 0 
 0 
 0 
 0 
 0 
 0 
 0 
 0 
 0 
 0 
 0 
 0 
 0 
 0 
 0 
 0 
 0 
 0 
 0 
 0 
 0 
 0 
 0 
 0 
 0 
 0 
 0 
 0 
 0 
 0 
 0 
 0 
 0 
 0 
 0 
 0 
 0 
 0 
 0 
 0 
 0 
 0 
 0 
 0 
 0 
 0 
 0 
 0 
 0 
 0 
 0 
 0 
 0 
 0 
 0 
 0 
 0 
 0 
 0 
 0 
 0 
 0 
 0 
 0 
 0 
 0 
 0 
 0 
 0 
 0 
 0 
 0 
 0 
 0 
 0 
 0 
 0 
 0 
 0 
 0 
 0 
 0 
 0 
 0 
 0 
 0 
 0 
 0 
 0 
 0 
 0 
 0 
 0 
 0 
 0 
 0 
 0 
 0 
 0 
 0 
 0 
 0 
 0 
 0 
 0 
 0 
 0 
 0 
 0 
 0 
 0 
 0 
 0 
 0 
 0 
 0 
 0 
 0 
 0 
 0 
 0 
 0 
 0 
 0 
 0 
 0 
 0 
 0 
 0 
 0 
 0 
 0 
 0 
 0 
 0 
 0 
 0 
 0 
 0 
 0 
 0 
 0 
 0 
 0 
 0 
 0 
 0 
 0 
 0 
 0 
 0 
 0 
 0 
 0 
 0 
 0 
 0 
 0 
 0 
 0 
 0 
 0 
 0 
 0 
 0 
 0 
 0 
 0 
 0 
 0 
 0 
 0 
 0 
 0 
 0 
 0 
 0 
 0 
 0 
 0 
 0 
 0 
 0 
 0 
 0 
 0 
 0 
 0 
 0 
 0 
 0 
 0 
 0 
 0 
 0 
 0 
 0 
 0 
 0 
 0 
 0 
 0 
 0 
 0 
 0 
 0 
 0 
 0 
 0 
 0 
 0 
 0 
 0 
 0 
 0 
 0 
 0 
 0 
 0 
 0 
 0 
 0 
 0 
 0 
 0 
 0 
 0 
 0 
 0 
 0 
 0 
 0 
 0 
 0 
 0 
 0 
 0 
 0 
 0 
 0 
 0 
 0 
 0 
 0 
 0 
 0 
 0 
 0 
 0 
 0 
 0 
 0 
 0 
 0 
 0 
 0 
 0 
 0 
 0 
 0 
 0 
 0 
 0 
 0 
 0 
 0 
 0 
 0 
 0 
 0 
 0 
 0 
 0 
 0 
 0 
 0 
 0 
 0 
 0 
 0 
 0 
 0 
 0 
 0 
 0 
 0 
 0 
 0 
 0 
 0 
 0 
 0 
 0 
 0 
 0 
 0 
 0 
 0 
 0 
 0 
 0 
 0 
 0 
 0 
 0 
 0 
 0 
 0 
 0 
 0 
 0 
 0 
 0 
 0 
 0 
 0 
 0 
 0 
 0 
 0 
 0 
 0 
 0 
 0 
 0 
 0 
 0 
 0 
 0 
 0 
 0 
 0 
 0 
 0 
 0 
 0 
 0 
 0 
 0 
 0 
 0 
 0 
 0 
 0 
 0 
 0 
 0 
 0 
 0 
 0 
 0 
 0 
 0 
 0 
 0 
 0 
 0 
 0 
 0 
 0 
 0 
 0 
 0 
 0 
 0 
 0 
 0 
 0 
 0 
 0 
 0 
 0 
 0 
 0 
 0 
 0 
 0 
 0 
 0 
 0 
 0 
 0 
 0 
 0 
 0 
 0 
 0 
 0 
 0 
 0 
 0 
 0 
 0 
 0 
 0 
 0 
 0 
 0 
 0 
 0 
 0 
 0 
 0 
 0 
 0 
 0 
 0 
 0 
 0 
 0 
 0 
 0 
 0 
 0 
 0 
 0 
 0 
 0 
 0 
 0 
 0 
 0 
 0 
 0 
 0 
 0 
 0 
 0 
 0 
 0 
 0 
 0 
 0 
 0 
 0 
 0 
 0 
 0 
 0 
 0 
 0 
 0 
 0 
 0 
 0 
 0 
 0 
 0 
 0 
 0 
 0 
 0 
 0 
 0 
 0 
 0 
 0 
 0 
 0 
 0 
 0 
 0 
 0 
 0 
 0 
 0 
 0 
 0 
 0 
 0 
 0 
 0 
 0 
 0 
 0 
 0 
 0 
 0 
 0 
 0 
 0 
 0 
 0 
 0 
 0 
 0 
 0 
 0 
 0 
 0 
 0 
 0 
 0 
 0 
 0 
 0 
 0 
 0 
 0 
 0 
 0 
 0 
 0 
 0 
 0 
 0 
 0 
 0 
 0 
 0 
 0 
 0 
 0 
 0 
 0 
 0 
 0 
 0 
 0 
 0 
 0 
 0 
 0 
 0 
 0 
 0 
 0 
 0 
 0 
 0 
 0 
 0 
 0 
 0 
 0 
 0 
 0 
 0 
 0 
 0 
 0 
 0 
 0 
 0 
 0 
 0 
 0 
 0 
 0 
 0 
 0 
 0 
 0 
 0 
 0 
 0 
 0 
 0 
 0 
 0 
 0 
 0 
 0 
 0 
 0 
 0 
 0 
 0 
 0 
 0 
 0 
 0 
 0 
 0 
 0 
 0 
 0 
 0 
 0 
 0 
 0 
 0 
 0 
 0 
 0 
 0 
 0 
 0 
 0 
 0 
 0 
 0 
 0 
 0 
 0 
 0 
 0 
 0 
 0 
 0 
 0 
 0 
 0 
 0 
 0 
 0 
 0 
 0 
 0 
 0 
 0 
 0 
 0 
 0 
 0 
 0 
 0 
 0 
 0 
 0 
 0 
 0 
 0 
 0 
 0 
 0 
 0 
 0 
 0 
 0 
 0 
 0 
 0 
 0 
 0 
 0 
 0 
 0 
 0 
 0 
 0 
 0 
 0 
 0 
 0 
 0 
 0 
 0 
 0 
 0 
 0 
 0 
 0 
 0 
 0 
 0 
 0 
 0 
 0 
 0 
 0 
 0 
 0 
 0 
 0 
 0 
 0 
 0 
 0 
 0 
 0 
 0 
 0 
 0 
 0 
 0 
 0 
 0 
 0 
 0 
 0 
 0 
 0 
 0 
 0 
 0 
 0 
 0 
 0 
 0 
 0 
 0 
 0 
 0 
 0 
 0 
 0 
 0 
 0 
 0 
 0 
 0 
 0 
 0 
 0 
 0 
 0 
 0 
 0 
 0 
 0 
 1 
 0 
 0 
 0 
 0 
 0 
 0 
 0 
 0 
 0 
 0 
 0 
 0 
 0 
 0 
 0 
 0 
 0 
 0 
 0 
 0 
 0 
 0 
 0 
 0 
 0 
 0 
 0 
 0 
 0 
 0 
 0 
 0 
 0 
 0 
 0 
 0 
 0 
 0 
 0 
 0 
 0 
 0 
 0 
 0 
 0 
 0 
 0 
 0 
 0 
 0 
 0 
 0 
 0 
 0 
 0 
 0 
 0 
 0 
 0 
 0 
 0 
 0 
 0 
 0 
 0 
 0 
 1 
 0 
 0 
 0 
 0 
 0 
 0 
 0 
 0 
 0 
 0 
 0 
 0 
 0 
 0 
 0 
 0 
 0 
 0 
 0 
 0 
 0 
 0 
 0 
 0 
 0 
 0 
 0 
 0 
 0 
 0 
 0 
 0 
 0 
 0 
 0 
 0 
 0 
 0 
 0 
 0 
 0 
 0 
 0 
 0 
 0 
 0 
 0 
 0 
 0 
 0 
 0 
 0 
 0 
 0 
 0 
 0 
 0 
 0 
 0 
 0 
 0 
 0 
 0 
 0 
 0 
 0 
 0 
 0 
 0 
 0 
 0 
 0 
 0 
 0 
 0 
 0 
 0 
 0 
 0 
 0 
 0 
 0 
 0 
 0 
 0 
 0 
 0 
 0 
 0 
 0 
 0 
 0 
 0 
 0 
 0 
 0 
 0 
 0 
 0 
 0 
 0 
 0 
 0 
 0 
 0 
 0 
 0 
 0 
 0 
 0 
 0 
 0 
 0 
 0 
 0 
 0 
 0 
 0 
 0 
 0 
 0 
 0 
 0 
 0 
 0 
 0 
 0 
 0 
 0 
 0 
 0 
 0 
 0 
 0 
 0 
 0 
 0 
 0 
 0 
 0 
 0 
 0 
 0 
 0 
 0 
 0 
 0 
 0 
 0 
 0 
 0 
 0 
 0 
 0 
 0 
 0 
 0 
 0 
 0 
 0 
