 0 
 0 
 0 
 0 
 0 
 0 
 0 
 0 
 0 
 0 
 0 
 0 
 0 
 0 
 0 
 0 
 0 
 0 
 0 
 0 
 0 
 0 
 0 
 1 
 2 
 2 
 3 
 0 
 8 
 6 
 10 
 19 
 16 
 20 
 31 
 31 
 33 
 51 
 42 
 45 
 53 
 45 
 55 
 61 
 64 
 60 
 75 
 64 
 74 
 68 
 68 
 69 
 73 
 69 
 77 
 98 
 97 
 84 
 98 
 75 
 68 
 87 
 82 
 88 
 100 
 70 
 85 
 99 
 74 
 91 
 91 
 86 
 103 
 108 
 85 
 96 
 106 
 114 
 86 
 107 
 115 
 103 
 116 
 115 
 134 
 148 
 127 
 173 
 183 
 155 
 178 
 190 
 195 
 204 
 205 
 213 
 218 
 247 
 205 
 213 
 198 
 207 
 205 
 168 
 183 
 166 
 161 
 171 
 154 
 151 
 151 
 134 
 154 
 138 
 132 
 150 
 135 
 130 
 112 
 123 
 101 
 108 
 130 
 105 
 126 
 97 
 106 
 94 
 105 
 98 
 90 
 96 
 111 
 117 
 107 
 114 
 108 
 134 
 89 
 112 
 118 
 109 
 101 
 130 
 120 
 128 
 119 
 113 
 119 
 108 
 101 
 102 
 116 
 117 
 107 
 114 
 111 
 104 
 125 
 120 
 133 
 112 
 121 
 93 
 121 
 117 
 110 
 109 
 99 
 124 
 118 
 120 
 132 
 114 
 122 
 118 
 117 
 108 
 105 
 114 
 106 
 133 
 107 
 122 
 108 
 115 
 120 
 134 
 127 
 111 
 133 
 127 
 136 
 117 
 117 
 106 
 132 
 123 
 134 
 138 
 119 
 155 
 126 
 135 
 144 
 138 
 140 
 138 
 132 
 135 
 123 
 129 
 151 
 133 
 159 
 123 
 133 
 139 
 136 
 128 
 159 
 141 
 137 
 112 
 127 
 133 
 116 
 128 
 122 
 113 
 138 
 132 
 117 
 130 
 120 
 115 
 118 
 134 
 111 
 135 
 103 
 132 
 115 
 131 
 121 
 116 
 119 
 109 
 99 
 122 
 98 
 114 
 129 
 109 
 102 
 112 
 109 
 119 
 120 
 127 
 127 
 114 
 114 
 114 
 110 
 129 
 103 
 117 
 114 
 100 
 124 
 112 
 111 
 97 
 111 
 96 
 102 
 104 
 103 
 98 
 97 
 103 
 108 
 85 
 96 
 109 
 91 
 93 
 97 
 85 
 101 
 98 
 105 
 84 
 95 
 88 
 89 
 90 
 93 
 74 
 86 
 77 
 79 
 79 
 87 
 83 
 72 
 77 
 71 
 85 
 78 
 66 
 76 
 103 
 69 
 77 
 81 
 80 
 70 
 62 
 67 
 79 
 73 
 65 
 81 
 75 
 73 
 86 
 69 
 63 
 64 
 87 
 63 
 60 
 76 
 52 
 74 
 70 
 55 
 75 
 77 
 72 
 68 
 73 
 72 
 72 
 50 
 78 
 76 
 68 
 52 
 76 
 65 
 50 
 66 
 73 
 52 
 70 
 47 
 84 
 64 
 66 
 66 
 59 
 61 
 54 
 59 
 91 
 63 
 65 
 54 
 54 
 49 
 65 
 41 
 43 
 52 
 58 
 46 
 51 
 66 
 50 
 51 
 72 
 60 
 57 
 55 
 55 
 40 
 49 
 35 
 51 
 49 
 43 
 40 
 37 
 48 
 37 
 41 
 34 
 46 
 44 
 39 
 41 
 48 
 48 
 30 
 50 
 33 
 46 
 35 
 44 
 30 
 30 
 49 
 40 
 34 
 33 
 29 
 36 
 34 
 33 
 48 
 37 
 32 
 36 
 32 
 30 
 51 
 38 
 37 
 36 
 32 
 35 
 36 
 40 
 32 
 36 
 35 
 30 
 41 
 45 
 43 
 25 
 27 
 29 
 30 
 38 
 29 
 38 
 27 
 34 
 30 
 42 
 38 
 27 
 24 
 35 
 23 
 32 
 36 
 38 
 34 
 38 
 31 
 37 
 36 
 30 
 27 
 46 
 30 
 48 
 38 
 45 
 31 
 40 
 45 
 26 
 40 
 40 
 34 
 47 
 23 
 29 
 39 
 49 
 33 
 42 
 38 
 40 
 32 
 37 
 34 
 34 
 36 
 39 
 37 
 34 
 38 
 50 
 37 
 49 
 38 
 32 
 48 
 29 
 26 
 29 
 41 
 27 
 44 
 50 
 47 
 46 
 52 
 42 
 38 
 47 
 39 
 29 
 44 
 42 
 35 
 43 
 49 
 34 
 41 
 35 
 51 
 33 
 38 
 44 
 54 
 45 
 53 
 50 
 42 
 48 
 45 
 54 
 58 
 53 
 50 
 48 
 66 
 72 
 88 
 60 
 70 
 78 
 83 
 88 
 109 
 77 
 100 
 90 
 93 
 86 
 108 
 95 
 121 
 113 
 104 
 144 
 140 
 148 
 163 
 156 
 159 
 168 
 152 
 178 
 164 
 154 
 130 
 178 
 214 
 190 
 171 
 176 
 189 
 193 
 216 
 181 
 197 
 182 
 192 
 198 
 204 
 170 
 202 
 170 
 190 
 167 
 195 
 162 
 139 
 168 
 143 
 165 
 157 
 174 
 118 
 142 
 119 
 110 
 102 
 126 
 121 
 96 
 92 
 72 
 71 
 60 
 72 
 62 
 74 
 67 
 61 
 53 
 44 
 56 
 30 
 41 
 55 
 26 
 39 
 21 
 15 
 25 
 24 
 23 
 22 
 22 
 23 
 26 
 16 
 18 
 13 
 10 
 23 
 16 
 14 
 20 
 16 
 12 
 11 
 16 
 17 
 9 
 13 
 10 
 15 
 17 
 15 
 18 
 10 
 17 
 10 
 9 
 9 
 15 
 13 
 12 
 13 
 13 
 13 
 12 
 12 
 16 
 12 
 11 
 15 
 14 
 10 
 11 
 10 
 8 
 11 
 8 
 13 
 9 
 15 
 9 
 7 
 10 
 21 
 7 
 15 
 15 
 11 
 14 
 13 
 11 
 14 
 9 
 12 
 16 
 13 
 7 
 4 
 12 
 8 
 9 
 13 
 11 
 14 
 10 
 18 
 17 
 11 
 12 
 15 
 18 
 12 
 14 
 5 
 11 
 8 
 11 
 12 
 14 
 17 
 18 
 12 
 9 
 8 
 6 
 12 
 10 
 10 
 15 
 7 
 6 
 12 
 7 
 14 
 15 
 10 
 10 
 14 
 11 
 6 
 11 
 12 
 12 
 9 
 9 
 18 
 10 
 10 
 15 
 9 
 8 
 7 
 9 
 17 
 8 
 16 
 9 
 7 
 9 
 11 
 11 
 17 
 9 
 13 
 16 
 11 
 14 
 9 
 15 
 7 
 14 
 9 
 7 
 10 
 13 
 9 
 9 
 16 
 13 
 6 
 12 
 13 
 11 
 14 
 13 
 15 
 10 
 5 
 15 
 12 
 6 
 14 
 7 
 13 
 13 
 12 
 7 
 10 
 11 
 14 
 15 
 12 
 13 
 7 
 15 
 11 
 16 
 11 
 18 
 9 
 15 
 16 
 7 
 11 
 9 
 10 
 13 
 17 
 15 
 13 
 7 
 6 
 10 
 11 
 13 
 11 
 6 
 11 
 8 
 21 
 6 
 10 
 7 
 12 
 14 
 12 
 10 
 10 
 5 
 11 
 10 
 14 
 12 
 15 
 10 
 10 
 12 
 12 
 14 
 7 
 7 
 11 
 10 
 10 
 16 
 8 
 15 
 11 
 12 
 9 
 11 
 8 
 7 
 13 
 16 
 12 
 7 
 7 
 17 
 11 
 10 
 9 
 14 
 14 
 6 
 14 
 15 
 13 
 13 
 9 
 7 
 14 
 13 
 16 
 10 
 8 
 12 
 12 
 11 
 5 
 14 
 13 
 9 
 7 
 13 
 11 
 10 
 8 
 20 
 10 
 9 
 12 
 11 
 13 
 15 
 14 
 6 
 8 
 4 
 12 
 14 
 6 
 5 
 9 
 9 
 12 
 10 
 9 
 10 
 13 
 9 
 17 
 12 
 14 
 12 
 12 
 6 
 12 
 10 
 11 
 16 
 12 
 5 
 8 
 6 
 11 
 9 
 11 
 12 
 14 
 5 
 13 
 6 
 10 
 7 
 19 
 10 
 10 
 11 
 8 
 13 
 8 
 12 
 11 
 7 
 8 
 14 
 8 
 12 
 10 
 11 
 16 
 12 
 14 
 10 
 15 
 12 
 12 
 9 
 13 
 12 
 9 
 11 
 17 
 11 
 14 
 10 
 12 
 12 
 11 
 10 
 11 
 16 
 13 
 12 
 12 
 14 
 10 
 14 
 11 
 10 
 12 
 11 
 9 
 11 
 14 
 15 
 12 
 8 
 16 
 9 
 12 
 12 
 14 
 12 
 7 
 16 
 18 
 12 
 19 
 15 
 7 
 9 
 12 
 16 
 10 
 18 
 9 
 12 
 8 
 18 
 14 
 17 
 12 
 13 
 9 
 10 
 9 
 16 
 7 
 7 
 11 
 14 
 12 
 12 
 13 
 22 
 10 
 9 
 22 
 11 
 10 
 14 
 12 
 17 
 18 
 20 
 19 
 9 
 10 
 8 
 9 
 13 
 11 
 12 
 15 
 10 
 11 
 10 
 11 
 18 
 10 
 16 
 18 
 17 
 10 
 11 
 13 
 10 
 16 
 13 
 11 
 7 
 15 
 8 
 8 
 8 
 15 
 14 
 12 
 14 
 12 
 9 
 10 
 20 
 15 
 19 
 12 
 11 
 16 
 13 
 17 
 10 
 14 
 9 
 15 
 8 
 14 
 16 
 14 
 19 
 6 
 13 
 16 
 11 
 10 
 10 
 11 
 7 
 4 
 12 
 18 
 8 
 9 
 13 
 19 
 10 
 13 
 8 
 13 
 15 
 12 
 13 
 14 
 9 
 14 
 12 
 12 
 8 
 14 
 9 
 6 
 14 
 8 
 14 
 11 
 13 
 11 
 16 
 19 
 11 
 6 
 15 
 9 
 11 
 12 
 16 
 11 
 10 
 7 
 10 
 12 
 12 
 7 
 12 
 11 
 13 
 12 
 8 
 7 
 8 
 10 
 4 
 11 
 12 
 10 
 8 
 9 
 10 
 12 
 4 
 7 
 6 
 3 
 7 
 8 
 9 
 8 
 12 
 7 
 11 
 7 
 7 
 7 
 4 
 4 
 6 
 8 
 6 
 5 
 6 
 2 
 4 
 5 
 5 
 8 
 4 
 5 
 7 
 5 
 3 
 7 
 4 
 5 
 5 
 11 
 2 
 6 
 1 
 4 
 6 
 6 
 8 
 9 
 5 
 8 
 6 
 6 
 6 
 4 
 7 
 8 
 4 
 5 
 5 
 5 
 3 
 5 
 4 
 6 
 5 
 5 
 3 
 2 
 7 
 2 
 5 
 8 
 11 
 8 
 3 
 7 
 4 
 7 
 3 
 3 
 6 
 5 
 3 
 1 
 5 
 8 
 8 
 5 
 3 
 6 
 6 
 8 
 4 
 1 
 5 
 2 
 3 
 1 
 5 
 4 
 5 
 6 
 3 
 3 
 4 
 4 
 5 
 3 
 3 
 6 
 0 
 6 
 3 
 5 
 3 
 3 
 0 
 5 
 6 
 2 
 5 
 3 
 5 
 1 
 10 
 4 
 2 
 4 
 3 
 2 
 4 
 2 
 5 
 4 
 5 
 0 
 3 
 3 
 1 
 2 
 4 
 2 
 6 
 3 
 6 
 4 
 2 
 2 
 2 
 5 
 7 
 3 
 1 
 6 
 3 
 6 
 2 
 6 
 8 
 4 
 3 
 5 
 4 
 7 
 5 
 5 
 6 
 6 
 7 
 5 
 4 
 7 
 6 
 4 
 4 
 4 
 5 
 10 
 8 
 7 
 4 
 7 
 6 
 7 
 5 
 8 
 7 
 8 
 8 
 6 
 7 
 12 
 9 
 11 
 10 
 10 
 9 
 11 
 9 
 12 
 17 
 9 
 10 
 14 
 12 
 14 
 24 
 13 
 14 
 18 
 27 
 20 
 19 
 20 
 18 
 20 
 23 
 21 
 26 
 30 
 29 
 25 
 26 
 20 
 21 
 19 
 23 
 26 
 30 
 26 
 28 
 27 
 27 
 39 
 31 
 40 
 39 
 39 
 31 
 37 
 25 
 38 
 40 
 31 
 29 
 42 
 31 
 36 
 36 
 37 
 44 
 39 
 43 
 44 
 27 
 27 
 41 
 30 
 38 
 27 
 36 
 32 
 38 
 25 
 31 
 21 
 31 
 35 
 26 
 35 
 46 
 29 
 33 
 27 
 24 
 24 
 25 
 23 
 19 
 29 
 27 
 19 
 20 
 22 
 21 
 30 
 25 
 23 
 20 
 25 
 17 
 15 
 23 
 20 
 14 
 21 
 14 
 18 
 24 
 19 
 11 
 9 
 14 
 12 
 10 
 18 
 10 
 10 
 6 
 9 
 2 
 8 
 8 
 8 
 10 
 5 
 6 
 6 
 3 
 7 
 3 
 3 
 9 
 5 
 6 
 6 
 8 
 3 
 5 
 3 
 4 
 1 
 6 
 5 
 0 
 1 
 3 
 2 
 1 
 4 
 0 
 2 
 1 
 0 
 1 
 4 
 1 
 1 
 1 
 1 
 1 
 0 
 1 
 0 
 0 
 3 
 1 
 2 
 1 
 0 
 0 
 0 
 2 
 1 
 3 
 0 
 0 
 1 
 0 
 0 
 0 
 1 
 0 
 0 
 0 
 1 
 0 
 0 
 2 
 1 
 2 
 0 
 0 
 0 
 0 
 0 
 1 
 0 
 0 
 3 
 0 
 0 
 0 
 0 
 1 
 0 
 0 
 2 
 0 
 0 
 1 
 0 
 0 
 1 
 1 
 1 
 0 
 0 
 0 
 1 
 0 
 0 
 0 
 1 
 0 
 0 
 0 
 1 
 1 
 1 
 1 
 0 
 0 
 0 
 0 
 0 
 1 
 0 
 0 
 1 
 0 
 0 
 0 
 1 
 0 
 0 
 0 
 0 
 1 
 0 
 2 
 1 
 0 
 0 
 0 
 0 
 0 
 0 
 1 
 1 
 1 
 1 
 0 
 0 
 1 
 1 
 0 
 1 
 0 
 0 
 0 
 1 
 0 
 0 
 0 
 0 
 0 
 0 
 2 
 1 
 1 
 0 
 0 
 0 
 1 
 0 
 1 
 1 
 0 
 1 
 0 
 0 
 0 
 0 
 1 
 1 
 0 
 1 
 0 
 2 
 0 
 1 
 0 
 0 
 0 
 0 
 1 
 0 
 0 
 0 
 0 
 0 
 0 
 1 
 0 
 0 
 0 
 1 
 0 
 1 
 0 
 0 
 0 
 0 
 0 
 0 
 1 
 0 
 0 
 2 
 0 
 1 
 0 
 0 
 0 
 0 
 0 
 0 
 0 
 0 
 1 
 0 
 0 
 0 
 0 
 0 
 0 
 0 
 1 
 0 
 0 
 0 
 0 
 0 
 0 
 0 
 0 
 0 
 0 
 0 
 0 
 0 
 0 
 1 
 0 
 0 
 0 
 0 
 0 
 0 
 0 
 0 
 0 
 0 
 0 
 0 
 0 
 0 
 0 
 0 
 0 
 0 
 0 
 0 
 0 
 0 
 0 
 0 
 1 
 0 
 2 
 0 
 0 
 0 
 0 
 0 
 0 
 0 
 0 
 0 
 0 
 0 
 0 
 0 
 0 
 0 
 0 
 0 
 0 
 0 
 0 
 0 
 1 
 1 
 0 
 0 
 0 
 0 
 0 
 0 
 0 
 0 
 0 
 0 
 0 
 0 
 0 
 0 
 0 
 0 
 0 
 0 
 0 
 0 
 0 
 1 
 0 
 0 
 0 
 0 
 0 
 0 
 0 
 0 
 0 
 0 
 0 
 0 
 0 
 0 
 0 
 1 
 1 
 0 
 1 
 0 
 0 
 0 
 0 
 0 
 0 
 0 
 1 
 0 
 0 
 0 
 0 
 0 
 0 
 0 
 0 
 0 
 0 
 0 
 0 
 0 
 0 
 0 
 0 
 0 
 0 
 0 
 0 
 0 
 0 
 0 
 0 
 0 
 0 
 0 
 0 
 0 
 0 
 0 
 0 
 0 
 0 
 0 
 0 
 0 
 0 
 0 
 0 
 0 
 0 
 0 
 1 
 0 
 0 
 0 
 0 
 0 
 0 
 0 
 0 
 1 
 0 
 0 
 0 
 1 
 0 
 0 
 0 
 0 
 0 
 0 
 0 
 0 
 1 
 0 
 0 
 0 
 0 
 0 
 0 
 0 
 0 
 0 
 0 
 1 
 0 
 0 
 0 
 0 
 1 
 0 
 0 
 0 
 0 
 1 
 0 
 0 
 0 
 0 
 0 
 0 
 0 
 0 
 0 
 0 
 0 
 0 
 0 
 0 
 0 
 0 
 1 
 0 
 0 
 0 
 0 
 0 
 0 
 0 
 1 
 0 
 1 
 0 
 0 
 0 
 0 
 0 
 0 
 1 
 0 
 0 
 0 
 0 
 0 
 1 
 1 
 0 
 0 
 0 
 0 
 0 
 0 
 0 
 0 
 0 
 0 
 0 
 0 
 0 
 0 
 0 
 0 
 1 
 0 
 0 
 0 
 0 
 0 
 2 
 0 
 0 
 0 
 0 
 0 
 1 
 1 
 0 
 0 
 0 
 0 
 0 
 0 
 0 
 0 
 0 
 1 
 0 
 0 
 0 
 0 
 0 
 0 
 1 
 0 
 0 
 1 
 0 
 1 
 0 
 0 
 0 
 0 
 0 
 0 
 0 
 0 
 0 
 0 
 0 
 0 
 0 
 1 
 0 
 0 
 1 
 0 
 0 
 0 
 0 
 0 
 0 
 0 
 0 
 0 
 0 
 0 
 0 
 0 
 0 
 0 
 0 
 0 
 0 
 0 
 0 
 0 
 0 
 0 
 0 
 0 
 0 
 0 
 0 
 0 
 0 
 0 
 0 
 0 
 0 
 0 
 0 
 0 
 0 
 0 
 0 
 0 
 0 
 0 
 0 
 0 
 0 
 0 
 0 
 0 
 0 
 0 
 0 
 0 
 0 
 0 
 0 
 0 
 0 
 0 
 0 
 0 
 0 
 0 
 0 
 0 
 0 
 0 
 0 
 0 
 0 
 0 
 0 
 0 
 0 
 0 
 0 
 0 
 0 
 0 
 0 
 0 
 0 
 0 
 0 
 0 
 0 
 0 
 0 
 0 
 0 
 0 
 0 
 0 
 1 
 0 
 0 
 0 
 0 
 0 
 0 
 0 
 0 
 0 
 0 
 0 
 0 
 0 
 0 
 0 
 0 
 0 
 0 
 0 
 0 
 0 
 0 
 0 
 0 
 0 
 0 
 0 
 0 
 0 
 0 
 0 
 0 
 0 
 0 
 0 
 0 
 0 
 0 
 0 
 0 
 0 
 0 
 0 
 0 
 0 
 0 
 0 
 0 
 0 
 0 
 0 
 0 
 0 
 0 
 0 
 0 
 0 
 0 
 0 
 0 
 0 
 0 
 0 
 0 
 0 
 0 
 0 
 0 
 0 
 0 
 0 
 1 
 0 
 0 
 0 
 0 
 0 
 0 
 0 
 0 
 0 
 0 
 0 
 0 
 0 
 0 
 0 
 0 
 0 
 0 
 0 
 0 
 0 
 0 
 0 
 0 
 0 
 0 
 0 
 0 
 0 
 0 
 0 
 0 
 0 
 0 
 0 
 0 
 0 
 0 
 0 
 0 
 0 
 0 
 0 
 0 
 0 
 0 
 0 
 0 
 0 
 0 
 0 
 0 
 0 
 0 
 0 
 0 
 0 
 0 
 0 
 0 
 0 
 0 
 0 
 0 
 0 
 0 
 0 
 0 
 0 
 0 
 0 
 0 
 0 
 0 
 0 
 0 
 0 
 0 
 0 
 0 
 0 
 0 
 0 
 0 
 0 
 0 
 0 
 0 
 0 
 0 
 0 
 0 
 0 
 0 
 0 
 0 
 0 
 0 
 0 
 0 
 0 
 0 
 0 
 0 
 1 
 0 
 0 
 0 
 0 
 0 
 0 
 0 
 0 
 0 
 0 
 0 
 0 
 0 
 0 
 0 
 0 
 0 
 0 
 0 
 0 
 0 
 0 
 0 
 0 
 0 
 0 
 0 
 0 
 1 
 0 
 0 
 0 
 0 
 0 
 0 
 0 
 0 
 0 
 1 
 1 
 0 
 0 
 0 
 0 
 0 
 0 
 0 
 0 
 0 
 0 
 0 
 0 
 0 
 1 
 0 
 0 
 0 
 0 
 0 
 0 
 0 
 0 
 0 
 0 
 0 
 0 
 0 
 0 
 0 
 0 
 0 
 0 
 0 
 0 
 0 
 0 
 0 
 0 
 0 
 0 
 0 
 0 
 0 
 0 
 0 
 0 
 0 
 0 
 0 
 0 
 0 
 0 
 0 
 0 
 0 
 0 
 0 
 0 
 0 
 0 
 0 
 0 
 0 
 0 
 0 
 0 
 0 
 0 
 0 
 0 
 1 
 0 
 0 
 0 
 0 
 0 
 0 
 0 
 0 
 0 
 0 
 0 
 0 
 0 
 0 
 0 
 0 
 0 
 0 
 0 
 0 
 0 
 0 
 0 
 0 
 0 
 0 
 0 
 0 
 0 
 0 
 0 
 0 
 0 
 0 
 1 
 0 
 0 
 0 
 0 
 0 
 0 
 0 
 0 
 0 
 0 
 0 
 0 
 0 
 0 
 0 
 0 
 0 
 0 
 0 
 0 
 0 
 0 
 0 
 1 
 0 
 0 
 0 
 0 
 0 
 0 
 0 
 0 
 0 
 0 
 0 
 0 
 0 
 0 
 0 
 0 
 0 
 0 
 0 
 0 
 0 
 0 
 0 
 0 
 0 
 0 
 0 
 0 
 0 
 0 
 0 
 0 
 0 
 1 
 0 
 0 
 0 
 0 
 0 
 0 
 0 
 0 
 0 
 0 
 0 
 0 
 0 
 0 
 0 
 1 
 0 
 0 
 0 
 0 
 0 
 0 
 0 
 0 
 0 
 0 
 0 
 0 
 0 
 0 
 0 
 0 
 0 
 0 
 0 
 0 
 0 
 0 
 0 
 0 
 0 
 0 
 0 
 0 
 0 
 0 
 0 
 0 
 0 
 0 
 0 
 0 
 0 
 1 
 1 
 0 
 0 
 0 
 0 
 0 
 0 
 0 
 0 
 0 
 0 
 0 
 0 
 0 
 0 
 0 
 0 
 0 
 0 
 0 
 0 
 0 
 0 
 0 
 0 
 0 
 0 
 0 
 0 
 0 
 0 
 0 
 0 
 0 
 0 
 0 
 0 
 1 
 0 
 0 
 0 
 0 
 0 
 0 
 0 
 0 
 0 
 0 
 0 
 0 
 0 
 0 
 0 
 0 
 0 
 0 
 0 
 0 
 0 
 0 
 0 
 0 
 0 
 0 
 0 
 0 
 0 
 0 
 0 
 0 
 0 
 0 
 0 
 1 
 0 
 0 
 0 
 0 
 0 
 0 
 0 
 0 
 0 
 0 
 0 
 0 
 0 
 0 
 0 
 0 
 0 
 0 
 0 
 0 
 0 
 0 
 0 
 0 
 0 
 0 
 0 
 0 
 0 
 0 
 0 
 0 
 0 
 0 
 0 
 0 
 0 
 0 
 0 
 0 
 0 
 0 
 0 
 0 
 0 
 0 
 0 
 0 
 0 
 0 
 0 
 0 
 0 
 0 
 0 
 0 
 0 
 0 
 0 
 0 
 0 
 0 
 0 
 0 
 0 
 0 
 0 
 0 
 0 
 0 
 0 
 0 
 0 
 0 
 0 
 0 
 0 
 0 
 0 
 0 
 0 
 0 
 0 
 0 
 0 
 0 
 0 
 0 
 0 
 0 
 0 
 0 
 0 
 0 
 0 
 0 
 0 
 0 
 0 
 0 
 0 
 0 
 0 
 0 
 0 
 0 
 0 
 0 
 0 
 0 
 0 
 0 
 0 
 0 
 0 
 0 
 0 
 0 
 0 
 0 
 0 
 0 
 0 
 0 
 0 
 0 
 0 
 0 
 0 
 0 
 0 
 0 
 0 
 0 
 0 
 0 
 0 
 0 
 0 
 0 
 0 
 0 
 0 
 0 
 0 
 0 
 0 
 0 
 0 
 0 
 0 
 0 
 0 
 0 
 0 
 0 
 0 
 0 
 0 
 0 
 0 
 0 
 0 
 0 
 0 
 0 
 0 
 0 
 0 
 0 
 0 
 0 
 0 
 0 
 0 
 0 
 0 
 0 
 0 
 0 
 0 
 0 
 0 
 0 
 0 
 0 
 0 
 0 
 0 
 0 
 0 
 0 
 0 
 1 
 0 
 0 
 0 
 0 
 0 
 0 
 0 
 0 
 0 
 0 
 0 
 0 
 0 
 0 
 0 
 0 
 0 
 0 
 0 
 0 
 0 
 0 
 0 
 0 
 0 
 0 
 0 
 0 
 0 
 0 
 0 
 0 
 0 
 0 
 0 
 0 
 0 
 0 
 0 
 0 
 0 
 0 
 0 
 0 
 0 
 0 
 0 
 0 
 0 
 0 
 0 
 0 
 0 
 0 
 0 
 0 
 0 
 0 
 0 
 0 
 0 
 0 
 0 
 0 
 0 
 0 
 0 
 0 
 0 
 0 
 0 
 0 
 0 
 0 
 0 
 0 
 0 
 0 
 0 
 0 
 0 
 0 
 0 
 0 
 0 
 0 
 0 
 0 
 0 
 0 
 0 
 0 
 0 
 0 
 0 
 1 
 0 
 0 
 0 
 0 
 0 
 0 
 0 
 0 
 0 
 0 
 0 
 0 
 0 
 0 
 0 
 0 
 0 
 0 
 0 
 0 
 0 
 0 
 0 
 0 
 0 
 0 
 0 
 0 
 0 
 0 
 0 
 0 
 0 
 0 
 0 
 0 
 0 
 0 
 0 
 0 
 0 
 0 
 0 
 0 
 0 
 0 
 0 
 0 
 0 
 0 
 0 
 0 
 0 
 0 
 0 
 0 
 0 
 0 
 0 
 1 
 0 
 0 
 0 
 0 
 0 
 0 
 0 
 0 
 0 
 0 
 0 
 0 
 0 
 0 
 0 
 0 
 0 
 0 
 0 
 0 
 0 
 0 
 0 
 0 
 0 
 0 
 0 
 0 
 0 
 0 
 0 
 0 
 0 
 0 
 0 
 0 
 0 
 0 
 0 
 0 
 0 
 0 
 0 
 0 
 0 
 0 
 0 
 0 
 0 
 0 
 0 
 0 
 0 
 0 
 0 
 0 
 0 
 0 
 0 
 0 
 0 
 0 
 0 
 0 
 0 
 0 
 0 
 0 
 0 
 0 
 0 
 0 
 0 
 0 
 0 
 0 
 0 
 0 
 0 
 0 
 0 
 0 
 0 
 0 
 0 
 0 
 0 
 0 
 0 
 0 
 0 
 0 
 0 
 0 
 0 
 0 
 0 
 0 
 0 
 0 
 0 
 0 
 0 
 0 
 0 
 0 
 0 
 0 
 0 
 0 
 0 
 0 
 0 
 0 
 0 
 0 
 0 
 0 
 0 
 0 
 0 
 0 
 0 
 0 
 0 
 0 
 0 
 0 
 0 
 0 
 0 
 0 
 0 
 0 
 0 
 0 
 0 
 0 
 0 
 0 
 0 
 0 
 0 
 0 
 0 
 0 
 0 
 0 
 1 
 0 
 0 
 0 
 0 
 0 
 0 
 0 
 0 
 0 
 0 
 0 
 0 
 0 
 0 
 0 
 0 
 0 
 0 
 0 
 0 
 0 
 0 
 0 
 0 
 0 
 0 
 0 
 0 
 0 
 0 
 0 
 0 
 0 
 0 
 0 
 0 
 0 
 0 
 0 
 0 
 0 
 0 
 0 
 0 
 0 
 0 
 0 
 0 
 0 
 0 
 0 
 0 
 0 
 0 
 0 
 0 
 0 
 0 
 0 
 0 
 0 
 0 
 0 
 0 
 0 
 0 
 0 
 0 
 0 
 0 
 0 
 0 
 0 
 0 
 0 
 0 
 0 
 0 
 0 
 0 
 0 
 0 
 0 
 0 
 0 
 0 
 0 
 0 
 0 
 0 
 0 
 0 
 0 
 0 
 0 
 0 
 0 
 0 
 0 
 0 
 0 
 0 
 0 
 0 
 0 
 0 
 0 
 0 
 0 
 0 
 0 
 0 
 0 
 0 
 0 
 0 
 0 
 0 
 0 
 0 
 0 
 0 
 0 
 0 
 0 
 0 
 0 
 0 
 0 
 0 
 0 
 0 
 0 
 0 
 0 
 0 
 0 
 0 
 0 
 0 
 0 
 0 
 0 
 0 
 0 
 0 
 0 
 0 
 0 
 0 
 0 
 0 
 0 
 0 
 0 
 0 
 0 
 0 
 0 
 0 
 0 
 0 
 0 
 0 
 0 
 0 
 0 
 0 
 0 
 0 
 0 
 0 
 0 
 0 
 0 
 0 
 0 
 0 
 0 
 0 
 0 
 0 
 0 
 0 
 0 
 0 
 0 
 0 
 0 
 0 
 0 
 0 
 0 
 0 
 0 
 0 
 0 
 0 
 0 
 0 
 0 
 0 
 0 
 0 
 0 
 0 
 0 
 0 
 0 
 0 
 0 
 0 
 0 
 0 
 0 
 0 
 0 
 0 
 0 
 0 
 0 
 0 
 0 
 0 
 0 
 0 
 0 
 0 
 0 
 0 
 0 
 0 
 0 
 0 
 0 
 0 
 0 
 0 
 0 
 0 
 0 
 0 
 0 
 0 
 0 
 0 
 0 
 0 
 0 
 0 
 0 
 0 
 0 
 0 
 0 
 0 
 0 
 0 
 0 
 0 
 0 
 0 
 0 
 0 
 0 
 0 
 0 
 0 
 0 
 1 
 0 
 0 
 0 
 0 
 0 
 0 
 0 
 0 
 0 
 0 
 0 
 0 
 0 
 0 
 0 
 0 
 0 
 0 
 0 
 0 
 0 
 0 
 0 
 0 
 0 
 0 
 0 
 0 
 0 
 0 
 0 
 0 
 0 
 0 
 0 
 0 
 0 
 0 
 0 
 0 
 0 
 0 
 0 
 0 
 0 
 0 
 0 
 0 
 0 
 0 
 0 
 0 
 0 
 0 
 0 
 0 
 0 
 0 
 0 
 0 
 0 
 0 
 0 
 0 
 0 
 0 
 0 
 0 
 0 
 0 
 0 
 0 
 0 
 0 
 0 
 0 
 0 
 0 
 0 
 0 
 0 
 0 
 0 
 0 
 0 
 0 
 0 
 0 
 0 
 0 
 0 
 0 
 0 
 0 
 0 
 0 
 0 
 0 
 0 
 0 
 0 
 0 
 0 
 0 
 0 
 0 
 0 
 0 
 0 
 0 
 0 
 0 
 0 
 0 
 0 
 0 
 0 
 0 
 0 
 0 
 0 
 0 
 0 
 0 
 0 
 0 
 0 
 0 
 0 
 0 
 0 
 0 
 0 
 0 
 0 
 0 
 0 
 0 
 0 
 0 
 0 
 0 
 0 
 0 
 0 
 0 
 0 
 0 
 0 
 0 
 0 
 0 
 0 
 0 
 0 
 0 
 0 
 0 
 0 
 0 
 0 
 0 
 0 
 0 
 0 
 0 
 0 
 0 
 0 
 0 
 0 
 0 
 0 
 0 
 0 
 0 
 0 
 0 
 0 
 0 
 0 
 0 
 0 
 0 
 0 
 0 
 0 
 0 
 0 
 0 
 0 
 0 
 0 
 0 
 0 
 0 
 0 
 0 
 0 
 0 
 0 
 0 
 0 
 0 
 0 
 0 
 0 
 0 
 0 
 0 
 0 
 0 
 0 
 0 
 0 
 0 
 0 
 0 
 0 
 0 
 0 
 0 
 0 
 0 
 0 
 0 
 0 
 0 
 0 
 0 
 0 
 0 
 0 
 0 
 0 
 0 
 0 
 0 
 0 
 0 
 0 
 0 
 0 
 0 
 0 
 0 
 0 
 0 
 0 
 0 
 0 
 0 
 0 
 0 
 0 
 0 
 0 
 0 
 0 
 0 
 0 
 0 
 0 
 0 
 0 
 0 
 0 
 0 
 0 
 0 
 0 
 0 
 0 
 0 
 0 
 0 
 0 
 0 
 0 
 0 
 0 
 0 
 0 
 0 
 0 
 0 
 0 
 0 
 0 
 0 
 0 
 0 
 0 
 0 
 0 
 0 
 0 
 0 
 0 
 0 
 0 
 0 
 0 
 0 
 0 
 0 
 0 
 0 
 0 
 0 
 0 
 0 
 0 
 0 
 0 
 0 
 0 
 1 
 0 
 0 
 0 
 0 
 0 
 0 
 0 
 0 
 0 
 0 
 0 
 0 
 0 
 0 
 0 
 0 
 0 
 0 
 0 
 0 
 0 
 0 
 0 
 0 
 0 
 0 
 0 
 0 
 0 
 0 
 0 
 0 
 0 
 0 
 0 
 0 
 0 
 0 
 0 
 0 
 0 
 0 
 0 
 0 
 0 
 0 
 0 
 0 
 0 
 0 
 0 
 0 
 0 
 0 
 0 
 0 
 0 
 0 
 0 
 0 
 0 
 0 
 1 
 0 
 0 
 0 
 0 
 0 
 0 
 0 
 0 
 0 
 0 
 0 
 0 
 0 
 0 
 0 
 0 
 0 
 0 
 0 
 0 
 0 
 0 
 0 
 0 
 0 
 0 
 0 
 0 
 0 
 0 
 0 
 0 
 0 
 0 
 0 
 0 
 0 
 0 
 0 
 0 
 0 
 0 
 0 
 0 
 0 
 0 
 0 
 0 
 0 
 0 
 0 
 0 
 0 
 0 
 0 
 0 
 0 
 0 
 0 
 0 
 0 
 0 
 0 
 0 
 0 
 0 
 0 
 0 
 0 
 0 
 0 
 0 
 0 
 0 
 0 
 0 
 0 
 0 
 0 
 0 
 0 
 0 
 0 
 0 
 0 
 0 
 0 
 0 
 0 
 0 
 0 
 0 
 0 
 0 
 0 
 0 
 0 
 0 
 0 
 0 
 0 
 0 
 0 
 0 
 0 
 0 
 0 
 0 
 0 
 0 
 0 
 0 
 0 
 0 
 0 
 0 
 0 
 0 
 0 
 0 
 0 
 0 
 0 
 0 
 0 
 0 
 0 
 0 
 0 
 0 
 0 
 0 
 0 
 0 
 0 
 0 
 0 
 0 
 0 
 0 
 0 
 0 
 0 
 0 
 0 
 0 
 0 
 0 
 0 
 0 
 0 
 0 
 0 
 0 
 0 
 0 
 0 
 0 
 0 
 0 
 0 
 0 
 0 
 0 
 0 
 0 
 0 
 0 
 0 
 0 
 0 
 0 
 0 
 0 
 0 
 0 
 0 
 0 
 0 
 0 
 0 
 0 
 0 
 0 
 0 
 0 
 0 
 0 
 0 
 0 
 0 
 0 
 0 
 0 
 0 
 0 
 0 
 0 
 0 
 0 
 0 
 0 
 0 
 0 
 0 
 0 
 0 
 0 
 0 
 0 
 0 
 0 
 0 
 0 
 0 
 0 
 0 
 0 
 0 
 0 
 0 
 0 
 0 
 0 
 0 
 0 
 0 
 0 
 0 
 0 
 0 
 0 
 0 
 0 
 0 
 0 
 0 
 0 
 0 
 0 
 0 
 0 
 0 
 0 
 0 
 0 
 0 
 0 
 0 
 0 
 0 
 0 
 0 
 0 
 0 
 0 
 0 
 0 
 0 
 0 
 0 
 0 
 0 
 0 
 0 
 0 
 0 
 0 
 0 
 0 
 0 
 0 
 0 
 0 
 0 
 0 
 0 
 0 
 0 
 0 
 0 
 0 
 0 
 0 
 0 
 0 
 0 
 0 
 0 
 0 
 0 
 0 
 0 
 0 
 0 
 0 
 0 
 0 
 0 
 0 
 0 
 0 
 0 
 0 
 0 
 0 
 0 
 0 
 0 
 0 
 0 
 0 
 0 
 0 
 0 
 0 
 0 
 0 
 0 
 0 
 0 
 0 
 0 
 0 
