 0 
 0 
 0 
 0 
 0 
 0 
 0 
 0 
 0 
 0 
 0 
 0 
 0 
 0 
 0 
 0 
 0 
 0 
 0 
 0 
 0 
 0 
 2 
 0 
 0 
 1 
 3 
 6 
 6 
 8 
 8 
 11 
 20 
 27 
 28 
 29 
 35 
 35 
 48 
 52 
 55 
 55 
 65 
 65 
 61 
 65 
 61 
 60 
 64 
 66 
 59 
 62 
 79 
 75 
 88 
 71 
 84 
 85 
 78 
 72 
 83 
 73 
 71 
 76 
 85 
 76 
 86 
 87 
 80 
 69 
 91 
 96 
 104 
 87 
 111 
 102 
 104 
 93 
 88 
 97 
 114 
 126 
 124 
 119 
 129 
 124 
 138 
 146 
 174 
 165 
 191 
 184 
 180 
 184 
 167 
 201 
 201 
 231 
 183 
 181 
 208 
 187 
 195 
 188 
 172 
 173 
 152 
 171 
 153 
 128 
 158 
 139 
 131 
 135 
 137 
 134 
 130 
 111 
 116 
 101 
 103 
 114 
 123 
 107 
 112 
 121 
 99 
 115 
 111 
 107 
 102 
 97 
 96 
 91 
 119 
 113 
 92 
 103 
 111 
 120 
 123 
 100 
 122 
 119 
 117 
 123 
 94 
 95 
 116 
 117 
 110 
 131 
 128 
 105 
 116 
 127 
 108 
 106 
 127 
 119 
 127 
 114 
 119 
 127 
 122 
 116 
 118 
 118 
 115 
 105 
 102 
 112 
 116 
 111 
 112 
 113 
 100 
 123 
 97 
 124 
 113 
 118 
 135 
 106 
 121 
 126 
 115 
 131 
 95 
 133 
 99 
 132 
 116 
 137 
 133 
 141 
 106 
 122 
 120 
 119 
 115 
 124 
 127 
 110 
 136 
 140 
 151 
 153 
 131 
 143 
 154 
 159 
 153 
 143 
 148 
 133 
 153 
 141 
 116 
 122 
 135 
 140 
 123 
 133 
 136 
 163 
 110 
 127 
 140 
 106 
 119 
 122 
 126 
 102 
 126 
 134 
 122 
 115 
 132 
 130 
 112 
 98 
 119 
 102 
 121 
 93 
 127 
 107 
 113 
 95 
 95 
 99 
 123 
 127 
 99 
 92 
 113 
 112 
 110 
 119 
 123 
 115 
 123 
 114 
 118 
 104 
 115 
 100 
 104 
 99 
 103 
 91 
 113 
 88 
 105 
 103 
 114 
 114 
 92 
 104 
 105 
 106 
 102 
 115 
 105 
 103 
 100 
 103 
 111 
 84 
 89 
 95 
 86 
 96 
 93 
 84 
 80 
 75 
 83 
 99 
 82 
 83 
 80 
 85 
 76 
 90 
 71 
 72 
 80 
 77 
 64 
 85 
 87 
 92 
 81 
 68 
 73 
 80 
 86 
 77 
 67 
 64 
 68 
 85 
 86 
 64 
 77 
 54 
 87 
 65 
 65 
 59 
 64 
 72 
 86 
 66 
 54 
 76 
 72 
 68 
 67 
 53 
 55 
 70 
 53 
 62 
 79 
 55 
 46 
 58 
 71 
 55 
 62 
 61 
 78 
 61 
 59 
 79 
 55 
 61 
 64 
 65 
 61 
 74 
 59 
 68 
 67 
 80 
 65 
 65 
 57 
 48 
 60 
 59 
 52 
 59 
 58 
 67 
 54 
 63 
 59 
 40 
 62 
 44 
 42 
 47 
 54 
 45 
 53 
 50 
 48 
 54 
 43 
 37 
 36 
 46 
 41 
 49 
 41 
 36 
 46 
 35 
 46 
 36 
 33 
 59 
 42 
 29 
 41 
 40 
 25 
 41 
 44 
 40 
 34 
 36 
 41 
 33 
 37 
 37 
 44 
 37 
 40 
 40 
 35 
 30 
 30 
 33 
 36 
 37 
 30 
 38 
 42 
 51 
 27 
 43 
 34 
 27 
 32 
 26 
 44 
 43 
 46 
 36 
 33 
 37 
 41 
 39 
 22 
 45 
 38 
 32 
 34 
 26 
 29 
 30 
 37 
 33 
 32 
 37 
 35 
 28 
 33 
 39 
 28 
 36 
 32 
 34 
 26 
 43 
 34 
 30 
 24 
 33 
 36 
 28 
 41 
 39 
 35 
 32 
 53 
 36 
 21 
 37 
 38 
 22 
 39 
 38 
 44 
 26 
 44 
 33 
 34 
 40 
 35 
 26 
 42 
 36 
 33 
 55 
 38 
 24 
 44 
 31 
 43 
 29 
 43 
 39 
 39 
 28 
 46 
 35 
 37 
 45 
 32 
 38 
 30 
 36 
 37 
 37 
 42 
 36 
 35 
 39 
 42 
 47 
 42 
 65 
 46 
 50 
 46 
 35 
 39 
 51 
 64 
 49 
 46 
 49 
 58 
 56 
 48 
 51 
 56 
 60 
 68 
 62 
 68 
 74 
 65 
 76 
 69 
 73 
 83 
 90 
 102 
 101 
 94 
 96 
 122 
 97 
 134 
 111 
 134 
 139 
 131 
 131 
 129 
 131 
 163 
 143 
 140 
 150 
 177 
 151 
 150 
 159 
 199 
 192 
 176 
 200 
 192 
 199 
 180 
 206 
 194 
 181 
 196 
 179 
 213 
 182 
 169 
 150 
 176 
 147 
 136 
 145 
 159 
 161 
 154 
 138 
 141 
 132 
 118 
 133 
 115 
 102 
 106 
 97 
 99 
 79 
 87 
 86 
 72 
 75 
 72 
 57 
 47 
 54 
 55 
 49 
 35 
 42 
 48 
 36 
 29 
 25 
 22 
 24 
 14 
 25 
 16 
 25 
 27 
 15 
 24 
 19 
 17 
 22 
 22 
 13 
 19 
 12 
 18 
 17 
 12 
 21 
 15 
 18 
 11 
 11 
 9 
 13 
 17 
 8 
 11 
 9 
 9 
 15 
 14 
 12 
 10 
 8 
 14 
 13 
 15 
 11 
 9 
 10 
 15 
 11 
 17 
 16 
 5 
 12 
 10 
 12 
 11 
 9 
 11 
 11 
 8 
 11 
 12 
 15 
 16 
 21 
 16 
 13 
 9 
 18 
 10 
 13 
 18 
 12 
 16 
 11 
 14 
 14 
 22 
 9 
 8 
 14 
 11 
 15 
 13 
 10 
 10 
 7 
 19 
 18 
 11 
 9 
 8 
 17 
 10 
 20 
 11 
 9 
 9 
 11 
 10 
 8 
 6 
 13 
 8 
 11 
 12 
 13 
 10 
 9 
 10 
 15 
 8 
 15 
 13 
 14 
 17 
 7 
 9 
 12 
 13 
 16 
 13 
 12 
 9 
 14 
 3 
 8 
 11 
 13 
 10 
 8 
 12 
 11 
 15 
 17 
 16 
 14 
 8 
 12 
 10 
 7 
 18 
 9 
 13 
 6 
 9 
 13 
 11 
 11 
 10 
 14 
 13 
 17 
 12 
 7 
 10 
 15 
 12 
 13 
 14 
 10 
 10 
 14 
 16 
 12 
 12 
 9 
 8 
 6 
 7 
 16 
 7 
 8 
 9 
 16 
 15 
 10 
 10 
 12 
 13 
 12 
 14 
 14 
 14 
 5 
 6 
 11 
 9 
 14 
 10 
 7 
 15 
 10 
 8 
 12 
 13 
 16 
 7 
 10 
 13 
 11 
 9 
 6 
 8 
 11 
 15 
 12 
 8 
 9 
 8 
 15 
 9 
 9 
 14 
 9 
 15 
 14 
 6 
 17 
 12 
 13 
 10 
 8 
 11 
 9 
 12 
 10 
 7 
 16 
 9 
 15 
 14 
 6 
 10 
 12 
 12 
 13 
 9 
 11 
 6 
 13 
 10 
 12 
 18 
 12 
 6 
 15 
 12 
 8 
 11 
 17 
 11 
 9 
 11 
 7 
 16 
 16 
 10 
 10 
 13 
 8 
 11 
 12 
 12 
 12 
 12 
 4 
 14 
 9 
 10 
 11 
 13 
 9 
 10 
 14 
 11 
 5 
 10 
 12 
 9 
 12 
 16 
 10 
 9 
 4 
 14 
 7 
 12 
 10 
 8 
 14 
 8 
 7 
 6 
 9 
 16 
 10 
 9 
 8 
 10 
 9 
 12 
 13 
 12 
 11 
 9 
 11 
 10 
 16 
 7 
 9 
 11 
 7 
 13 
 13 
 8 
 6 
 6 
 15 
 12 
 12 
 13 
 14 
 10 
 12 
 10 
 10 
 8 
 8 
 7 
 8 
 13 
 15 
 12 
 11 
 12 
 10 
 15 
 7 
 14 
 14 
 10 
 8 
 14 
 10 
 12 
 13 
 11 
 9 
 9 
 13 
 9 
 12 
 11 
 10 
 10 
 9 
 5 
 15 
 10 
 10 
 17 
 19 
 6 
 17 
 10 
 14 
 9 
 12 
 14 
 8 
 12 
 12 
 8 
 7 
 13 
 10 
 10 
 11 
 12 
 14 
 12 
 15 
 5 
 8 
 14 
 14 
 6 
 12 
 18 
 14 
 11 
 11 
 11 
 9 
 8 
 12 
 10 
 9 
 17 
 11 
 14 
 11 
 10 
 14 
 11 
 10 
 6 
 5 
 10 
 15 
 10 
 13 
 18 
 13 
 10 
 13 
 8 
 12 
 15 
 11 
 17 
 13 
 13 
 14 
 13 
 12 
 19 
 13 
 14 
 11 
 12 
 17 
 15 
 8 
 13 
 11 
 14 
 12 
 18 
 11 
 17 
 10 
 11 
 9 
 7 
 5 
 5 
 12 
 9 
 13 
 12 
 10 
 11 
 12 
 19 
 12 
 12 
 11 
 8 
 12 
 5 
 11 
 15 
 13 
 9 
 14 
 6 
 12 
 21 
 13 
 11 
 8 
 12 
 15 
 10 
 15 
 14 
 9 
 12 
 10 
 12 
 9 
 14 
 13 
 13 
 15 
 8 
 16 
 8 
 12 
 24 
 18 
 12 
 10 
 9 
 7 
 17 
 8 
 13 
 12 
 12 
 11 
 15 
 15 
 11 
 10 
 15 
 11 
 10 
 11 
 12 
 10 
 9 
 21 
 15 
 10 
 9 
 14 
 18 
 13 
 9 
 12 
 11 
 8 
 11 
 8 
 14 
 10 
 4 
 14 
 10 
 12 
 7 
 8 
 14 
 12 
 5 
 11 
 8 
 11 
 7 
 6 
 7 
 8 
 4 
 10 
 9 
 14 
 10 
 12 
 9 
 2 
 7 
 7 
 6 
 5 
 8 
 13 
 6 
 1 
 11 
 4 
 7 
 10 
 14 
 3 
 6 
 11 
 4 
 6 
 5 
 6 
 6 
 4 
 7 
 10 
 9 
 6 
 10 
 8 
 4 
 3 
 2 
 4 
 12 
 5 
 6 
 6 
 2 
 6 
 5 
 3 
 5 
 6 
 3 
 6 
 7 
 7 
 6 
 3 
 7 
 5 
 2 
 4 
 1 
 2 
 3 
 6 
 3 
 5 
 3 
 3 
 3 
 3 
 5 
 4 
 6 
 5 
 7 
 6 
 5 
 4 
 3 
 6 
 5 
 3 
 4 
 2 
 2 
 3 
 3 
 1 
 1 
 5 
 1 
 1 
 3 
 3 
 0 
 3 
 5 
 3 
 2 
 0 
 5 
 1 
 2 
 3 
 2 
 2 
 3 
 4 
 2 
 0 
 5 
 3 
 3 
 3 
 5 
 5 
 1 
 1 
 4 
 2 
 5 
 1 
 6 
 1 
 6 
 4 
 3 
 1 
 4 
 6 
 4 
 1 
 3 
 4 
 3 
 6 
 4 
 9 
 5 
 6 
 4 
 2 
 4 
 5 
 4 
 3 
 4 
 5 
 7 
 3 
 4 
 0 
 3 
 1 
 3 
 2 
 5 
 4 
 7 
 3 
 0 
 4 
 6 
 5 
 1 
 8 
 2 
 0 
 1 
 4 
 3 
 4 
 4 
 4 
 3 
 3 
 3 
 5 
 5 
 2 
 6 
 8 
 10 
 6 
 1 
 2 
 13 
 6 
 7 
 4 
 4 
 9 
 14 
 6 
 7 
 6 
 11 
 11 
 12 
 12 
 12 
 9 
 11 
 19 
 12 
 13 
 11 
 14 
 19 
 14 
 16 
 17 
 21 
 14 
 19 
 17 
 17 
 23 
 17 
 24 
 27 
 15 
 18 
 13 
 24 
 21 
 28 
 27 
 20 
 20 
 21 
 32 
 39 
 28 
 31 
 23 
 27 
 31 
 41 
 27 
 37 
 29 
 39 
 27 
 27 
 25 
 36 
 35 
 32 
 39 
 44 
 45 
 33 
 30 
 35 
 28 
 26 
 38 
 38 
 32 
 35 
 30 
 40 
 35 
 25 
 29 
 37 
 33 
 21 
 24 
 30 
 24 
 34 
 26 
 33 
 21 
 34 
 19 
 34 
 29 
 24 
 26 
 24 
 21 
 18 
 28 
 13 
 23 
 27 
 19 
 24 
 17 
 22 
 24 
 15 
 17 
 17 
 18 
 15 
 11 
 15 
 16 
 9 
 11 
 17 
 15 
 10 
 8 
 9 
 12 
 10 
 14 
 6 
 8 
 7 
 5 
 4 
 0 
 4 
 4 
 4 
 6 
 3 
 3 
 6 
 3 
 5 
 4 
 3 
 0 
 3 
 4 
 4 
 2 
 6 
 3 
 4 
 1 
 0 
 1 
 1 
 3 
 0 
 0 
 1 
 0 
 3 
 1 
 0 
 5 
 3 
 0 
 0 
 0 
 1 
 0 
 0 
 2 
 1 
 0 
 3 
 1 
 1 
 1 
 1 
 0 
 0 
 2 
 0 
 1 
 1 
 0 
 0 
 0 
 0 
 0 
 0 
 0 
 0 
 0 
 0 
 1 
 0 
 0 
 2 
 0 
 0 
 0 
 0 
 1 
 1 
 0 
 0 
 0 
 0 
 0 
 1 
 1 
 1 
 1 
 0 
 0 
 0 
 0 
 0 
 1 
 0 
 0 
 0 
 0 
 0 
 0 
 1 
 1 
 0 
 2 
 0 
 2 
 0 
 0 
 0 
 2 
 0 
 1 
 2 
 1 
 1 
 0 
 0 
 0 
 0 
 0 
 0 
 0 
 0 
 1 
 0 
 0 
 0 
 0 
 0 
 0 
 0 
 1 
 1 
 2 
 1 
 0 
 1 
 0 
 0 
 0 
 0 
 1 
 0 
 0 
 2 
 0 
 1 
 1 
 0 
 0 
 0 
 0 
 0 
 0 
 0 
 0 
 0 
 0 
 0 
 0 
 1 
 1 
 0 
 0 
 0 
 0 
 0 
 1 
 1 
 0 
 0 
 0 
 2 
 1 
 0 
 0 
 0 
 2 
 0 
 1 
 0 
 0 
 0 
 1 
 0 
 1 
 1 
 0 
 1 
 1 
 1 
 0 
 1 
 0 
 0 
 0 
 0 
 0 
 0 
 0 
 1 
 1 
 1 
 0 
 0 
 0 
 0 
 0 
 0 
 1 
 0 
 1 
 0 
 1 
 1 
 0 
 0 
 0 
 1 
 0 
 0 
 0 
 1 
 0 
 0 
 0 
 0 
 0 
 0 
 0 
 1 
 2 
 0 
 0 
 0 
 0 
 0 
 0 
 0 
 0 
 0 
 1 
 0 
 0 
 0 
 0 
 0 
 0 
 0 
 0 
 0 
 0 
 0 
 0 
 0 
 0 
 0 
 0 
 0 
 0 
 0 
 0 
 0 
 1 
 0 
 0 
 0 
 0 
 0 
 0 
 0 
 0 
 0 
 1 
 0 
 0 
 0 
 0 
 0 
 0 
 0 
 0 
 0 
 0 
 0 
 0 
 0 
 0 
 0 
 0 
 0 
 0 
 1 
 2 
 0 
 0 
 0 
 0 
 0 
 1 
 0 
 1 
 0 
 0 
 0 
 0 
 0 
 1 
 0 
 0 
 0 
 0 
 0 
 0 
 0 
 0 
 0 
 0 
 0 
 0 
 0 
 0 
 0 
 0 
 0 
 0 
 0 
 0 
 0 
 0 
 0 
 0 
 0 
 0 
 0 
 0 
 0 
 0 
 0 
 1 
 0 
 0 
 0 
 0 
 0 
 0 
 0 
 0 
 0 
 0 
 0 
 0 
 0 
 0 
 0 
 0 
 1 
 0 
 1 
 0 
 0 
 0 
 0 
 0 
 0 
 0 
 0 
 0 
 0 
 0 
 0 
 0 
 0 
 0 
 0 
 0 
 0 
 0 
 0 
 0 
 0 
 1 
 0 
 0 
 0 
 0 
 2 
 0 
 0 
 0 
 0 
 0 
 0 
 0 
 0 
 0 
 0 
 0 
 0 
 0 
 0 
 0 
 0 
 0 
 1 
 0 
 0 
 0 
 0 
 0 
 0 
 0 
 0 
 0 
 0 
 0 
 0 
 0 
 0 
 0 
 0 
 0 
 0 
 0 
 0 
 1 
 0 
 1 
 0 
 0 
 0 
 0 
 0 
 0 
 0 
 0 
 0 
 0 
 0 
 0 
 0 
 0 
 0 
 0 
 0 
 0 
 0 
 0 
 0 
 0 
 1 
 0 
 0 
 0 
 0 
 0 
 0 
 0 
 0 
 0 
 0 
 0 
 0 
 0 
 0 
 0 
 1 
 0 
 0 
 0 
 1 
 0 
 0 
 0 
 0 
 0 
 0 
 0 
 1 
 0 
 0 
 0 
 0 
 1 
 0 
 0 
 0 
 0 
 0 
 0 
 0 
 0 
 0 
 0 
 0 
 0 
 0 
 0 
 0 
 0 
 0 
 0 
 0 
 0 
 0 
 1 
 0 
 0 
 0 
 0 
 0 
 0 
 0 
 0 
 0 
 0 
 2 
 0 
 0 
 0 
 1 
 0 
 0 
 0 
 0 
 0 
 1 
 0 
 0 
 0 
 0 
 0 
 0 
 0 
 0 
 0 
 0 
 0 
 0 
 0 
 0 
 0 
 0 
 1 
 0 
 0 
 1 
 0 
 0 
 0 
 0 
 0 
 0 
 0 
 0 
 0 
 0 
 0 
 0 
 0 
 0 
 0 
 0 
 0 
 0 
 0 
 0 
 0 
 0 
 0 
 0 
 0 
 0 
 0 
 0 
 0 
 0 
 0 
 0 
 1 
 0 
 0 
 0 
 0 
 0 
 0 
 0 
 0 
 0 
 0 
 0 
 0 
 0 
 0 
 0 
 0 
 0 
 0 
 0 
 0 
 0 
 0 
 0 
 0 
 0 
 0 
 0 
 0 
 0 
 0 
 0 
 0 
 0 
 0 
 0 
 0 
 0 
 0 
 0 
 0 
 0 
 0 
 0 
 0 
 0 
 0 
 0 
 0 
 0 
 0 
 0 
 0 
 0 
 0 
 0 
 0 
 0 
 0 
 1 
 0 
 0 
 0 
 0 
 0 
 0 
 0 
 0 
 0 
 0 
 1 
 0 
 0 
 0 
 0 
 0 
 0 
 0 
 0 
 0 
 0 
 0 
 0 
 0 
 0 
 0 
 0 
 0 
 0 
 0 
 0 
 0 
 0 
 0 
 0 
 0 
 1 
 0 
 0 
 0 
 0 
 0 
 0 
 0 
 0 
 0 
 0 
 0 
 0 
 0 
 0 
 0 
 0 
 0 
 0 
 1 
 0 
 0 
 0 
 0 
 0 
 0 
 0 
 0 
 0 
 0 
 0 
 0 
 0 
 0 
 0 
 0 
 0 
 0 
 0 
 0 
 0 
 0 
 0 
 0 
 0 
 0 
 0 
 0 
 0 
 0 
 0 
 0 
 0 
 0 
 0 
 0 
 0 
 0 
 0 
 0 
 0 
 1 
 0 
 0 
 0 
 0 
 1 
 0 
 0 
 0 
 0 
 0 
 0 
 0 
 0 
 0 
 0 
 0 
 0 
 0 
 0 
 0 
 0 
 0 
 0 
 0 
 0 
 0 
 0 
 0 
 0 
 0 
 0 
 0 
 0 
 0 
 0 
 0 
 0 
 0 
 0 
 0 
 0 
 0 
 0 
 0 
 0 
 0 
 0 
 0 
 0 
 0 
 0 
 0 
 0 
 0 
 0 
 0 
 0 
 0 
 0 
 0 
 0 
 0 
 0 
 0 
 0 
 0 
 0 
 0 
 0 
 0 
 0 
 0 
 0 
 0 
 0 
 0 
 0 
 0 
 0 
 0 
 0 
 0 
 0 
 0 
 0 
 0 
 0 
 0 
 0 
 0 
 0 
 0 
 0 
 0 
 0 
 0 
 0 
 0 
 0 
 0 
 0 
 0 
 0 
 0 
 0 
 0 
 0 
 0 
 0 
 0 
 0 
 0 
 0 
 0 
 0 
 0 
 0 
 0 
 0 
 0 
 0 
 0 
 0 
 0 
 0 
 0 
 0 
 0 
 0 
 0 
 0 
 0 
 0 
 0 
 0 
 0 
 0 
 0 
 0 
 1 
 0 
 0 
 0 
 0 
 0 
 0 
 0 
 0 
 0 
 0 
 0 
 0 
 0 
 0 
 0 
 0 
 0 
 0 
 0 
 0 
 0 
 0 
 0 
 0 
 0 
 0 
 0 
 0 
 0 
 0 
 0 
 0 
 0 
 0 
 0 
 0 
 0 
 0 
 0 
 0 
 0 
 0 
 0 
 0 
 0 
 0 
 0 
 0 
 1 
 0 
 0 
 0 
 0 
 0 
 0 
 0 
 0 
 0 
 0 
 0 
 0 
 0 
 0 
 0 
 0 
 0 
 0 
 0 
 0 
 0 
 0 
 0 
 0 
 0 
 0 
 0 
 0 
 0 
 0 
 0 
 0 
 0 
 0 
 0 
 0 
 0 
 0 
 0 
 0 
 0 
 0 
 0 
 0 
 0 
 0 
 0 
 0 
 1 
 0 
 0 
 0 
 0 
 0 
 0 
 0 
 0 
 0 
 0 
 0 
 0 
 0 
 0 
 0 
 0 
 0 
 0 
 0 
 0 
 0 
 0 
 0 
 0 
 0 
 0 
 0 
 0 
 0 
 0 
 0 
 0 
 0 
 0 
 0 
 0 
 0 
 0 
 0 
 0 
 0 
 0 
 0 
 0 
 0 
 1 
 0 
 0 
 0 
 0 
 0 
 0 
 0 
 0 
 0 
 0 
 0 
 0 
 0 
 0 
 0 
 0 
 0 
 0 
 0 
 0 
 0 
 0 
 0 
 0 
 0 
 0 
 0 
 0 
 0 
 0 
 0 
 0 
 0 
 0 
 0 
 0 
 0 
 0 
 0 
 0 
 1 
 0 
 0 
 0 
 0 
 0 
 0 
 0 
 0 
 0 
 0 
 0 
 0 
 0 
 0 
 0 
 0 
 0 
 0 
 0 
 0 
 0 
 0 
 0 
 0 
 0 
 0 
 0 
 0 
 0 
 0 
 0 
 0 
 0 
 0 
 0 
 0 
 0 
 0 
 0 
 0 
 0 
 0 
 0 
 0 
 0 
 0 
 0 
 0 
 0 
 0 
 0 
 0 
 0 
 0 
 0 
 0 
 0 
 0 
 0 
 0 
 0 
 0 
 0 
 0 
 0 
 0 
 0 
 0 
 0 
 0 
 0 
 0 
 0 
 0 
 0 
 0 
 0 
 0 
 0 
 0 
 0 
 0 
 0 
 0 
 0 
 0 
 0 
 0 
 0 
 0 
 0 
 0 
 0 
 0 
 0 
 0 
 0 
 0 
 0 
 0 
 0 
 0 
 0 
 0 
 0 
 0 
 0 
 0 
 0 
 0 
 0 
 0 
 0 
 0 
 0 
 0 
 0 
 0 
 0 
 0 
 0 
 0 
 0 
 0 
 0 
 0 
 0 
 0 
 0 
 0 
 0 
 0 
 0 
 0 
 0 
 0 
 0 
 0 
 0 
 0 
 0 
 0 
 0 
 0 
 0 
 0 
 0 
 0 
 0 
 0 
 0 
 0 
 0 
 0 
 0 
 0 
 0 
 0 
 0 
 0 
 0 
 0 
 0 
 0 
 0 
 0 
 0 
 0 
 0 
 0 
 0 
 0 
 0 
 0 
 0 
 0 
 0 
 0 
 0 
 0 
 0 
 0 
 0 
 1 
 0 
 0 
 0 
 0 
 0 
 0 
 0 
 0 
 0 
 0 
 0 
 0 
 0 
 0 
 0 
 0 
 0 
 0 
 0 
 0 
 0 
 0 
 0 
 0 
 0 
 0 
 0 
 0 
 0 
 0 
 0 
 0 
 0 
 0 
 0 
 0 
 0 
 0 
 0 
 0 
 0 
 0 
 0 
 0 
 0 
 0 
 0 
 0 
 0 
 0 
 0 
 0 
 0 
 0 
 0 
 0 
 0 
 0 
 0 
 0 
 0 
 0 
 0 
 0 
 0 
 0 
 0 
 0 
 0 
 0 
 1 
 0 
 0 
 0 
 0 
 0 
 0 
 0 
 0 
 0 
 0 
 0 
 0 
 1 
 0 
 0 
 1 
 0 
 0 
 0 
 0 
 0 
 0 
 0 
 0 
 0 
 0 
 0 
 0 
 0 
 0 
 0 
 0 
 0 
 0 
 0 
 0 
 0 
 0 
 0 
 0 
 0 
 0 
 0 
 0 
 0 
 0 
 0 
 0 
 0 
 0 
 0 
 1 
 0 
 0 
 0 
 0 
 0 
 0 
 0 
 0 
 0 
 0 
 0 
 0 
 0 
 0 
 0 
 0 
 0 
 0 
 0 
 0 
 0 
 1 
 0 
 0 
 0 
 1 
 0 
 0 
 0 
 0 
 0 
 0 
 0 
 0 
 0 
 0 
 1 
 0 
 0 
 0 
 0 
 0 
 0 
 0 
 0 
 0 
 0 
 0 
 0 
 0 
 0 
 0 
 0 
 0 
 0 
 0 
 0 
 0 
 1 
 0 
 0 
 0 
 0 
 0 
 0 
 0 
 0 
 0 
 0 
 0 
 0 
 0 
 0 
 0 
 0 
 0 
 0 
 0 
 0 
 0 
 0 
 0 
 0 
 0 
 0 
 0 
 0 
 0 
 0 
 0 
 1 
 0 
 0 
 0 
 0 
 0 
 0 
 0 
 0 
 0 
 0 
 0 
 0 
 0 
 0 
 0 
 0 
 0 
 0 
 0 
 0 
 0 
 0 
 0 
 0 
 0 
 0 
 0 
 0 
 0 
 0 
 0 
 0 
 0 
 0 
 0 
 0 
 0 
 0 
 0 
 0 
 0 
 0 
 0 
 0 
 1 
 0 
 0 
 0 
 0 
 0 
 0 
 0 
 0 
 0 
 0 
 0 
 0 
 0 
 0 
 0 
 0 
 0 
 0 
 0 
 0 
 0 
 0 
 0 
 0 
 0 
 0 
 0 
 0 
 0 
 0 
 0 
 0 
 0 
 0 
 0 
 0 
 0 
 0 
 0 
 0 
 0 
 0 
 0 
 0 
 0 
 0 
 1 
 0 
 0 
 0 
 0 
 0 
 0 
 0 
 0 
 0 
 0 
 0 
 0 
 0 
 0 
 0 
 0 
 0 
 0 
 0 
 0 
 0 
 0 
 0 
 0 
 0 
 0 
 0 
 0 
 0 
 0 
 0 
 0 
 0 
 0 
 0 
 0 
 0 
 0 
 0 
 0 
 0 
 0 
 0 
 0 
 0 
 0 
 0 
 0 
 0 
 0 
 0 
 0 
 0 
 0 
 0 
 0 
 0 
 0 
 0 
 0 
 0 
 0 
 0 
 0 
 0 
 0 
 0 
 0 
 0 
 0 
 0 
 0 
 0 
 0 
 0 
 0 
 0 
 0 
 0 
 0 
 0 
 0 
 0 
 0 
 0 
 0 
 0 
 0 
 0 
 0 
 0 
 0 
 0 
 0 
 0 
 0 
 0 
 0 
 0 
 0 
 0 
 0 
 0 
 0 
 0 
 0 
 0 
 0 
 0 
 0 
 0 
 0 
 0 
 0 
 0 
 0 
 0 
 0 
 0 
 0 
 0 
 0 
 0 
 0 
 0 
 0 
 0 
 0 
 0 
 0 
 0 
 0 
 0 
 0 
 0 
 0 
 0 
 0 
 0 
 0 
 0 
 0 
 0 
 0 
 0 
 0 
 0 
 0 
 0 
 0 
 0 
 0 
 0 
 0 
 0 
 0 
 0 
 0 
 0 
 0 
 0 
 0 
 0 
 0 
 0 
 0 
 0 
 0 
 0 
 0 
 0 
 0 
 0 
 0 
 0 
 0 
 0 
 0 
 0 
 0 
 0 
 0 
 0 
 0 
 0 
 0 
 0 
 0 
 0 
 0 
 0 
 0 
 0 
 0 
 0 
 0 
 0 
 0 
 0 
 0 
 0 
 0 
 0 
 0 
 0 
 0 
 0 
 0 
 0 
 0 
 0 
 0 
 0 
 0 
 0 
 0 
 0 
 0 
 0 
 0 
 0 
 0 
 0 
 0 
 0 
 0 
 0 
 0 
 0 
 0 
 0 
 0 
 0 
 0 
 0 
 0 
 0 
 0 
 0 
 0 
 0 
 0 
 0 
 0 
 0 
 0 
 0 
 0 
 0 
 0 
 0 
 0 
 0 
 0 
 0 
 0 
 0 
 0 
 0 
 0 
 0 
 0 
 0 
 0 
 0 
 0 
 0 
 0 
 0 
 0 
 0 
 0 
 0 
 0 
 0 
 0 
 0 
 0 
 0 
 0 
 0 
 0 
 0 
 0 
 0 
 0 
 0 
 0 
 0 
 0 
 0 
 0 
 0 
 0 
 0 
 0 
 0 
 0 
 0 
 0 
 0 
 0 
 0 
 0 
 0 
 0 
 0 
 0 
 0 
 0 
 0 
 0 
 0 
 0 
 0 
 0 
 0 
 0 
 0 
 0 
 0 
 0 
 0 
 0 
 0 
 0 
 0 
 0 
 0 
 0 
 0 
 0 
 0 
 0 
 0 
 0 
 0 
 0 
 0 
 0 
 0 
 0 
 0 
 0 
 0 
 0 
 0 
 0 
 0 
 0 
 0 
 0 
 0 
 0 
 0 
 0 
 0 
 0 
 0 
 0 
 0 
 0 
 0 
 0 
 0 
 0 
 0 
 0 
 0 
 0 
 0 
 0 
 0 
 0 
 0 
 0 
 0 
 0 
 0 
 0 
 0 
 0 
 0 
 0 
 0 
 0 
 0 
 0 
 0 
 0 
 0 
 0 
 0 
 0 
 0 
 0 
 0 
 0 
 0 
 0 
 0 
 0 
 0 
 0 
 0 
 0 
 0 
 0 
 0 
 0 
 0 
 0 
 0 
 0 
 0 
 0 
 0 
 0 
 0 
 0 
 0 
 0 
 0 
 0 
 0 
 1 
 0 
 0 
 0 
 0 
 0 
 0 
 0 
 0 
 0 
 0 
 0 
 0 
 0 
 0 
 0 
 0 
 0 
 0 
 0 
 0 
 0 
 0 
 0 
 0 
 0 
 0 
 0 
 0 
 0 
 0 
 0 
 0 
 0 
 0 
 0 
 0 
 0 
 0 
 0 
 0 
 0 
 0 
 0 
 0 
 0 
 0 
 0 
 0 
 0 
 0 
 0 
 1 
 0 
 0 
 0 
 0 
 0 
 0 
 0 
 0 
 0 
 0 
 0 
 0 
 0 
 0 
 0 
 0 
 0 
 0 
 0 
 0 
 0 
 0 
 0 
 0 
 0 
 0 
 0 
 0 
 0 
 0 
 0 
 0 
 0 
 0 
 0 
 0 
 0 
 0 
 0 
 0 
 0 
 0 
 0 
 1 
 0 
 0 
 0 
 0 
 0 
 0 
 0 
 0 
 0 
 0 
 0 
 0 
 0 
 0 
 0 
 0 
 0 
 0 
 0 
 0 
 0 
 0 
 0 
 0 
 0 
 0 
 0 
 0 
 0 
 0 
 0 
 0 
 0 
 0 
 0 
 0 
 0 
 0 
 0 
 0 
 0 
 0 
 0 
 0 
 0 
 0 
 0 
 0 
 0 
 0 
 0 
 0 
 0 
 0 
 0 
 0 
 0 
 0 
 0 
 0 
 0 
 0 
 0 
 0 
 0 
 0 
 0 
 0 
 0 
 0 
 0 
 0 
 0 
 0 
 0 
 0 
 0 
 0 
 0 
 0 
 0 
 0 
 0 
 0 
 0 
 0 
 0 
 0 
 0 
 0 
 0 
 0 
 0 
 0 
 0 
 0 
 0 
 0 
 0 
 0 
 0 
 0 
 0 
 0 
 0 
 0 
 0 
 0 
 0 
 0 
 0 
 0 
 0 
 0 
 0 
 0 
 0 
 0 
 0 
 0 
 0 
 0 
 0 
 0 
 0 
 0 
 0 
 0 
 0 
 0 
 0 
 0 
 0 
 0 
 0 
 0 
 0 
 1 
 0 
 0 
 0 
 0 
 0 
 0 
 0 
 0 
 0 
 0 
 0 
 0 
 0 
 0 
 0 
 0 
 0 
 0 
 0 
 0 
 0 
 0 
 0 
 0 
 0 
 0 
 0 
 0 
 0 
 0 
 0 
 0 
 0 
 0 
 0 
 0 
 0 
 0 
 0 
 0 
 0 
 0 
 0 
 0 
 0 
 0 
 0 
 0 
 0 
 0 
 0 
 0 
 0 
 0 
 0 
 0 
 0 
 0 
 0 
 0 
 0 
 0 
 0 
 0 
 0 
 0 
 0 
 0 
 0 
 0 
 0 
 0 
 0 
 0 
 0 
 0 
 0 
 0 
 0 
 0 
 0 
 0 
 0 
 0 
 0 
 0 
 0 
 0 
 0 
 0 
 0 
 0 
 0 
 0 
 0 
 0 
 0 
 0 
 0 
 0 
 0 
 0 
 0 
 0 
 0 
 0 
 0 
 0 
 0 
 0 
 0 
 0 
 0 
 0 
 0 
 0 
 0 
 0 
 0 
 0 
 0 
 0 
 0 
 0 
 0 
 0 
 0 
 0 
 0 
 0 
 0 
 0 
 0 
 0 
 0 
 0 
 0 
 0 
 0 
 0 
 0 
 0 
 0 
 0 
 0 
 0 
 0 
 0 
 0 
 0 
 0 
 0 
 0 
 0 
 0 
 0 
 0 
 0 
 0 
 0 
 0 
 0 
 0 
 0 
 0 
 0 
 0 
 0 
 0 
 0 
 0 
 0 
 0 
 0 
 0 
 0 
 0 
 0 
 0 
 0 
 0 
 0 
 0 
 0 
 0 
 0 
 0 
 0 
 0 
 0 
 0 
 0 
 0 
 0 
 0 
 0 
 0 
 0 
 0 
 0 
 0 
 0 
 0 
 0 
 0 
 0 
 0 
 0 
 0 
 0 
 0 
 0 
 0 
 0 
 0 
 0 
 0 
 0 
 0 
 0 
 0 
 0 
 0 
 0 
 0 
 0 
 0 
 0 
 0 
 0 
 0 
 0 
 0 
 0 
 0 
 0 
 0 
 0 
 0 
 0 
 0 
 0 
 0 
 0 
 0 
 0 
 0 
 0 
 0 
 0 
 0 
 0 
 0 
 0 
 0 
 0 
 0 
 0 
 0 
 0 
 0 
 0 
 0 
 0 
 0 
 0 
 0 
 0 
 0 
 0 
 0 
 0 
 0 
 0 
 0 
 0 
 0 
 0 
 0 
 0 
 0 
 0 
 0 
 0 
 0 
 0 
 0 
 0 
 0 
 0 
 0 
 0 
 0 
 0 
 0 
 0 
 0 
 0 
 0 
 0 
 0 
 0 
 0 
 0 
 0 
 0 
 0 
 0 
 0 
 0 
 0 
 0 
 0 
 0 
 0 
 0 
 0 
 0 
 0 
 0 
 0 
 0 
 0 
 0 
 0 
 0 
 0 
 0 
 0 
 0 
 0 
 0 
 0 
 0 
 0 
 0 
 0 
 0 
 0 
 0 
 0 
 0 
 0 
 0 
 0 
 0 
 0 
 0 
 0 
 0 
 0 
 0 
 0 
 0 
 0 
 0 
 0 
 0 
 0 
 0 
 0 
 0 
 0 
 0 
 0 
 0 
 0 
 0 
 0 
 0 
 0 
 0 
 0 
 0 
 0 
 0 
 0 
 0 
 0 
 0 
 0 
 0 
 0 
 0 
 0 
 0 
 0 
 0 
 0 
 0 
 0 
 0 
 0 
 0 
 0 
 0 
 0 
 0 
 0 
 0 
 0 
 0 
 0 
 0 
 0 
 0 
