 0 
 0 
 0 
 0 
 0 
 0 
 0 
 0 
 0 
 0 
 0 
 0 
 0 
 0 
 0 
 0 
 0 
 0 
 0 
 1 
 1 
 2 
 0 
 0 
 0 
 2 
 3 
 4 
 9 
 7 
 7 
 11 
 20 
 27 
 27 
 28 
 35 
 35 
 56 
 53 
 48 
 44 
 68 
 57 
 65 
 57 
 58 
 71 
 72 
 74 
 73 
 80 
 74 
 70 
 76 
 79 
 90 
 93 
 85 
 83 
 82 
 80 
 82 
 91 
 82 
 79 
 79 
 80 
 78 
 86 
 101 
 87 
 101 
 90 
 91 
 93 
 93 
 111 
 109 
 97 
 99 
 108 
 110 
 148 
 112 
 146 
 140 
 134 
 173 
 169 
 165 
 187 
 195 
 191 
 210 
 197 
 243 
 206 
 206 
 188 
 193 
 186 
 176 
 198 
 164 
 151 
 149 
 145 
 164 
 127 
 144 
 137 
 123 
 121 
 130 
 130 
 115 
 108 
 105 
 115 
 114 
 117 
 96 
 100 
 91 
 115 
 89 
 109 
 119 
 99 
 90 
 107 
 116 
 125 
 93 
 103 
 108 
 103 
 109 
 112 
 108 
 109 
 110 
 104 
 114 
 130 
 115 
 96 
 109 
 103 
 115 
 103 
 115 
 114 
 110 
 103 
 102 
 116 
 98 
 106 
 103 
 111 
 126 
 94 
 103 
 136 
 118 
 111 
 96 
 116 
 102 
 108 
 105 
 92 
 103 
 94 
 115 
 110 
 105 
 104 
 95 
 105 
 95 
 119 
 119 
 114 
 97 
 118 
 130 
 119 
 115 
 120 
 118 
 120 
 119 
 141 
 135 
 126 
 94 
 139 
 139 
 148 
 151 
 138 
 149 
 129 
 170 
 130 
 150 
 153 
 137 
 141 
 133 
 133 
 116 
 176 
 146 
 147 
 142 
 133 
 121 
 134 
 144 
 133 
 143 
 123 
 139 
 100 
 103 
 119 
 110 
 112 
 106 
 131 
 138 
 109 
 110 
 133 
 116 
 110 
 106 
 139 
 85 
 136 
 123 
 88 
 107 
 112 
 101 
 107 
 109 
 101 
 115 
 135 
 121 
 113 
 105 
 95 
 131 
 103 
 80 
 101 
 111 
 130 
 120 
 117 
 124 
 108 
 92 
 118 
 114 
 125 
 101 
 98 
 90 
 108 
 103 
 89 
 85 
 89 
 115 
 77 
 93 
 75 
 97 
 82 
 98 
 83 
 84 
 104 
 99 
 80 
 95 
 92 
 97 
 83 
 79 
 92 
 106 
 71 
 72 
 74 
 78 
 87 
 81 
 92 
 87 
 75 
 84 
 99 
 75 
 87 
 66 
 66 
 68 
 64 
 66 
 79 
 65 
 66 
 67 
 72 
 66 
 46 
 75 
 77 
 58 
 57 
 65 
 90 
 70 
 60 
 73 
 59 
 74 
 64 
 63 
 72 
 77 
 70 
 66 
 51 
 65 
 53 
 66 
 73 
 65 
 63 
 71 
 53 
 73 
 63 
 73 
 68 
 65 
 62 
 63 
 53 
 66 
 48 
 55 
 66 
 44 
 55 
 48 
 69 
 54 
 65 
 67 
 48 
 49 
 69 
 49 
 56 
 55 
 58 
 51 
 56 
 49 
 54 
 53 
 50 
 59 
 57 
 46 
 51 
 49 
 27 
 45 
 52 
 43 
 44 
 36 
 46 
 42 
 36 
 42 
 44 
 41 
 50 
 49 
 42 
 38 
 42 
 34 
 38 
 40 
 29 
 45 
 47 
 41 
 44 
 36 
 36 
 39 
 32 
 36 
 41 
 28 
 45 
 46 
 38 
 27 
 43 
 37 
 26 
 36 
 39 
 45 
 26 
 31 
 31 
 33 
 44 
 36 
 31 
 36 
 41 
 33 
 32 
 26 
 32 
 27 
 42 
 36 
 31 
 35 
 30 
 33 
 37 
 36 
 46 
 28 
 37 
 27 
 31 
 32 
 35 
 30 
 32 
 31 
 31 
 37 
 31 
 30 
 31 
 33 
 42 
 32 
 32 
 32 
 33 
 32 
 25 
 23 
 42 
 37 
 24 
 37 
 35 
 40 
 34 
 36 
 31 
 26 
 27 
 35 
 39 
 38 
 26 
 37 
 27 
 33 
 39 
 24 
 28 
 34 
 34 
 41 
 29 
 36 
 48 
 32 
 29 
 42 
 30 
 38 
 27 
 34 
 36 
 33 
 26 
 42 
 38 
 42 
 42 
 44 
 34 
 35 
 31 
 40 
 41 
 46 
 48 
 34 
 41 
 49 
 45 
 48 
 34 
 43 
 33 
 36 
 45 
 52 
 60 
 51 
 51 
 51 
 56 
 64 
 48 
 49 
 64 
 44 
 54 
 65 
 75 
 67 
 65 
 74 
 66 
 80 
 93 
 83 
 95 
 101 
 111 
 111 
 94 
 117 
 112 
 136 
 116 
 122 
 134 
 154 
 141 
 143 
 156 
 160 
 165 
 174 
 177 
 166 
 146 
 160 
 154 
 169 
 162 
 203 
 183 
 152 
 174 
 145 
 161 
 183 
 183 
 159 
 189 
 193 
 154 
 153 
 156 
 154 
 178 
 165 
 149 
 142 
 140 
 116 
 107 
 119 
 122 
 102 
 117 
 89 
 99 
 104 
 96 
 82 
 78 
 62 
 67 
 68 
 54 
 54 
 50 
 51 
 52 
 47 
 40 
 37 
 29 
 35 
 32 
 27 
 27 
 22 
 24 
 30 
 18 
 24 
 24 
 23 
 19 
 23 
 11 
 21 
 21 
 9 
 20 
 12 
 17 
 8 
 16 
 18 
 16 
 17 
 11 
 15 
 12 
 11 
 15 
 12 
 17 
 9 
 18 
 13 
 15 
 9 
 15 
 12 
 11 
 10 
 9 
 10 
 18 
 9 
 11 
 9 
 17 
 12 
 13 
 10 
 11 
 8 
 10 
 8 
 10 
 8 
 11 
 10 
 10 
 10 
 14 
 14 
 14 
 11 
 9 
 13 
 17 
 10 
 15 
 14 
 12 
 14 
 7 
 12 
 5 
 7 
 12 
 8 
 14 
 13 
 21 
 15 
 8 
 11 
 8 
 16 
 12 
 11 
 11 
 14 
 10 
 15 
 12 
 9 
 5 
 13 
 12 
 11 
 9 
 13 
 14 
 12 
 13 
 12 
 15 
 11 
 15 
 16 
 14 
 10 
 12 
 18 
 16 
 13 
 15 
 5 
 11 
 11 
 12 
 15 
 16 
 10 
 11 
 6 
 19 
 15 
 10 
 13 
 13 
 12 
 14 
 9 
 14 
 13 
 5 
 11 
 10 
 12 
 12 
 16 
 10 
 10 
 9 
 17 
 7 
 16 
 10 
 11 
 19 
 12 
 9 
 10 
 13 
 13 
 7 
 15 
 5 
 9 
 12 
 8 
 9 
 9 
 13 
 10 
 7 
 9 
 16 
 9 
 16 
 11 
 2 
 13 
 9 
 12 
 8 
 10 
 11 
 11 
 16 
 9 
 2 
 8 
 9 
 14 
 7 
 7 
 13 
 10 
 9 
 12 
 4 
 10 
 9 
 11 
 11 
 10 
 13 
 12 
 9 
 9 
 13 
 9 
 11 
 14 
 14 
 9 
 10 
 10 
 13 
 12 
 15 
 10 
 10 
 11 
 11 
 11 
 16 
 7 
 11 
 6 
 12 
 6 
 11 
 6 
 12 
 9 
 10 
 10 
 5 
 8 
 11 
 16 
 5 
 15 
 12 
 8 
 12 
 19 
 8 
 11 
 7 
 6 
 12 
 11 
 11 
 11 
 10 
 9 
 11 
 12 
 12 
 9 
 10 
 5 
 9 
 13 
 8 
 11 
 14 
 10 
 10 
 11 
 13 
 6 
 10 
 13 
 7 
 13 
 11 
 15 
 5 
 7 
 8 
 8 
 9 
 7 
 11 
 12 
 6 
 11 
 8 
 9 
 13 
 7 
 6 
 11 
 15 
 15 
 12 
 14 
 7 
 16 
 13 
 12 
 7 
 9 
 9 
 11 
 9 
 14 
 15 
 12 
 5 
 11 
 8 
 10 
 8 
 7 
 8 
 6 
 6 
 12 
 6 
 8 
 6 
 16 
 13 
 10 
 9 
 13 
 4 
 11 
 6 
 8 
 9 
 14 
 11 
 8 
 15 
 13 
 11 
 9 
 7 
 8 
 7 
 11 
 10 
 9 
 14 
 8 
 9 
 7 
 9 
 9 
 8 
 9 
 13 
 11 
 5 
 6 
 13 
 9 
 13 
 19 
 9 
 7 
 11 
 14 
 12 
 11 
 12 
 12 
 10 
 11 
 8 
 13 
 10 
 13 
 11 
 8 
 9 
 12 
 12 
 13 
 7 
 12 
 11 
 8 
 10 
 14 
 11 
 13 
 16 
 19 
 13 
 10 
 8 
 18 
 9 
 12 
 16 
 11 
 14 
 6 
 6 
 16 
 7 
 14 
 8 
 9 
 11 
 6 
 10 
 13 
 10 
 10 
 9 
 13 
 6 
 13 
 13 
 14 
 15 
 19 
 19 
 11 
 10 
 9 
 8 
 10 
 14 
 9 
 11 
 6 
 6 
 11 
 14 
 9 
 16 
 12 
 8 
 9 
 14 
 14 
 11 
 10 
 10 
 16 
 9 
 13 
 9 
 11 
 15 
 11 
 16 
 15 
 13 
 10 
 11 
 12 
 11 
 13 
 11 
 20 
 7 
 10 
 9 
 13 
 7 
 16 
 11 
 8 
 4 
 12 
 12 
 9 
 11 
 11 
 18 
 14 
 12 
 16 
 16 
 11 
 10 
 11 
 7 
 11 
 14 
 13 
 10 
 12 
 12 
 9 
 13 
 12 
 17 
 11 
 13 
 11 
 12 
 7 
 18 
 12 
 12 
 6 
 11 
 18 
 10 
 6 
 6 
 10 
 18 
 12 
 13 
 11 
 13 
 6 
 13 
 11 
 8 
 15 
 11 
 17 
 10 
 10 
 7 
 12 
 7 
 13 
 5 
 10 
 15 
 13 
 8 
 6 
 12 
 15 
 9 
 10 
 8 
 14 
 4 
 10 
 6 
 8 
 5 
 14 
 9 
 9 
 9 
 6 
 8 
 3 
 6 
 13 
 3 
 9 
 5 
 9 
 7 
 6 
 12 
 1 
 7 
 5 
 2 
 5 
 6 
 11 
 5 
 6 
 7 
 9 
 2 
 5 
 5 
 3 
 5 
 3 
 3 
 4 
 10 
 6 
 7 
 7 
 2 
 7 
 9 
 8 
 3 
 5 
 5 
 7 
 4 
 6 
 3 
 8 
 5 
 9 
 4 
 4 
 10 
 6 
 5 
 5 
 3 
 2 
 4 
 4 
 5 
 3 
 3 
 3 
 2 
 6 
 4 
 0 
 3 
 0 
 4 
 2 
 7 
 5 
 0 
 7 
 3 
 8 
 4 
 8 
 5 
 6 
 4 
 4 
 3 
 4 
 4 
 4 
 8 
 3 
 2 
 3 
 4 
 4 
 2 
 8 
 8 
 4 
 0 
 5 
 2 
 4 
 4 
 0 
 5 
 2 
 2 
 2 
 8 
 5 
 2 
 7 
 3 
 5 
 7 
 5 
 3 
 3 
 2 
 3 
 8 
 4 
 4 
 5 
 9 
 5 
 2 
 0 
 2 
 3 
 7 
 4 
 2 
 2 
 0 
 2 
 7 
 0 
 4 
 3 
 2 
 0 
 1 
 0 
 2 
 4 
 2 
 0 
 7 
 3 
 3 
 6 
 4 
 5 
 1 
 3 
 3 
 1 
 5 
 5 
 5 
 4 
 3 
 8 
 2 
 4 
 4 
 4 
 5 
 0 
 6 
 3 
 5 
 3 
 6 
 3 
 7 
 7 
 8 
 3 
 4 
 7 
 1 
 4 
 1 
 5 
 7 
 8 
 6 
 6 
 5 
 8 
 4 
 8 
 11 
 9 
 5 
 9 
 10 
 8 
 7 
 10 
 12 
 12 
 20 
 10 
 12 
 8 
 9 
 10 
 12 
 11 
 14 
 13 
 19 
 12 
 26 
 13 
 12 
 26 
 18 
 27 
 27 
 20 
 21 
 29 
 20 
 33 
 25 
 26 
 23 
 18 
 24 
 18 
 35 
 24 
 26 
 28 
 30 
 43 
 33 
 32 
 25 
 27 
 36 
 41 
 43 
 32 
 39 
 31 
 41 
 21 
 35 
 40 
 37 
 37 
 24 
 35 
 39 
 22 
 35 
 35 
 30 
 25 
 37 
 26 
 36 
 36 
 25 
 27 
 32 
 28 
 26 
 29 
 26 
 32 
 25 
 26 
 26 
 26 
 21 
 33 
 22 
 24 
 19 
 22 
 22 
 14 
 19 
 23 
 22 
 9 
 14 
 18 
 24 
 19 
 19 
 19 
 15 
 17 
 15 
 12 
 12 
 12 
 6 
 9 
 11 
 13 
 16 
 10 
 5 
 5 
 6 
 6 
 4 
 5 
 3 
 6 
 10 
 1 
 7 
 6 
 5 
 2 
 3 
 3 
 2 
 2 
 3 
 6 
 4 
 6 
 3 
 0 
 6 
 1 
 2 
 1 
 1 
 2 
 1 
 0 
 3 
 2 
 1 
 1 
 1 
 2 
 4 
 2 
 1 
 3 
 1 
 4 
 2 
 0 
 0 
 2 
 0 
 1 
 1 
 0 
 0 
 2 
 1 
 0 
 0 
 1 
 1 
 1 
 0 
 0 
 0 
 1 
 1 
 0 
 0 
 1 
 0 
 0 
 0 
 1 
 1 
 0 
 0 
 0 
 0 
 0 
 0 
 0 
 0 
 0 
 2 
 0 
 1 
 1 
 0 
 0 
 0 
 1 
 0 
 1 
 0 
 0 
 0 
 0 
 1 
 1 
 0 
 0 
 1 
 1 
 0 
 2 
 0 
 3 
 0 
 1 
 1 
 0 
 0 
 1 
 1 
 0 
 0 
 0 
 0 
 1 
 0 
 0 
 0 
 1 
 0 
 1 
 0 
 0 
 0 
 1 
 1 
 0 
 0 
 0 
 1 
 0 
 0 
 0 
 1 
 0 
 0 
 0 
 1 
 0 
 0 
 1 
 0 
 1 
 1 
 0 
 0 
 0 
 0 
 0 
 0 
 0 
 0 
 1 
 0 
 0 
 0 
 2 
 1 
 1 
 1 
 1 
 0 
 0 
 0 
 0 
 0 
 0 
 2 
 0 
 0 
 2 
 0 
 1 
 0 
 0 
 0 
 0 
 0 
 1 
 0 
 0 
 0 
 1 
 0 
 2 
 0 
 0 
 0 
 0 
 1 
 0 
 1 
 1 
 0 
 0 
 0 
 1 
 0 
 1 
 1 
 0 
 1 
 0 
 0 
 1 
 1 
 0 
 0 
 0 
 0 
 1 
 0 
 0 
 0 
 1 
 0 
 0 
 0 
 0 
 0 
 0 
 0 
 0 
 0 
 0 
 2 
 0 
 0 
 1 
 0 
 0 
 0 
 0 
 0 
 0 
 1 
 0 
 0 
 0 
 0 
 0 
 0 
 0 
 0 
 0 
 0 
 0 
 0 
 0 
 0 
 0 
 0 
 0 
 1 
 0 
 1 
 0 
 0 
 0 
 0 
 0 
 1 
 0 
 0 
 0 
 0 
 1 
 0 
 0 
 0 
 0 
 0 
 0 
 0 
 0 
 0 
 0 
 0 
 0 
 0 
 0 
 0 
 0 
 0 
 1 
 0 
 0 
 0 
 0 
 0 
 0 
 0 
 0 
 0 
 0 
 0 
 0 
 0 
 0 
 0 
 0 
 0 
 0 
 0 
 0 
 0 
 0 
 0 
 0 
 0 
 0 
 0 
 0 
 0 
 0 
 0 
 0 
 0 
 0 
 1 
 0 
 0 
 0 
 0 
 0 
 0 
 0 
 0 
 0 
 0 
 0 
 0 
 0 
 1 
 0 
 0 
 0 
 0 
 0 
 0 
 0 
 0 
 0 
 0 
 0 
 0 
 0 
 0 
 0 
 0 
 0 
 0 
 0 
 0 
 0 
 0 
 0 
 0 
 0 
 0 
 0 
 0 
 0 
 0 
 0 
 0 
 0 
 0 
 0 
 0 
 0 
 0 
 0 
 0 
 0 
 0 
 0 
 0 
 0 
 0 
 0 
 0 
 0 
 0 
 0 
 0 
 0 
 0 
 0 
 0 
 1 
 0 
 0 
 0 
 0 
 0 
 0 
 0 
 0 
 0 
 0 
 0 
 1 
 0 
 0 
 0 
 0 
 0 
 0 
 0 
 0 
 0 
 0 
 1 
 0 
 0 
 0 
 0 
 0 
 0 
 0 
 1 
 0 
 1 
 0 
 0 
 0 
 0 
 0 
 0 
 1 
 0 
 0 
 1 
 0 
 0 
 0 
 0 
 0 
 0 
 0 
 0 
 0 
 0 
 0 
 0 
 0 
 0 
 0 
 1 
 0 
 0 
 0 
 0 
 0 
 0 
 0 
 0 
 0 
 0 
 1 
 0 
 0 
 0 
 0 
 0 
 0 
 0 
 0 
 0 
 1 
 0 
 0 
 1 
 0 
 0 
 0 
 0 
 0 
 0 
 0 
 0 
 0 
 0 
 2 
 1 
 0 
 0 
 0 
 0 
 0 
 0 
 0 
 0 
 0 
 0 
 0 
 0 
 0 
 0 
 0 
 0 
 0 
 1 
 0 
 0 
 0 
 0 
 1 
 0 
 0 
 0 
 0 
 0 
 0 
 0 
 0 
 1 
 0 
 0 
 0 
 0 
 0 
 0 
 0 
 0 
 0 
 0 
 0 
 0 
 0 
 0 
 0 
 0 
 0 
 0 
 0 
 0 
 0 
 0 
 0 
 0 
 0 
 0 
 1 
 0 
 0 
 0 
 0 
 0 
 0 
 0 
 0 
 0 
 0 
 0 
 0 
 0 
 0 
 0 
 0 
 0 
 0 
 0 
 0 
 0 
 0 
 0 
 0 
 0 
 1 
 0 
 0 
 0 
 0 
 0 
 0 
 1 
 0 
 0 
 0 
 0 
 0 
 0 
 0 
 0 
 0 
 0 
 0 
 1 
 0 
 0 
 0 
 0 
 0 
 0 
 0 
 0 
 0 
 0 
 0 
 0 
 0 
 0 
 0 
 0 
 0 
 0 
 0 
 0 
 0 
 0 
 0 
 0 
 0 
 0 
 0 
 0 
 0 
 0 
 0 
 0 
 0 
 0 
 0 
 0 
 0 
 0 
 0 
 0 
 0 
 0 
 0 
 0 
 0 
 0 
 0 
 0 
 0 
 0 
 0 
 0 
 0 
 0 
 0 
 0 
 0 
 0 
 0 
 0 
 0 
 0 
 0 
 1 
 0 
 0 
 0 
 0 
 0 
 0 
 0 
 0 
 0 
 0 
 0 
 0 
 0 
 0 
 0 
 0 
 0 
 0 
 0 
 0 
 0 
 0 
 0 
 0 
 0 
 0 
 0 
 0 
 0 
 0 
 0 
 0 
 0 
 0 
 0 
 0 
 0 
 0 
 0 
 0 
 0 
 0 
 0 
 0 
 0 
 0 
 0 
 0 
 0 
 0 
 0 
 0 
 0 
 0 
 0 
 0 
 0 
 0 
 0 
 0 
 0 
 0 
 0 
 0 
 0 
 0 
 0 
 0 
 0 
 0 
 0 
 0 
 0 
 0 
 0 
 0 
 0 
 0 
 0 
 0 
 0 
 0 
 0 
 0 
 0 
 0 
 0 
 1 
 0 
 0 
 0 
 0 
 0 
 1 
 0 
 0 
 0 
 0 
 0 
 0 
 0 
 0 
 0 
 0 
 0 
 0 
 0 
 0 
 0 
 0 
 0 
 0 
 0 
 0 
 0 
 0 
 0 
 0 
 0 
 0 
 0 
 0 
 0 
 0 
 0 
 0 
 0 
 0 
 0 
 0 
 0 
 0 
 0 
 0 
 1 
 0 
 0 
 0 
 0 
 0 
 0 
 0 
 0 
 0 
 0 
 0 
 0 
 0 
 0 
 0 
 0 
 0 
 0 
 0 
 0 
 0 
 0 
 0 
 0 
 0 
 0 
 0 
 0 
 0 
 0 
 0 
 0 
 0 
 0 
 0 
 0 
 0 
 0 
 0 
 0 
 0 
 0 
 0 
 0 
 0 
 0 
 0 
 0 
 0 
 0 
 0 
 0 
 0 
 1 
 0 
 0 
 0 
 0 
 0 
 0 
 0 
 0 
 0 
 0 
 0 
 0 
 0 
 0 
 0 
 0 
 0 
 0 
 0 
 0 
 0 
 0 
 0 
 0 
 0 
 0 
 0 
 0 
 0 
 1 
 0 
 0 
 0 
 0 
 0 
 0 
 0 
 0 
 0 
 0 
 0 
 0 
 0 
 0 
 0 
 0 
 0 
 0 
 0 
 0 
 0 
 0 
 0 
 0 
 1 
 0 
 0 
 0 
 0 
 0 
 0 
 0 
 0 
 0 
 0 
 0 
 0 
 0 
 0 
 0 
 0 
 0 
 0 
 0 
 0 
 0 
 0 
 0 
 0 
 0 
 0 
 0 
 0 
 0 
 0 
 0 
 0 
 0 
 0 
 0 
 0 
 0 
 0 
 0 
 0 
 0 
 1 
 0 
 0 
 0 
 0 
 0 
 0 
 0 
 1 
 0 
 0 
 0 
 0 
 0 
 0 
 0 
 0 
 0 
 0 
 0 
 0 
 0 
 0 
 0 
 0 
 0 
 0 
 0 
 0 
 0 
 0 
 0 
 0 
 0 
 0 
 0 
 0 
 0 
 0 
 0 
 0 
 0 
 0 
 0 
 0 
 0 
 0 
 0 
 0 
 0 
 0 
 0 
 0 
 0 
 0 
 0 
 0 
 0 
 1 
 0 
 0 
 0 
 0 
 0 
 0 
 0 
 0 
 0 
 0 
 0 
 0 
 0 
 0 
 0 
 0 
 0 
 0 
 0 
 0 
 0 
 0 
 0 
 0 
 0 
 0 
 0 
 0 
 0 
 0 
 0 
 0 
 0 
 0 
 0 
 0 
 0 
 0 
 0 
 0 
 0 
 0 
 0 
 0 
 0 
 0 
 0 
 0 
 0 
 0 
 0 
 0 
 0 
 0 
 0 
 0 
 0 
 0 
 0 
 0 
 0 
 0 
 0 
 0 
 0 
 0 
 0 
 0 
 0 
 0 
 0 
 0 
 0 
 0 
 0 
 0 
 0 
 0 
 0 
 0 
 0 
 0 
 1 
 0 
 0 
 0 
 0 
 0 
 0 
 0 
 0 
 0 
 0 
 0 
 0 
 0 
 0 
 0 
 0 
 1 
 0 
 0 
 0 
 0 
 0 
 0 
 0 
 0 
 0 
 0 
 0 
 0 
 0 
 0 
 0 
 0 
 0 
 0 
 0 
 0 
 0 
 0 
 0 
 1 
 0 
 0 
 0 
 0 
 0 
 0 
 0 
 0 
 0 
 0 
 0 
 0 
 0 
 0 
 0 
 0 
 0 
 0 
 1 
 0 
 0 
 0 
 0 
 0 
 0 
 0 
 0 
 0 
 0 
 0 
 0 
 0 
 0 
 0 
 0 
 0 
 0 
 0 
 0 
 0 
 0 
 0 
 0 
 0 
 0 
 0 
 0 
 0 
 0 
 0 
 0 
 0 
 0 
 0 
 0 
 0 
 0 
 0 
 0 
 0 
 0 
 0 
 0 
 0 
 0 
 0 
 0 
 0 
 0 
 0 
 0 
 0 
 0 
 0 
 0 
 0 
 0 
 0 
 0 
 0 
 0 
 0 
 0 
 0 
 0 
 0 
 0 
 0 
 0 
 0 
 0 
 0 
 0 
 0 
 0 
 0 
 0 
 0 
 0 
 0 
 0 
 0 
 0 
 0 
 0 
 0 
 0 
 0 
 0 
 0 
 0 
 0 
 0 
 0 
 0 
 0 
 0 
 0 
 0 
 0 
 0 
 0 
 0 
 0 
 0 
 0 
 0 
 0 
 0 
 0 
 0 
 0 
 0 
 0 
 0 
 0 
 0 
 0 
 0 
 0 
 0 
 0 
 0 
 0 
 0 
 0 
 0 
 0 
 0 
 0 
 0 
 0 
 0 
 0 
 0 
 0 
 0 
 0 
 0 
 0 
 0 
 0 
 0 
 0 
 0 
 0 
 0 
 0 
 0 
 0 
 0 
 0 
 0 
 0 
 0 
 0 
 0 
 0 
 0 
 0 
 0 
 0 
 0 
 0 
 0 
 0 
 0 
 0 
 0 
 0 
 0 
 0 
 0 
 0 
 0 
 0 
 0 
 0 
 0 
 0 
 0 
 0 
 0 
 0 
 0 
 0 
 0 
 0 
 0 
 0 
 0 
 0 
 0 
 0 
 0 
 0 
 0 
 0 
 0 
 0 
 0 
 0 
 0 
 0 
 0 
 0 
 0 
 0 
 0 
 0 
 0 
 0 
 0 
 1 
 0 
 0 
 0 
 0 
 0 
 0 
 0 
 0 
 0 
 0 
 0 
 0 
 0 
 0 
 0 
 0 
 0 
 0 
 0 
 0 
 0 
 0 
 0 
 0 
 0 
 0 
 0 
 0 
 0 
 0 
 0 
 0 
 0 
 0 
 0 
 0 
 0 
 0 
 0 
 0 
 0 
 0 
 0 
 0 
 0 
 0 
 0 
 0 
 0 
 0 
 0 
 0 
 0 
 0 
 0 
 0 
 0 
 0 
 0 
 0 
 0 
 0 
 0 
 0 
 0 
 0 
 0 
 0 
 0 
 0 
 0 
 0 
 0 
 0 
 0 
 0 
 0 
 0 
 0 
 0 
 0 
 0 
 0 
 0 
 0 
 0 
 0 
 0 
 0 
 0 
 0 
 0 
 0 
 0 
 0 
 0 
 0 
 0 
 0 
 0 
 0 
 0 
 0 
 0 
 0 
 0 
 0 
 0 
 0 
 0 
 0 
 0 
 0 
 0 
 0 
 0 
 0 
 0 
 0 
 0 
 0 
 0 
 0 
 0 
 0 
 0 
 0 
 0 
 0 
 0 
 0 
 0 
 0 
 0 
 0 
 0 
 0 
 0 
 0 
 0 
 0 
 0 
 0 
 0 
 0 
 0 
 0 
 0 
 0 
 0 
 0 
 0 
 0 
 0 
 0 
 0 
 0 
 0 
 0 
 0 
 0 
 0 
 0 
 0 
 0 
 0 
 0 
 0 
 0 
 0 
 0 
 0 
 0 
 0 
 0 
 0 
 0 
 0 
 0 
 0 
 0 
 0 
 0 
 0 
 0 
 0 
 0 
 0 
 0 
 0 
 0 
 0 
 0 
 0 
 0 
 0 
 0 
 0 
 0 
 0 
 0 
 0 
 0 
 0 
 0 
 0 
 0 
 0 
 0 
 0 
 0 
 0 
 0 
 0 
 0 
 0 
 0 
 0 
 0 
 0 
 0 
 0 
 0 
 0 
 0 
 0 
 0 
 0 
 0 
 0 
 0 
 0 
 0 
 0 
 0 
 0 
 0 
 0 
 0 
 0 
 0 
 0 
 0 
 0 
 0 
 0 
 0 
 0 
 0 
 0 
 0 
 0 
 0 
 0 
 0 
 0 
 1 
 0 
 0 
 0 
 0 
 0 
 0 
 0 
 0 
 0 
 0 
 0 
 0 
 0 
 0 
 0 
 0 
 0 
 0 
 0 
 0 
 0 
 0 
 0 
 0 
 0 
 0 
 0 
 0 
 0 
 0 
 0 
 0 
 0 
 0 
 0 
 0 
 0 
 0 
 0 
 0 
 0 
 0 
 0 
 0 
 0 
 0 
 0 
 0 
 0 
 0 
 0 
 0 
 0 
 0 
 0 
 0 
 0 
 0 
 0 
 0 
 0 
 0 
 0 
 0 
 0 
 0 
 0 
 0 
 0 
 0 
 0 
 0 
 0 
 0 
 0 
 0 
 0 
 0 
 0 
 0 
 0 
 0 
 0 
 0 
 0 
 0 
 0 
 0 
 0 
 0 
 0 
 0 
 0 
 0 
 0 
 0 
 0 
 0 
 0 
 0 
 0 
 0 
 0 
 0 
 0 
 0 
 0 
 0 
 0 
 0 
 0 
 0 
 0 
 0 
 0 
 0 
 0 
 0 
 0 
 0 
 0 
 0 
 0 
 0 
 0 
 0 
 0 
 0 
 0 
 0 
 0 
 0 
 0 
 0 
 0 
 0 
 0 
 0 
 0 
 0 
 0 
 0 
 0 
 0 
 0 
 0 
 0 
 0 
 0 
 0 
 0 
 0 
 0 
 0 
 0 
 0 
 0 
 0 
 0 
 0 
 0 
 0 
 0 
 0 
 0 
 0 
 0 
 0 
 0 
 0 
 0 
 0 
 0 
 0 
 0 
 0 
 0 
 0 
 0 
 0 
 0 
 0 
 0 
 0 
 0 
 0 
 0 
 0 
 0 
 0 
 0 
 0 
 0 
 0 
 0 
 0 
 0 
 0 
 0 
 0 
 0 
 0 
 0 
 0 
 0 
 0 
 0 
 0 
 0 
 0 
 0 
 0 
 0 
 0 
 0 
 0 
 0 
 0 
 0 
 0 
 0 
 0 
 0 
 0 
 0 
 0 
 0 
 0 
 0 
 0 
 0 
 0 
 0 
 0 
 0 
 0 
 0 
 0 
 0 
 0 
 0 
 0 
 0 
 0 
 0 
 0 
 0 
 0 
 0 
 0 
 0 
 0 
 0 
 0 
 0 
 0 
 0 
 0 
 0 
 0 
 0 
 0 
 0 
 0 
 0 
 0 
 0 
 0 
 0 
 0 
 0 
 0 
 0 
 0 
 0 
 0 
 0 
 0 
 0 
 0 
 0 
 0 
 0 
 0 
 0 
 0 
 0 
 0 
 0 
 0 
 0 
 0 
 0 
 0 
 0 
 0 
 0 
 0 
 0 
 0 
 0 
 0 
 0 
 0 
 0 
 0 
 0 
 0 
 0 
 0 
 0 
 0 
 0 
 0 
 0 
 0 
 0 
 0 
 0 
 0 
 0 
 1 
 0 
 0 
 0 
 0 
 0 
 0 
 0 
 0 
 0 
 0 
 0 
 0 
 0 
 0 
 0 
 0 
 0 
 0 
 0 
 0 
 0 
 0 
 0 
 0 
 0 
 0 
 0 
 0 
 0 
 0 
 0 
 0 
 0 
 0 
 0 
 0 
 0 
 0 
 0 
 0 
 0 
 0 
 0 
 0 
 0 
 0 
 0 
 0 
 0 
 0 
 0 
 0 
 0 
 0 
 0 
 0 
 0 
 0 
 0 
 0 
 0 
 0 
 0 
 0 
 0 
 0 
 0 
 0 
 0 
 0 
 0 
 0 
 0 
 0 
 0 
 0 
 0 
 0 
 0 
 0 
 0 
 0 
 0 
 0 
 0 
 0 
 0 
 0 
 0 
 0 
 0 
 0 
 0 
 0 
 0 
 0 
 0 
 0 
 0 
 0 
 0 
 0 
 0 
 0 
 0 
 0 
 0 
 0 
 0 
 0 
 0 
 0 
 0 
 0 
 0 
 0 
 0 
 0 
 0 
 0 
 0 
 0 
 0 
 0 
 0 
 0 
 0 
 0 
 0 
 0 
 0 
 0 
 0 
 0 
 0 
 0 
 0 
 0 
 0 
 0 
 0 
 0 
 0 
 0 
 0 
 0 
 0 
 0 
 0 
 0 
 0 
 0 
 0 
 0 
 0 
 0 
 0 
 0 
 0 
 0 
 0 
 0 
 0 
 0 
 0 
 0 
 0 
 0 
 0 
 0 
 0 
 0 
 0 
 0 
 0 
 0 
 0 
 0 
 0 
 0 
 0 
 0 
 0 
 0 
 0 
 0 
 0 
 0 
 0 
 0 
 0 
 0 
 0 
 0 
 0 
 0 
 0 
 0 
 0 
 0 
 0 
 0 
 0 
 0 
 0 
 0 
 0 
 0 
 0 
 0 
 0 
 0 
 0 
 0 
 0 
 0 
 0 
 0 
 0 
 0 
 0 
 0 
 0 
 0 
 0 
 0 
 0 
 0 
 0 
 0 
 0 
 0 
 0 
 0 
 0 
 0 
 0 
 0 
 0 
 0 
 0 
 0 
 0 
 0 
 0 
 0 
 0 
 0 
 0 
 0 
 0 
 0 
 0 
 0 
 0 
 0 
 0 
 0 
 0 
 0 
 0 
 0 
 0 
 0 
 0 
 0 
 0 
 0 
 0 
 0 
 0 
 0 
 0 
 0 
 0 
 0 
 0 
 0 
 0 
 0 
 0 
 0 
 0 
 0 
 0 
 0 
 0 
 0 
 0 
 0 
 0 
 0 
 0 
 0 
 0 
 0 
 0 
 0 
 0 
 0 
 0 
 0 
 0 
 0 
 0 
 0 
 0 
 0 
 0 
 0 
 0 
 0 
 0 
 0 
 0 
 0 
 0 
 0 
 0 
 0 
 0 
 0 
 0 
 0 
 0 
 0 
 0 
 0 
 0 
 1 
 0 
 0 
 0 
 0 
 0 
 0 
 0 
 0 
 0 
 0 
 0 
 0 
 0 
 0 
 0 
 0 
 0 
 0 
 0 
 0 
 0 
 0 
 0 
 0 
 0 
 0 
 0 
 0 
 0 
 0 
 0 
 0 
 0 
 0 
 0 
 0 
 0 
 0 
 0 
 0 
 0 
 0 
 0 
 0 
 0 
 0 
 0 
 0 
 0 
 0 
 0 
 0 
 0 
 0 
 0 
 0 
 0 
 0 
 0 
 0 
 0 
 0 
 0 
 0 
 0 
 0 
 0 
 0 
 0 
 0 
 0 
 0 
 0 
 0 
 0 
 0 
 0 
 0 
 0 
 0 
 0 
 0 
 0 
 0 
 0 
 0 
 0 
 0 
 0 
 0 
 0 
 0 
 0 
 0 
 0 
 0 
 0 
 0 
 0 
 0 
 0 
 0 
 0 
 0 
 0 
 0 
 0 
 0 
 0 
 0 
 0 
 0 
 0 
 0 
 0 
 0 
 0 
 0 
 0 
 0 
 0 
 0 
 0 
 0 
 0 
 0 
 0 
 0 
 0 
 0 
 0 
 0 
 0 
 0 
 0 
 0 
 0 
 0 
 0 
 0 
 1 
 0 
 0 
 0 
 0 
 0 
 0 
 0 
 0 
 0 
 0 
 0 
 0 
 0 
 0 
 0 
 0 
 0 
 0 
 0 
 0 
 0 
 0 
 0 
 0 
 0 
 0 
 0 
 0 
 0 
 0 
 0 
 0 
 0 
 0 
 0 
 0 
 0 
 0 
 0 
 0 
 0 
 0 
 0 
 0 
 0 
 0 
 0 
 0 
 0 
 0 
 0 
 0 
 0 
 0 
 0 
 0 
 0 
 0 
 0 
 0 
 0 
 0 
 0 
 0 
 0 
 0 
 0 
 0 
 0 
 0 
 0 
 0 
 0 
 0 
 0 
 0 
 0 
 0 
 0 
 0 
 0 
 0 
 0 
 0 
 0 
 0 
 0 
 0 
 0 
 0 
 0 
 0 
 0 
 0 
 0 
 0 
 0 
 0 
 0 
 0 
 0 
 0 
 0 
 0 
 0 
 0 
 0 
 0 
 0 
 0 
 0 
 0 
 0 
 0 
 0 
 0 
 0 
 0 
 0 
 0 
 0 
 0 
 0 
 0 
 0 
 0 
 0 
 0 
 0 
 0 
 0 
 0 
 0 
 0 
 0 
 0 
 0 
 0 
 0 
 0 
 0 
 0 
 0 
 0 
 0 
 0 
 0 
 0 
 0 
 0 
 0 
 0 
 0 
 0 
 0 
 0 
 0 
 0 
 0 
 0 
 0 
 0 
 0 
 0 
 0 
 0 
 0 
 0 
 0 
 0 
 0 
 0 
 0 
 0 
 0 
 0 
 0 
 0 
 0 
 0 
 0 
 0 
 0 
 0 
 0 
 0 
 0 
 0 
 0 
 0 
 0 
 0 
 0 
 0 
 0 
 0 
 0 
 0 
 0 
 0 
 0 
 0 
 0 
 0 
 0 
 0 
 0 
 0 
 0 
 0 
 0 
 0 
