 0 
 0 
 0 
 0 
 0 
 0 
 0 
 0 
 0 
 0 
 0 
 0 
 0 
 0 
 0 
 0 
 0 
 0 
 0 
 1 
 0 
 0 
 0 
 0 
 0 
 3 
 1 
 5 
 3 
 5 
 16 
 12 
 18 
 14 
 18 
 30 
 37 
 49 
 36 
 43 
 42 
 39 
 48 
 58 
 66 
 60 
 70 
 52 
 58 
 83 
 78 
 70 
 77 
 75 
 73 
 69 
 100 
 69 
 79 
 96 
 79 
 81 
 79 
 83 
 95 
 78 
 72 
 86 
 96 
 81 
 101 
 76 
 98 
 84 
 74 
 82 
 89 
 105 
 100 
 126 
 94 
 103 
 120 
 107 
 122 
 143 
 161 
 160 
 166 
 186 
 173 
 191 
 190 
 171 
 219 
 208 
 207 
 213 
 209 
 177 
 208 
 203 
 172 
 143 
 166 
 157 
 165 
 173 
 159 
 145 
 143 
 143 
 147 
 127 
 116 
 117 
 126 
 99 
 114 
 108 
 100 
 109 
 99 
 122 
 113 
 101 
 105 
 107 
 107 
 114 
 114 
 93 
 104 
 101 
 117 
 120 
 107 
 108 
 104 
 109 
 116 
 107 
 128 
 94 
 96 
 109 
 120 
 102 
 105 
 108 
 95 
 89 
 120 
 115 
 114 
 116 
 113 
 119 
 105 
 125 
 122 
 115 
 95 
 111 
 115 
 104 
 107 
 109 
 131 
 100 
 113 
 98 
 113 
 113 
 115 
 116 
 112 
 116 
 97 
 129 
 111 
 121 
 114 
 140 
 112 
 120 
 126 
 132 
 103 
 134 
 137 
 113 
 110 
 110 
 115 
 104 
 110 
 114 
 112 
 127 
 129 
 121 
 123 
 123 
 130 
 120 
 118 
 123 
 141 
 143 
 145 
 135 
 158 
 134 
 124 
 140 
 126 
 135 
 134 
 141 
 150 
 136 
 127 
 130 
 115 
 125 
 135 
 119 
 133 
 97 
 128 
 106 
 110 
 125 
 112 
 127 
 114 
 125 
 105 
 106 
 110 
 111 
 117 
 94 
 111 
 117 
 122 
 114 
 122 
 117 
 104 
 95 
 103 
 102 
 111 
 124 
 114 
 112 
 101 
 86 
 88 
 112 
 105 
 123 
 120 
 107 
 108 
 108 
 98 
 115 
 90 
 88 
 100 
 94 
 101 
 119 
 107 
 89 
 96 
 95 
 93 
 97 
 106 
 88 
 95 
 84 
 84 
 73 
 87 
 108 
 91 
 93 
 95 
 92 
 78 
 91 
 78 
 83 
 74 
 84 
 104 
 73 
 81 
 93 
 76 
 70 
 77 
 87 
 87 
 93 
 71 
 81 
 76 
 65 
 83 
 58 
 70 
 74 
 68 
 70 
 82 
 69 
 61 
 86 
 82 
 69 
 66 
 66 
 68 
 66 
 76 
 65 
 57 
 59 
 79 
 59 
 67 
 72 
 78 
 75 
 67 
 72 
 60 
 60 
 71 
 63 
 72 
 51 
 65 
 66 
 58 
 55 
 49 
 62 
 61 
 53 
 56 
 54 
 64 
 70 
 64 
 63 
 67 
 56 
 51 
 53 
 57 
 56 
 57 
 58 
 57 
 43 
 46 
 43 
 46 
 57 
 38 
 44 
 54 
 46 
 43 
 51 
 52 
 58 
 53 
 45 
 55 
 41 
 52 
 51 
 41 
 37 
 39 
 42 
 35 
 55 
 43 
 44 
 48 
 35 
 39 
 39 
 42 
 47 
 42 
 39 
 28 
 38 
 39 
 36 
 37 
 31 
 40 
 34 
 31 
 44 
 43 
 44 
 46 
 37 
 34 
 41 
 30 
 31 
 36 
 27 
 28 
 37 
 30 
 30 
 37 
 32 
 35 
 35 
 35 
 28 
 28 
 42 
 42 
 38 
 34 
 35 
 34 
 34 
 25 
 40 
 33 
 27 
 38 
 20 
 34 
 37 
 29 
 43 
 27 
 31 
 29 
 29 
 27 
 18 
 45 
 30 
 34 
 31 
 30 
 30 
 36 
 32 
 29 
 41 
 26 
 34 
 38 
 26 
 41 
 42 
 35 
 27 
 33 
 33 
 36 
 42 
 35 
 38 
 33 
 39 
 32 
 41 
 31 
 28 
 22 
 35 
 29 
 41 
 31 
 45 
 32 
 35 
 30 
 30 
 40 
 51 
 33 
 33 
 39 
 33 
 39 
 42 
 48 
 45 
 40 
 42 
 43 
 32 
 47 
 38 
 47 
 44 
 46 
 32 
 31 
 43 
 36 
 39 
 37 
 47 
 40 
 48 
 36 
 53 
 42 
 41 
 47 
 46 
 43 
 54 
 38 
 31 
 51 
 36 
 60 
 43 
 46 
 62 
 59 
 66 
 64 
 69 
 85 
 91 
 59 
 74 
 83 
 95 
 83 
 78 
 89 
 92 
 97 
 120 
 107 
 112 
 106 
 125 
 117 
 129 
 156 
 143 
 138 
 136 
 143 
 148 
 143 
 148 
 151 
 149 
 161 
 154 
 167 
 158 
 161 
 169 
 166 
 171 
 140 
 174 
 174 
 157 
 162 
 167 
 165 
 153 
 144 
 140 
 159 
 140 
 139 
 111 
 136 
 147 
 117 
 121 
 116 
 105 
 103 
 92 
 100 
 87 
 71 
 79 
 73 
 64 
 69 
 70 
 45 
 54 
 52 
 54 
 46 
 43 
 39 
 33 
 38 
 22 
 34 
 34 
 24 
 23 
 26 
 21 
 15 
 22 
 17 
 21 
 15 
 9 
 15 
 18 
 22 
 17 
 22 
 13 
 8 
 13 
 11 
 11 
 12 
 12 
 12 
 16 
 11 
 16 
 11 
 13 
 9 
 18 
 15 
 9 
 15 
 8 
 10 
 13 
 11 
 15 
 7 
 8 
 11 
 9 
 15 
 9 
 15 
 10 
 14 
 10 
 10 
 10 
 5 
 12 
 11 
 13 
 9 
 10 
 12 
 9 
 11 
 18 
 18 
 8 
 13 
 11 
 12 
 10 
 17 
 10 
 12 
 11 
 9 
 9 
 12 
 14 
 7 
 9 
 9 
 6 
 9 
 12 
 10 
 12 
 9 
 12 
 14 
 10 
 9 
 12 
 9 
 15 
 2 
 14 
 14 
 13 
 10 
 17 
 9 
 9 
 11 
 9 
 5 
 16 
 14 
 7 
 14 
 9 
 10 
 5 
 12 
 10 
 16 
 13 
 9 
 11 
 19 
 9 
 14 
 6 
 16 
 7 
 12 
 14 
 9 
 8 
 10 
 15 
 8 
 14 
 7 
 9 
 16 
 9 
 12 
 9 
 7 
 10 
 12 
 14 
 13 
 15 
 16 
 10 
 20 
 10 
 12 
 10 
 10 
 13 
 11 
 13 
 10 
 16 
 15 
 9 
 8 
 12 
 8 
 9 
 8 
 5 
 8 
 11 
 11 
 14 
 15 
 7 
 9 
 6 
 6 
 7 
 12 
 11 
 14 
 7 
 6 
 11 
 3 
 11 
 6 
 9 
 16 
 12 
 16 
 12 
 7 
 5 
 12 
 6 
 5 
 9 
 9 
 11 
 12 
 13 
 10 
 6 
 11 
 14 
 10 
 6 
 9 
 7 
 10 
 7 
 11 
 13 
 11 
 9 
 11 
 6 
 12 
 15 
 11 
 17 
 9 
 17 
 16 
 9 
 8 
 7 
 9 
 13 
 8 
 11 
 15 
 13 
 9 
 6 
 9 
 10 
 12 
 10 
 13 
 8 
 8 
 5 
 14 
 17 
 9 
 12 
 4 
 10 
 7 
 6 
 14 
 11 
 12 
 7 
 11 
 16 
 8 
 10 
 16 
 12 
 11 
 5 
 13 
 11 
 12 
 9 
 9 
 9 
 11 
 16 
 11 
 14 
 11 
 15 
 5 
 16 
 12 
 9 
 9 
 9 
 10 
 10 
 9 
 12 
 6 
 4 
 10 
 7 
 9 
 15 
 11 
 10 
 10 
 6 
 9 
 10 
 9 
 9 
 14 
 10 
 14 
 9 
 7 
 7 
 9 
 6 
 11 
 6 
 7 
 15 
 10 
 8 
 6 
 12 
 11 
 5 
 13 
 13 
 13 
 17 
 13 
 10 
 13 
 15 
 14 
 9 
 14 
 9 
 8 
 5 
 3 
 10 
 10 
 10 
 14 
 11 
 9 
 7 
 20 
 11 
 9 
 9 
 8 
 16 
 8 
 11 
 12 
 18 
 16 
 12 
 11 
 12 
 11 
 10 
 4 
 9 
 8 
 7 
 5 
 9 
 4 
 12 
 9 
 8 
 10 
 19 
 12 
 8 
 7 
 11 
 10 
 12 
 8 
 12 
 7 
 12 
 6 
 11 
 13 
 14 
 11 
 12 
 9 
 11 
 18 
 8 
 18 
 6 
 16 
 6 
 13 
 10 
 12 
 14 
 5 
 7 
 9 
 10 
 9 
 10 
 10 
 15 
 15 
 7 
 10 
 12 
 14 
 6 
 6 
 8 
 7 
 10 
 15 
 8 
 17 
 6 
 11 
 12 
 15 
 9 
 9 
 13 
 13 
 20 
 9 
 13 
 11 
 10 
 11 
 10 
 7 
 13 
 9 
 14 
 12 
 11 
 11 
 11 
 13 
 13 
 11 
 9 
 6 
 9 
 9 
 6 
 15 
 10 
 10 
 19 
 7 
 9 
 13 
 10 
 10 
 7 
 13 
 13 
 11 
 15 
 11 
 12 
 10 
 12 
 13 
 12 
 13 
 13 
 8 
 15 
 10 
 17 
 13 
 13 
 10 
 4 
 11 
 9 
 10 
 6 
 14 
 12 
 14 
 13 
 6 
 11 
 12 
 13 
 10 
 8 
 11 
 12 
 16 
 19 
 12 
 15 
 10 
 16 
 12 
 15 
 11 
 12 
 14 
 13 
 14 
 13 
 19 
 11 
 9 
 12 
 17 
 13 
 15 
 12 
 9 
 5 
 15 
 6 
 11 
 11 
 8 
 12 
 9 
 4 
 19 
 11 
 9 
 9 
 11 
 9 
 5 
 8 
 7 
 9 
 12 
 7 
 9 
 9 
 10 
 7 
 8 
 9 
 2 
 5 
 8 
 8 
 7 
 7 
 11 
 8 
 10 
 6 
 11 
 11 
 5 
 12 
 5 
 6 
 3 
 7 
 6 
 3 
 4 
 9 
 5 
 10 
 10 
 4 
 2 
 2 
 6 
 7 
 9 
 3 
 5 
 7 
 2 
 12 
 3 
 4 
 5 
 10 
 6 
 3 
 8 
 7 
 1 
 5 
 8 
 4 
 6 
 5 
 2 
 7 
 3 
 5 
 6 
 6 
 4 
 5 
 5 
 4 
 4 
 10 
 2 
 7 
 7 
 4 
 4 
 3 
 4 
 4 
 5 
 4 
 6 
 5 
 0 
 3 
 4 
 4 
 2 
 2 
 4 
 5 
 4 
 6 
 7 
 2 
 2 
 4 
 3 
 4 
 4 
 5 
 3 
 6 
 8 
 1 
 10 
 0 
 3 
 4 
 5 
 1 
 3 
 5 
 2 
 3 
 2 
 6 
 1 
 4 
 4 
 7 
 3 
 5 
 3 
 4 
 3 
 2 
 4 
 3 
 4 
 3 
 1 
 5 
 3 
 8 
 5 
 3 
 6 
 7 
 2 
 4 
 2 
 3 
 0 
 0 
 3 
 3 
 5 
 4 
 4 
 2 
 5 
 1 
 4 
 4 
 3 
 3 
 9 
 4 
 1 
 4 
 3 
 6 
 2 
 4 
 5 
 4 
 2 
 2 
 5 
 5 
 5 
 4 
 7 
 3 
 7 
 7 
 7 
 3 
 6 
 0 
 4 
 3 
 5 
 1 
 6 
 5 
 6 
 7 
 7 
 3 
 4 
 3 
 5 
 9 
 2 
 4 
 5 
 12 
 6 
 9 
 3 
 6 
 8 
 11 
 9 
 11 
 8 
 7 
 6 
 12 
 7 
 10 
 9 
 11 
 9 
 12 
 16 
 19 
 10 
 4 
 15 
 7 
 22 
 13 
 15 
 15 
 15 
 9 
 22 
 16 
 14 
 20 
 22 
 20 
 21 
 25 
 22 
 22 
 18 
 20 
 20 
 27 
 20 
 34 
 28 
 27 
 41 
 33 
 18 
 32 
 27 
 27 
 45 
 28 
 26 
 36 
 36 
 28 
 37 
 40 
 31 
 26 
 25 
 23 
 28 
 24 
 36 
 28 
 32 
 45 
 37 
 31 
 20 
 27 
 25 
 31 
 19 
 26 
 25 
 29 
 33 
 29 
 33 
 26 
 23 
 19 
 21 
 29 
 19 
 28 
 21 
 24 
 23 
 28 
 19 
 15 
 18 
 19 
 19 
 22 
 26 
 19 
 18 
 17 
 19 
 21 
 19 
 19 
 10 
 8 
 13 
 9 
 21 
 12 
 12 
 10 
 10 
 7 
 9 
 18 
 4 
 16 
 11 
 9 
 8 
 7 
 8 
 8 
 4 
 9 
 7 
 0 
 8 
 2 
 9 
 4 
 6 
 2 
 3 
 2 
 4 
 5 
 5 
 5 
 0 
 4 
 1 
 4 
 2 
 0 
 4 
 1 
 6 
 1 
 1 
 5 
 1 
 2 
 2 
 1 
 1 
 6 
 2 
 2 
 0 
 0 
 1 
 2 
 0 
 0 
 0 
 0 
 1 
 2 
 0 
 1 
 1 
 0 
 0 
 1 
 0 
 0 
 0 
 0 
 0 
 0 
 0 
 1 
 1 
 0 
 1 
 1 
 0 
 1 
 2 
 1 
 1 
 0 
 0 
 0 
 0 
 0 
 1 
 1 
 1 
 0 
 1 
 0 
 0 
 0 
 0 
 1 
 1 
 0 
 1 
 0 
 0 
 0 
 0 
 0 
 0 
 1 
 0 
 1 
 0 
 0 
 0 
 0 
 0 
 0 
 2 
 1 
 0 
 0 
 1 
 0 
 0 
 0 
 1 
 0 
 0 
 0 
 1 
 0 
 1 
 0 
 0 
 0 
 1 
 1 
 0 
 1 
 0 
 1 
 0 
 0 
 0 
 0 
 0 
 2 
 0 
 1 
 1 
 0 
 1 
 2 
 1 
 0 
 0 
 0 
 2 
 0 
 0 
 2 
 0 
 0 
 0 
 1 
 0 
 1 
 0 
 0 
 0 
 0 
 1 
 0 
 1 
 0 
 0 
 0 
 0 
 1 
 1 
 1 
 0 
 0 
 0 
 0 
 0 
 0 
 1 
 0 
 0 
 0 
 0 
 0 
 1 
 0 
 0 
 0 
 0 
 0 
 0 
 0 
 0 
 1 
 0 
 0 
 0 
 1 
 0 
 0 
 0 
 0 
 0 
 0 
 0 
 1 
 1 
 1 
 0 
 1 
 1 
 0 
 1 
 0 
 0 
 0 
 1 
 1 
 0 
 1 
 0 
 1 
 0 
 0 
 0 
 0 
 0 
 0 
 0 
 1 
 1 
 0 
 0 
 0 
 0 
 1 
 0 
 0 
 0 
 0 
 0 
 0 
 0 
 0 
 0 
 0 
 0 
 0 
 0 
 0 
 0 
 0 
 0 
 0 
 0 
 0 
 0 
 0 
 0 
 0 
 0 
 0 
 0 
 0 
 0 
 0 
 0 
 0 
 0 
 0 
 0 
 0 
 0 
 0 
 0 
 0 
 0 
 0 
 0 
 0 
 0 
 0 
 0 
 0 
 0 
 0 
 0 
 0 
 0 
 0 
 0 
 0 
 0 
 0 
 0 
 0 
 0 
 0 
 1 
 0 
 1 
 0 
 0 
 0 
 0 
 0 
 0 
 0 
 0 
 0 
 0 
 0 
 0 
 0 
 0 
 0 
 1 
 0 
 0 
 0 
 0 
 1 
 0 
 0 
 0 
 0 
 0 
 0 
 0 
 0 
 0 
 0 
 0 
 0 
 0 
 0 
 0 
 0 
 0 
 0 
 0 
 0 
 0 
 0 
 0 
 0 
 0 
 0 
 0 
 0 
 0 
 0 
 0 
 1 
 0 
 0 
 0 
 0 
 0 
 0 
 0 
 0 
 1 
 0 
 0 
 0 
 0 
 0 
 0 
 0 
 0 
 0 
 0 
 1 
 0 
 0 
 0 
 0 
 0 
 0 
 0 
 1 
 0 
 0 
 0 
 0 
 0 
 0 
 0 
 0 
 0 
 0 
 0 
 0 
 0 
 0 
 0 
 0 
 0 
 0 
 0 
 0 
 0 
 0 
 0 
 0 
 0 
 0 
 0 
 0 
 0 
 0 
 0 
 0 
 0 
 0 
 0 
 0 
 0 
 1 
 1 
 0 
 0 
 0 
 0 
 0 
 1 
 0 
 0 
 0 
 0 
 0 
 0 
 0 
 0 
 0 
 0 
 0 
 0 
 0 
 0 
 0 
 0 
 0 
 0 
 0 
 0 
 0 
 0 
 0 
 0 
 0 
 0 
 0 
 0 
 0 
 0 
 0 
 0 
 0 
 0 
 0 
 0 
 0 
 0 
 1 
 0 
 0 
 0 
 0 
 0 
 0 
 0 
 0 
 0 
 1 
 0 
 0 
 0 
 0 
 0 
 0 
 0 
 1 
 0 
 0 
 0 
 0 
 2 
 0 
 0 
 0 
 1 
 0 
 1 
 0 
 0 
 1 
 0 
 0 
 0 
 0 
 0 
 0 
 0 
 0 
 0 
 0 
 0 
 0 
 1 
 0 
 0 
 0 
 0 
 0 
 0 
 0 
 0 
 0 
 0 
 0 
 0 
 1 
 0 
 0 
 1 
 0 
 0 
 0 
 0 
 0 
 0 
 0 
 0 
 0 
 0 
 0 
 0 
 0 
 0 
 0 
 0 
 0 
 0 
 0 
 0 
 2 
 0 
 0 
 0 
 0 
 0 
 0 
 0 
 1 
 0 
 0 
 0 
 0 
 0 
 0 
 1 
 0 
 0 
 0 
 0 
 0 
 0 
 0 
 0 
 0 
 0 
 0 
 0 
 1 
 0 
 0 
 1 
 0 
 0 
 0 
 0 
 1 
 0 
 0 
 1 
 0 
 0 
 0 
 0 
 0 
 0 
 0 
 0 
 0 
 0 
 0 
 0 
 0 
 0 
 0 
 0 
 0 
 0 
 0 
 0 
 0 
 0 
 1 
 0 
 0 
 0 
 0 
 0 
 0 
 0 
 0 
 1 
 0 
 0 
 0 
 0 
 1 
 0 
 0 
 0 
 0 
 0 
 0 
 0 
 0 
 0 
 0 
 0 
 0 
 0 
 0 
 0 
 0 
 0 
 0 
 0 
 0 
 0 
 0 
 0 
 0 
 0 
 0 
 0 
 0 
 0 
 0 
 0 
 0 
 0 
 0 
 0 
 0 
 0 
 0 
 0 
 0 
 0 
 0 
 0 
 0 
 0 
 0 
 0 
 0 
 0 
 0 
 0 
 0 
 0 
 0 
 0 
 0 
 0 
 0 
 0 
 0 
 0 
 0 
 0 
 0 
 0 
 0 
 0 
 0 
 0 
 0 
 0 
 0 
 0 
 0 
 0 
 0 
 0 
 0 
 0 
 0 
 0 
 0 
 0 
 0 
 0 
 0 
 0 
 1 
 0 
 0 
 0 
 0 
 0 
 0 
 0 
 0 
 0 
 0 
 0 
 0 
 0 
 0 
 0 
 0 
 0 
 0 
 0 
 0 
 0 
 0 
 0 
 0 
 0 
 0 
 0 
 0 
 0 
 0 
 0 
 0 
 0 
 0 
 1 
 0 
 0 
 0 
 0 
 0 
 0 
 0 
 0 
 0 
 0 
 0 
 0 
 0 
 0 
 0 
 0 
 0 
 0 
 0 
 0 
 0 
 0 
 0 
 0 
 0 
 0 
 0 
 0 
 0 
 0 
 0 
 0 
 0 
 0 
 0 
 0 
 0 
 0 
 0 
 0 
 0 
 0 
 0 
 0 
 0 
 0 
 0 
 0 
 0 
 0 
 0 
 0 
 0 
 0 
 0 
 0 
 0 
 1 
 0 
 0 
 0 
 0 
 0 
 0 
 0 
 0 
 0 
 0 
 0 
 0 
 0 
 0 
 0 
 0 
 0 
 0 
 0 
 0 
 0 
 0 
 0 
 0 
 0 
 0 
 0 
 0 
 0 
 0 
 0 
 0 
 0 
 0 
 0 
 0 
 0 
 0 
 0 
 0 
 0 
 0 
 0 
 0 
 0 
 1 
 0 
 0 
 0 
 0 
 0 
 0 
 0 
 0 
 0 
 0 
 0 
 0 
 0 
 0 
 0 
 0 
 0 
 0 
 0 
 0 
 0 
 0 
 1 
 0 
 0 
 0 
 0 
 0 
 0 
 0 
 0 
 0 
 0 
 0 
 0 
 0 
 0 
 0 
 0 
 0 
 0 
 0 
 0 
 0 
 0 
 0 
 0 
 0 
 1 
 0 
 0 
 0 
 0 
 0 
 0 
 0 
 0 
 0 
 0 
 0 
 0 
 0 
 0 
 0 
 0 
 0 
 0 
 0 
 0 
 0 
 0 
 0 
 0 
 0 
 0 
 0 
 0 
 0 
 0 
 0 
 0 
 0 
 0 
 0 
 0 
 0 
 0 
 0 
 0 
 0 
 0 
 0 
 0 
 0 
 0 
 0 
 0 
 0 
 0 
 0 
 0 
 0 
 0 
 0 
 0 
 0 
 0 
 0 
 0 
 0 
 0 
 0 
 0 
 0 
 0 
 0 
 0 
 0 
 0 
 0 
 0 
 0 
 0 
 0 
 0 
 0 
 0 
 0 
 0 
 0 
 0 
 0 
 0 
 0 
 0 
 0 
 0 
 0 
 0 
 0 
 0 
 0 
 0 
 0 
 0 
 0 
 0 
 0 
 0 
 0 
 0 
 0 
 0 
 0 
 0 
 0 
 0 
 0 
 0 
 0 
 0 
 1 
 0 
 0 
 0 
 0 
 0 
 0 
 0 
 0 
 0 
 0 
 0 
 0 
 0 
 0 
 0 
 1 
 0 
 0 
 0 
 0 
 0 
 0 
 0 
 0 
 0 
 0 
 0 
 0 
 0 
 0 
 1 
 0 
 0 
 0 
 0 
 0 
 0 
 0 
 0 
 0 
 0 
 0 
 0 
 0 
 0 
 0 
 0 
 0 
 0 
 0 
 0 
 0 
 0 
 0 
 0 
 0 
 0 
 0 
 0 
 0 
 0 
 0 
 0 
 0 
 0 
 0 
 0 
 0 
 0 
 0 
 0 
 0 
 0 
 0 
 0 
 0 
 0 
 0 
 1 
 0 
 0 
 0 
 0 
 0 
 0 
 0 
 0 
 0 
 0 
 0 
 0 
 0 
 0 
 0 
 0 
 0 
 0 
 0 
 0 
 0 
 0 
 0 
 0 
 0 
 0 
 0 
 0 
 0 
 0 
 0 
 0 
 0 
 0 
 0 
 0 
 0 
 0 
 0 
 0 
 0 
 0 
 0 
 0 
 0 
 0 
 0 
 0 
 0 
 0 
 0 
 0 
 0 
 0 
 0 
 0 
 0 
 0 
 0 
 0 
 0 
 1 
 0 
 0 
 0 
 0 
 0 
 0 
 0 
 0 
 0 
 0 
 0 
 0 
 0 
 0 
 0 
 0 
 0 
 0 
 0 
 0 
 0 
 0 
 0 
 1 
 0 
 0 
 0 
 0 
 0 
 0 
 0 
 0 
 0 
 0 
 0 
 0 
 0 
 0 
 0 
 0 
 0 
 0 
 0 
 0 
 0 
 0 
 0 
 0 
 0 
 0 
 0 
 0 
 0 
 0 
 1 
 0 
 0 
 0 
 0 
 0 
 0 
 0 
 0 
 0 
 0 
 0 
 0 
 0 
 0 
 0 
 0 
 0 
 0 
 0 
 0 
 0 
 0 
 0 
 0 
 0 
 0 
 0 
 0 
 0 
 0 
 0 
 0 
 0 
 0 
 0 
 0 
 0 
 0 
 0 
 0 
 0 
 0 
 0 
 0 
 0 
 0 
 1 
 0 
 0 
 0 
 0 
 0 
 0 
 0 
 0 
 0 
 0 
 0 
 0 
 0 
 0 
 0 
 0 
 0 
 0 
 0 
 0 
 0 
 0 
 0 
 0 
 0 
 0 
 0 
 0 
 0 
 0 
 0 
 0 
 0 
 0 
 0 
 0 
 0 
 0 
 0 
 0 
 0 
 0 
 0 
 0 
 0 
 0 
 0 
 0 
 0 
 0 
 0 
 0 
 0 
 0 
 0 
 0 
 0 
 0 
 0 
 0 
 0 
 0 
 0 
 0 
 0 
 0 
 0 
 0 
 0 
 0 
 0 
 0 
 1 
 0 
 0 
 0 
 0 
 0 
 0 
 0 
 0 
 0 
 0 
 0 
 0 
 0 
 0 
 0 
 0 
 0 
 0 
 0 
 0 
 0 
 0 
 0 
 1 
 0 
 0 
 0 
 0 
 0 
 0 
 0 
 0 
 0 
 0 
 0 
 0 
 1 
 0 
 0 
 0 
 0 
 0 
 0 
 0 
 0 
 0 
 0 
 0 
 0 
 0 
 0 
 0 
 0 
 0 
 0 
 0 
 1 
 0 
 0 
 0 
 0 
 0 
 0 
 0 
 0 
 0 
 0 
 0 
 0 
 0 
 0 
 0 
 0 
 0 
 0 
 0 
 0 
 0 
 0 
 0 
 0 
 0 
 0 
 0 
 0 
 0 
 0 
 0 
 0 
 0 
 0 
 0 
 0 
 0 
 0 
 0 
 0 
 0 
 0 
 0 
 0 
 0 
 0 
 0 
 0 
 0 
 0 
 0 
 0 
 0 
 0 
 0 
 0 
 0 
 0 
 0 
 0 
 0 
 0 
 0 
 0 
 0 
 0 
 0 
 0 
 0 
 0 
 0 
 0 
 0 
 0 
 0 
 0 
 0 
 0 
 0 
 0 
 0 
 0 
 0 
 0 
 0 
 0 
 0 
 0 
 0 
 0 
 0 
 0 
 0 
 0 
 0 
 0 
 0 
 0 
 0 
 0 
 0 
 0 
 0 
 0 
 0 
 0 
 0 
 0 
 0 
 0 
 0 
 0 
 0 
 0 
 0 
 0 
 0 
 0 
 0 
 0 
 0 
 0 
 0 
 0 
 0 
 0 
 0 
 0 
 0 
 0 
 0 
 0 
 0 
 0 
 0 
 0 
 0 
 0 
 0 
 0 
 0 
 0 
 0 
 0 
 0 
 0 
 0 
 0 
 0 
 0 
 0 
 0 
 0 
 0 
 0 
 0 
 0 
 0 
 0 
 0 
 0 
 0 
 1 
 0 
 0 
 0 
 0 
 0 
 0 
 0 
 0 
 0 
 0 
 0 
 0 
 0 
 0 
 0 
 0 
 0 
 0 
 0 
 0 
 0 
 0 
 0 
 0 
 0 
 0 
 0 
 0 
 0 
 0 
 0 
 0 
 0 
 0 
 0 
 0 
 0 
 0 
 0 
 0 
 0 
 0 
 0 
 0 
 0 
 0 
 0 
 0 
 0 
 0 
 0 
 0 
 0 
 0 
 0 
 0 
 0 
 0 
 0 
 0 
 0 
 0 
 0 
 0 
 0 
 0 
 0 
 0 
 0 
 0 
 0 
 0 
 0 
 0 
 0 
 0 
 0 
 0 
 0 
 0 
 0 
 0 
 0 
 0 
 0 
 0 
 0 
 0 
 0 
 0 
 0 
 0 
 0 
 0 
 0 
 0 
 0 
 0 
 0 
 0 
 0 
 0 
 0 
 0 
 0 
 0 
 0 
 0 
 0 
 0 
 0 
 0 
 0 
 0 
 0 
 0 
 0 
 0 
 0 
 0 
 0 
 0 
 0 
 0 
 0 
 0 
 0 
 0 
 0 
 0 
 0 
 0 
 0 
 0 
 0 
 0 
 0 
 0 
 0 
 0 
 0 
 0 
 0 
 0 
 0 
 0 
 0 
 0 
 0 
 0 
 0 
 0 
 0 
 0 
 0 
 0 
 0 
 0 
 0 
 0 
 0 
 0 
 0 
 0 
 0 
 0 
 0 
 0 
 0 
 0 
 0 
 0 
 0 
 0 
 0 
 0 
 0 
 0 
 0 
 0 
 0 
 0 
 0 
 0 
 0 
 0 
 0 
 0 
 0 
 0 
 0 
 0 
 0 
 0 
 0 
 0 
 0 
 0 
 0 
 0 
 0 
 0 
 0 
 0 
 0 
 0 
 0 
 0 
 0 
 0 
 0 
 0 
 0 
 0 
 0 
 0 
 0 
 0 
 0 
 0 
 0 
 0 
 0 
 0 
 0 
 0 
 0 
 0 
 0 
 0 
 0 
 0 
 0 
 0 
 1 
 0 
 0 
 0 
 0 
 0 
 0 
 0 
 0 
 0 
 0 
 0 
 0 
 0 
 0 
 0 
 0 
 0 
 0 
 0 
 0 
 0 
 0 
 0 
 0 
 0 
 0 
 0 
 0 
 0 
 0 
 0 
 0 
 0 
 0 
 0 
 0 
 0 
 0 
 0 
 0 
 0 
 0 
 0 
 0 
 0 
 0 
 0 
 0 
 0 
 0 
 0 
 0 
 0 
 0 
 0 
 0 
 0 
 0 
 0 
 0 
 0 
 0 
 0 
 0 
 0 
 0 
 0 
 0 
 0 
 0 
 0 
 0 
 0 
 0 
 0 
 0 
 0 
 0 
 0 
 0 
 0 
 0 
 0 
 0 
 0 
 0 
 0 
 0 
 0 
 0 
 0 
 0 
 0 
 0 
 0 
 0 
 0 
 0 
 0 
 0 
 0 
 0 
 0 
 0 
 0 
 0 
 0 
 0 
 0 
 0 
 0 
 0 
 0 
 0 
 0 
 0 
 0 
 0 
 0 
 0 
 0 
 0 
 0 
 0 
 0 
 0 
 0 
 0 
 0 
 0 
 0 
 0 
 0 
 0 
 0 
 0 
 0 
 0 
 0 
 0 
 0 
 0 
 0 
 0 
 0 
 0 
 0 
 0 
 0 
 0 
 0 
 0 
 0 
 0 
 0 
 0 
 0 
 0 
 0 
 0 
 0 
 0 
 0 
 0 
 0 
 0 
 0 
 0 
 0 
 0 
 0 
 0 
 0 
 0 
 0 
 0 
 0 
 0 
 0 
 0 
 0 
 0 
 0 
 0 
 0 
 0 
 0 
 0 
 0 
 0 
 0 
 0 
 0 
 0 
 0 
 0 
 0 
 0 
 0 
 0 
 0 
 0 
 0 
 0 
 0 
 0 
 0 
 0 
 0 
 0 
 0 
 0 
 0 
 0 
 0 
 0 
 0 
 0 
 0 
 0 
 0 
 0 
 0 
 0 
 0 
 0 
 0 
 0 
 1 
 0 
 0 
 0 
 0 
 0 
 0 
 0 
 0 
 0 
 0 
 0 
 0 
 0 
 0 
 0 
 0 
 0 
 0 
 0 
 0 
 0 
 0 
 0 
 0 
 0 
 0 
 0 
 0 
 0 
 0 
 0 
 0 
 0 
 0 
 0 
 0 
 0 
 0 
 0 
 0 
 0 
 0 
 0 
 0 
 0 
 0 
 0 
 0 
 0 
 0 
 0 
 0 
 0 
 0 
 0 
 0 
 0 
 0 
 0 
 0 
 0 
 0 
 0 
 0 
 0 
 0 
 0 
 0 
 0 
 0 
 0 
 0 
 0 
 0 
 0 
 0 
 0 
 0 
 0 
 0 
 0 
 0 
 0 
 0 
 0 
 0 
 0 
 0 
 0 
 0 
 0 
 0 
 0 
 0 
 0 
 0 
 0 
 0 
 0 
 0 
 0 
 0 
 0 
 0 
 0 
 0 
 0 
 0 
 0 
 0 
 0 
 0 
 0 
 0 
 0 
 0 
 0 
 0 
 0 
 0 
 0 
 0 
 0 
 0 
 0 
 0 
 0 
 0 
 0 
 0 
 0 
 0 
 0 
 0 
 0 
 0 
 0 
 0 
 0 
 0 
 0 
 0 
 0 
 0 
 0 
 0 
 0 
 0 
 0 
 0 
 0 
 0 
 0 
 0 
 0 
 0 
 0 
 0 
 0 
 0 
 0 
 0 
 0 
 0 
 0 
 0 
 0 
 0 
 0 
 0 
 0 
 0 
 0 
 0 
 0 
 0 
 0 
 0 
 0 
 0 
 0 
 0 
 0 
 0 
 0 
 0 
 0 
 0 
 0 
 0 
 0 
 0 
 0 
 0 
 0 
 0 
 0 
 0 
 0 
 0 
 0 
 0 
 0 
 0 
 0 
 0 
 0 
 0 
 0 
 0 
 0 
 0 
 0 
 0 
 0 
 0 
 0 
 0 
 0 
 0 
 0 
 0 
 0 
 0 
 0 
 0 
 0 
 0 
 0 
 0 
 0 
 0 
 0 
 0 
 0 
 0 
 0 
 0 
 0 
 0 
 0 
 0 
 0 
 0 
 0 
 0 
 0 
 0 
 0 
 0 
 0 
 0 
 0 
 0 
 0 
 0 
 0 
 0 
 0 
 0 
 0 
 0 
 0 
 0 
 0 
 0 
 0 
 0 
 0 
 0 
 0 
 0 
 0 
 0 
 0 
 0 
 0 
 0 
 0 
 0 
 0 
 0 
 0 
 0 
 0 
 0 
 0 
 0 
 0 
 0 
 0 
 0 
 0 
 0 
 0 
 0 
 0 
 0 
 0 
 0 
 0 
 0 
 0 
 0 
 0 
 0 
 0 
 0 
 0 
 0 
 0 
 0 
 0 
 0 
 0 
 0 
 0 
 0 
 0 
 0 
 0 
 0 
 0 
 0 
 0 
 0 
 0 
 0 
 0 
 0 
 0 
 0 
 0 
 0 
 0 
 0 
 0 
 0 
 0 
 0 
 0 
 0 
 0 
 0 
 0 
 0 
 0 
 0 
 0 
 0 
 0 
 0 
 0 
 0 
 0 
 0 
 0 
 0 
 0 
 0 
 0 
 0 
 0 
 0 
 0 
 0 
 0 
 0 
 0 
 0 
 0 
 0 
 0 
 0 
 0 
 0 
 0 
 0 
 0 
 0 
 0 
 0 
 0 
 0 
 0 
 0 
 0 
 0 
 0 
 0 
 0 
 0 
 0 
 0 
 0 
 0 
 0 
 0 
 0 
 0 
 0 
 0 
 0 
 0 
 0 
 0 
 0 
 0 
 0 
 0 
 0 
 0 
 0 
 0 
 0 
 0 
 0 
 0 
 0 
 0 
 0 
 0 
 0 
 0 
 0 
 0 
 0 
 0 
 0 
 0 
 0 
 0 
 0 
 0 
 0 
 0 
 0 
 0 
 0 
 0 
 0 
 0 
 0 
 0 
 0 
 0 
 0 
 0 
 0 
 0 
 0 
 0 
 0 
 0 
 0 
 0 
 0 
 0 
 0 
 0 
 0 
 0 
 0 
 0 
 0 
 0 
 0 
 0 
 0 
 0 
 0 
 0 
 0 
 0 
 0 
 0 
 0 
 0 
 0 
 0 
 0 
 0 
 0 
 0 
 0 
 0 
 0 
 0 
 0 
 0 
 0 
 0 
 0 
 0 
 0 
 0 
 0 
 0 
 0 
 0 
 0 
 0 
 0 
 0 
 0 
 0 
 0 
 0 
 0 
 0 
 0 
 0 
 0 
 0 
 0 
 0 
 0 
 0 
 0 
 0 
 0 
 0 
 0 
 0 
 0 
 0 
 0 
 0 
 0 
 0 
 0 
 0 
 0 
 0 
 0 
 0 
 0 
 0 
 0 
 0 
 0 
 0 
 0 
 0 
 0 
 0 
 0 
 0 
 0 
 0 
 0 
 0 
 0 
 0 
 0 
 0 
 0 
 0 
 0 
 0 
 0 
 0 
 0 
 0 
 0 
 0 
 0 
 0 
 0 
 0 
 0 
 0 
 0 
 0 
 0 
 0 
 0 
 0 
 0 
 0 
 0 
 0 
 0 
 0 
 0 
 0 
 0 
 0 
 0 
 0 
 0 
 0 
 0 
 0 
 0 
 0 
 0 
 0 
 0 
 0 
 0 
 0 
 0 
 0 
 0 
 0 
 0 
