 0 
 0 
 0 
 0 
 0 
 0 
 0 
 0 
 0 
 0 
 0 
 0 
 0 
 0 
 0 
 0 
 0 
 0 
 0 
 0 
 1 
 0 
 1 
 2 
 3 
 2 
 5 
 4 
 15 
 16 
 19 
 24 
 31 
 39 
 38 
 51 
 59 
 79 
 76 
 78 
 96 
 89 
 89 
 109 
 130 
 132 
 115 
 102 
 133 
 151 
 135 
 142 
 146 
 139 
 150 
 139 
 128 
 155 
 163 
 135 
 143 
 131 
 152 
 168 
 144 
 144 
 149 
 149 
 153 
 155 
 162 
 149 
 169 
 161 
 149 
 159 
 167 
 133 
 180 
 163 
 162 
 189 
 221 
 185 
 241 
 240 
 248 
 273 
 311 
 292 
 365 
 378 
 358 
 391 
 383 
 398 
 378 
 419 
 370 
 391 
 349 
 382 
 350 
 351 
 304 
 312 
 282 
 268 
 267 
 272 
 253 
 227 
 248 
 208 
 219 
 191 
 174 
 207 
 171 
 171 
 175 
 179 
 187 
 166 
 165 
 149 
 159 
 146 
 140 
 158 
 149 
 160 
 166 
 154 
 148 
 168 
 176 
 162 
 151 
 139 
 169 
 174 
 174 
 169 
 166 
 154 
 144 
 165 
 157 
 183 
 177 
 172 
 151 
 187 
 182 
 204 
 171 
 163 
 161 
 165 
 174 
 151 
 176 
 174 
 176 
 170 
 173 
 200 
 175 
 160 
 175 
 172 
 156 
 182 
 171 
 169 
 151 
 190 
 149 
 161 
 175 
 176 
 174 
 185 
 160 
 178 
 156 
 187 
 151 
 155 
 164 
 183 
 156 
 191 
 186 
 170 
 179 
 182 
 210 
 199 
 199 
 227 
 190 
 207 
 215 
 188 
 205 
 222 
 209 
 225 
 236 
 198 
 193 
 215 
 221 
 209 
 235 
 235 
 212 
 195 
 204 
 183 
 192 
 180 
 204 
 233 
 205 
 201 
 203 
 198 
 163 
 199 
 219 
 202 
 185 
 198 
 193 
 193 
 196 
 177 
 200 
 200 
 208 
 211 
 182 
 171 
 194 
 200 
 206 
 178 
 188 
 183 
 173 
 201 
 187 
 206 
 192 
 204 
 215 
 188 
 188 
 211 
 180 
 201 
 185 
 193 
 191 
 183 
 182 
 188 
 155 
 183 
 169 
 191 
 167 
 192 
 203 
 177 
 170 
 169 
 185 
 190 
 181 
 158 
 175 
 194 
 173 
 170 
 144 
 187 
 182 
 159 
 156 
 166 
 186 
 169 
 151 
 159 
 151 
 159 
 153 
 161 
 155 
 151 
 145 
 154 
 167 
 160 
 165 
 122 
 135 
 163 
 162 
 133 
 151 
 126 
 166 
 150 
 137 
 153 
 145 
 153 
 146 
 145 
 151 
 150 
 159 
 134 
 130 
 133 
 152 
 134 
 131 
 130 
 142 
 148 
 155 
 128 
 119 
 141 
 140 
 121 
 142 
 143 
 152 
 124 
 149 
 116 
 143 
 143 
 143 
 148 
 120 
 160 
 145 
 163 
 128 
 146 
 133 
 141 
 143 
 139 
 164 
 127 
 126 
 102 
 131 
 128 
 117 
 125 
 110 
 120 
 119 
 130 
 109 
 108 
 112 
 102 
 103 
 114 
 87 
 100 
 90 
 120 
 106 
 95 
 117 
 103 
 106 
 100 
 95 
 82 
 93 
 92 
 100 
 76 
 76 
 84 
 80 
 84 
 95 
 81 
 82 
 74 
 79 
 80 
 78 
 83 
 80 
 74 
 74 
 65 
 78 
 72 
 82 
 67 
 74 
 77 
 81 
 76 
 83 
 70 
 72 
 80 
 79 
 72 
 58 
 65 
 68 
 55 
 70 
 69 
 65 
 63 
 65 
 67 
 74 
 63 
 62 
 54 
 67 
 57 
 68 
 85 
 58 
 73 
 61 
 62 
 51 
 58 
 57 
 60 
 60 
 71 
 56 
 56 
 72 
 49 
 66 
 60 
 52 
 57 
 43 
 72 
 69 
 46 
 51 
 54 
 47 
 55 
 72 
 54 
 55 
 54 
 63 
 54 
 67 
 66 
 71 
 63 
 63 
 62 
 45 
 61 
 57 
 53 
 50 
 65 
 53 
 73 
 48 
 59 
 54 
 55 
 54 
 62 
 66 
 62 
 54 
 49 
 51 
 68 
 51 
 59 
 60 
 51 
 51 
 63 
 59 
 56 
 54 
 61 
 47 
 53 
 53 
 57 
 55 
 57 
 51 
 60 
 47 
 63 
 48 
 48 
 65 
 67 
 67 
 76 
 66 
 69 
 70 
 65 
 70 
 71 
 85 
 58 
 75 
 87 
 82 
 83 
 89 
 91 
 96 
 117 
 116 
 116 
 105 
 123 
 143 
 123 
 160 
 169 
 187 
 176 
 181 
 220 
 217 
 252 
 226 
 253 
 310 
 273 
 308 
 331 
 360 
 361 
 354 
 386 
 404 
 449 
 435 
 467 
 518 
 475 
 470 
 482 
 535 
 498 
 590 
 539 
 590 
 562 
 556 
 587 
 517 
 574 
 575 
 573 
 585 
 581 
 555 
 573 
 549 
 527 
 575 
 545 
 486 
 494 
 481 
 489 
 448 
 427 
 387 
 332 
 417 
 398 
 341 
 296 
 302 
 298 
 274 
 298 
 266 
 301 
 234 
 190 
 183 
 187 
 169 
 143 
 126 
 143 
 107 
 119 
 107 
 110 
 87 
 85 
 72 
 54 
 64 
 72 
 49 
 39 
 54 
 35 
 44 
 31 
 28 
 33 
 32 
 26 
 26 
 34 
 30 
 21 
 25 
 22 
 25 
 12 
 24 
 24 
 25 
 16 
 20 
 13 
 17 
 17 
 23 
 23 
 22 
 23 
 16 
 19 
 23 
 23 
 14 
 18 
 18 
 16 
 18 
 24 
 20 
 23 
 20 
 16 
 21 
 13 
 22 
 19 
 16 
 19 
 23 
 24 
 13 
 21 
 20 
 27 
 17 
 13 
 27 
 23 
 19 
 19 
 28 
 29 
 19 
 22 
 19 
 17 
 19 
 27 
 20 
 25 
 9 
 18 
 18 
 22 
 16 
 21 
 25 
 30 
 19 
 23 
 19 
 21 
 18 
 22 
 18 
 22 
 14 
 23 
 17 
 18 
 21 
 26 
 18 
 24 
 29 
 17 
 19 
 20 
 24 
 16 
 26 
 24 
 22 
 31 
 25 
 14 
 19 
 21 
 9 
 24 
 20 
 12 
 12 
 22 
 21 
 25 
 20 
 17 
 20 
 22 
 12 
 20 
 17 
 18 
 25 
 13 
 12 
 17 
 13 
 21 
 20 
 17 
 12 
 18 
 20 
 15 
 14 
 17 
 14 
 17 
 17 
 18 
 12 
 11 
 27 
 17 
 18 
 16 
 18 
 20 
 10 
 14 
 12 
 21 
 25 
 16 
 14 
 16 
 19 
 17 
 20 
 19 
 24 
 13 
 19 
 18 
 16 
 14 
 27 
 23 
 22 
 21 
 18 
 17 
 17 
 22 
 21 
 16 
 26 
 17 
 14 
 18 
 17 
 15 
 15 
 24 
 15 
 15 
 21 
 22 
 14 
 18 
 23 
 14 
 16 
 17 
 20 
 12 
 14 
 25 
 24 
 22 
 18 
 21 
 19 
 25 
 24 
 11 
 14 
 10 
 24 
 15 
 21 
 19 
 20 
 17 
 12 
 25 
 15 
 22 
 16 
 19 
 19 
 18 
 17 
 19 
 20 
 22 
 17 
 22 
 21 
 22 
 14 
 18 
 14 
 18 
 19 
 17 
 16 
 24 
 15 
 14 
 19 
 23 
 22 
 25 
 19 
 20 
 23 
 22 
 26 
 20 
 19 
 19 
 20 
 23 
 19 
 20 
 14 
 22 
 21 
 17 
 10 
 17 
 17 
 19 
 19 
 13 
 21 
 19 
 18 
 22 
 18 
 23 
 31 
 15 
 13 
 24 
 21 
 17 
 14 
 16 
 13 
 14 
 19 
 20 
 12 
 25 
 12 
 16 
 17 
 27 
 27 
 25 
 18 
 18 
 24 
 19 
 21 
 24 
 28 
 17 
 14 
 22 
 28 
 11 
 19 
 25 
 18 
 17 
 22 
 23 
 16 
 23 
 21 
 19 
 14 
 25 
 20 
 21 
 25 
 18 
 24 
 11 
 21 
 16 
 15 
 22 
 20 
 15 
 19 
 21 
 21 
 22 
 19 
 17 
 22 
 14 
 14 
 19 
 30 
 21 
 15 
 15 
 18 
 21 
 20 
 16 
 18 
 25 
 30 
 13 
 19 
 19 
 18 
 20 
 24 
 25 
 15 
 18 
 15 
 23 
 24 
 15 
 16 
 23 
 23 
 27 
 26 
 30 
 22 
 14 
 15 
 23 
 21 
 20 
 23 
 15 
 15 
 23 
 21 
 23 
 13 
 17 
 20 
 25 
 18 
 24 
 22 
 18 
 25 
 24 
 16 
 23 
 26 
 22 
 26 
 11 
 20 
 27 
 22 
 23 
 17 
 22 
 25 
 18 
 19 
 20 
 20 
 21 
 21 
 24 
 14 
 32 
 18 
 31 
 25 
 22 
 20 
 18 
 13 
 28 
 24 
 16 
 20 
 23 
 20 
 22 
 28 
 24 
 24 
 18 
 25 
 20 
 14 
 30 
 31 
 32 
 19 
 31 
 23 
 23 
 36 
 20 
 16 
 26 
 16 
 23 
 19 
 21 
 18 
 20 
 17 
 30 
 27 
 25 
 28 
 32 
 21 
 27 
 31 
 18 
 21 
 32 
 25 
 25 
 23 
 29 
 28 
 16 
 23 
 30 
 13 
 22 
 20 
 20 
 25 
 19 
 26 
 16 
 15 
 18 
 18 
 21 
 25 
 21 
 27 
 18 
 26 
 12 
 23 
 17 
 19 
 20 
 25 
 16 
 28 
 28 
 28 
 19 
 31 
 19 
 22 
 25 
 15 
 24 
 26 
 16 
 27 
 6 
 30 
 13 
 22 
 21 
 18 
 17 
 15 
 10 
 20 
 15 
 13 
 18 
 19 
 14 
 11 
 18 
 20 
 15 
 21 
 19 
 11 
 17 
 10 
 12 
 15 
 16 
 13 
 9 
 15 
 14 
 10 
 10 
 13 
 11 
 13 
 12 
 17 
 14 
 12 
 11 
 18 
 12 
 13 
 9 
 15 
 16 
 6 
 12 
 7 
 8 
 18 
 5 
 9 
 5 
 9 
 7 
 6 
 12 
 7 
 9 
 8 
 7 
 8 
 8 
 11 
 5 
 6 
 7 
 10 
 4 
 9 
 10 
 7 
 5 
 6 
 6 
 2 
 6 
 7 
 4 
 8 
 8 
 8 
 5 
 3 
 7 
 6 
 4 
 8 
 6 
 6 
 1 
 5 
 5 
 5 
 7 
 4 
 1 
 9 
 6 
 3 
 5 
 4 
 1 
 2 
 4 
 4 
 7 
 3 
 3 
 7 
 6 
 7 
 3 
 3 
 5 
 15 
 0 
 6 
 3 
 3 
 4 
 6 
 2 
 2 
 3 
 3 
 3 
 2 
 5 
 6 
 3 
 5 
 1 
 2 
 2 
 4 
 5 
 6 
 0 
 6 
 5 
 4 
 4 
 5 
 6 
 5 
 6 
 8 
 6 
 6 
 5 
 6 
 2 
 4 
 3 
 2 
 3 
 3 
 4 
 3 
 0 
 2 
 7 
 2 
 6 
 5 
 6 
 3 
 2 
 4 
 5 
 3 
 3 
 3 
 5 
 4 
 4 
 4 
 3 
 4 
 2 
 4 
 3 
 5 
 0 
 3 
 3 
 2 
 5 
 5 
 3 
 6 
 3 
 5 
 7 
 8 
 4 
 5 
 6 
 8 
 4 
 7 
 6 
 3 
 8 
 9 
 5 
 10 
 12 
 6 
 15 
 12 
 9 
 12 
 15 
 15 
 11 
 20 
 21 
 20 
 9 
 19 
 22 
 14 
 20 
 18 
 22 
 24 
 25 
 29 
 23 
 29 
 38 
 33 
 31 
 37 
 32 
 33 
 42 
 32 
 51 
 45 
 47 
 40 
 50 
 42 
 39 
 56 
 55 
 40 
 46 
 58 
 56 
 49 
 56 
 59 
 59 
 71 
 76 
 60 
 67 
 60 
 67 
 66 
 69 
 60 
 68 
 78 
 74 
 67 
 87 
 65 
 73 
 73 
 72 
 81 
 71 
 77 
 78 
 96 
 64 
 75 
 64 
 75 
 68 
 75 
 63 
 77 
 61 
 58 
 74 
 63 
 70 
 71 
 62 
 72 
 59 
 65 
 59 
 56 
 64 
 47 
 76 
 54 
 46 
 46 
 43 
 43 
 61 
 46 
 52 
 51 
 49 
 49 
 34 
 40 
 40 
 44 
 45 
 35 
 27 
 30 
 50 
 28 
 31 
 22 
 28 
 31 
 28 
 23 
 19 
 20 
 20 
 16 
 20 
 23 
 17 
 15 
 22 
 17 
 12 
 15 
 14 
 10 
 15 
 10 
 6 
 9 
 9 
 10 
 7 
 9 
 3 
 8 
 5 
 9 
 8 
 6 
 7 
 4 
 4 
 3 
 4 
 4 
 4 
 3 
 8 
 2 
 3 
 2 
 5 
 3 
 1 
 3 
 0 
 3 
 3 
 0 
 3 
 2 
 3 
 0 
 2 
 2 
 1 
 1 
 0 
 1 
 4 
 4 
 0 
 2 
 2 
 0 
 0 
 1 
 2 
 0 
 0 
 5 
 2 
 2 
 1 
 1 
 1 
 2 
 0 
 1 
 0 
 1 
 1 
 1 
 2 
 1 
 0 
 0 
 0 
 0 
 2 
 0 
 1 
 1 
 1 
 2 
 0 
 0 
 0 
 2 
 0 
 1 
 1 
 3 
 0 
 1 
 0 
 0 
 0 
 0 
 2 
 0 
 0 
 1 
 0 
 1 
 0 
 2 
 0 
 0 
 1 
 0 
 1 
 1 
 1 
 1 
 0 
 2 
 1 
 0 
 0 
 0 
 1 
 1 
 1 
 0 
 0 
 2 
 0 
 5 
 0 
 2 
 0 
 0 
 1 
 0 
 0 
 6 
 0 
 1 
 0 
 2 
 0 
 1 
 0 
 3 
 0 
 0 
 0 
 1 
 1 
 0 
 0 
 0 
 1 
 0 
 1 
 0 
 1 
 2 
 1 
 0 
 2 
 0 
 1 
 0 
 0 
 0 
 2 
 1 
 1 
 0 
 0 
 1 
 0 
 0 
 0 
 0 
 0 
 0 
 3 
 0 
 1 
 2 
 1 
 0 
 1 
 2 
 1 
 0 
 0 
 0 
 0 
 0 
 0 
 1 
 1 
 2 
 0 
 0 
 0 
 1 
 0 
 0 
 0 
 0 
 1 
 0 
 0 
 0 
 1 
 2 
 0 
 1 
 1 
 0 
 1 
 0 
 2 
 1 
 0 
 0 
 0 
 2 
 1 
 0 
 0 
 0 
 0 
 2 
 0 
 0 
 1 
 0 
 2 
 0 
 0 
 0 
 0 
 0 
 0 
 1 
 0 
 1 
 0 
 1 
 0 
 0 
 0 
 0 
 0 
 0 
 0 
 0 
 1 
 0 
 0 
 0 
 0 
 0 
 0 
 0 
 1 
 0 
 1 
 1 
 0 
 1 
 0 
 1 
 1 
 1 
 0 
 0 
 0 
 0 
 0 
 1 
 0 
 0 
 0 
 0 
 0 
 1 
 0 
 0 
 2 
 0 
 0 
 0 
 1 
 0 
 0 
 0 
 0 
 1 
 1 
 0 
 0 
 0 
 0 
 0 
 0 
 0 
 2 
 0 
 0 
 1 
 0 
 0 
 0 
 0 
 1 
 1 
 0 
 0 
 0 
 0 
 0 
 0 
 1 
 0 
 0 
 0 
 0 
 1 
 0 
 0 
 0 
 0 
 1 
 0 
 0 
 0 
 0 
 0 
 0 
 0 
 1 
 0 
 0 
 0 
 0 
 0 
 0 
 0 
 0 
 0 
 0 
 0 
 0 
 0 
 0 
 0 
 1 
 0 
 1 
 1 
 0 
 0 
 0 
 0 
 0 
 0 
 1 
 0 
 0 
 0 
 0 
 0 
 0 
 0 
 0 
 1 
 1 
 0 
 0 
 0 
 0 
 0 
 0 
 0 
 0 
 0 
 0 
 1 
 0 
 0 
 1 
 1 
 0 
 0 
 0 
 0 
 0 
 0 
 1 
 0 
 1 
 0 
 1 
 0 
 0 
 0 
 0 
 0 
 1 
 0 
 0 
 0 
 0 
 0 
 0 
 0 
 1 
 0 
 0 
 1 
 0 
 0 
 0 
 0 
 0 
 0 
 0 
 0 
 0 
 0 
 1 
 1 
 0 
 0 
 0 
 1 
 0 
 0 
 0 
 0 
 0 
 0 
 0 
 1 
 0 
 0 
 0 
 0 
 0 
 0 
 0 
 0 
 0 
 0 
 0 
 0 
 0 
 0 
 0 
 0 
 0 
 1 
 0 
 0 
 0 
 0 
 0 
 1 
 0 
 0 
 1 
 1 
 0 
 0 
 0 
 2 
 0 
 0 
 0 
 0 
 0 
 0 
 0 
 0 
 0 
 0 
 0 
 0 
 0 
 1 
 1 
 0 
 0 
 0 
 0 
 0 
 0 
 0 
 0 
 0 
 0 
 0 
 1 
 0 
 0 
 0 
 1 
 1 
 0 
 0 
 0 
 1 
 0 
 0 
 1 
 0 
 1 
 1 
 0 
 0 
 0 
 1 
 1 
 1 
 0 
 1 
 0 
 1 
 0 
 1 
 1 
 0 
 1 
 0 
 0 
 1 
 0 
 1 
 1 
 1 
 0 
 1 
 0 
 0 
 0 
 0 
 0 
 0 
 3 
 0 
 0 
 1 
 3 
 0 
 0 
 0 
 1 
 0 
 1 
 0 
 0 
 0 
 0 
 2 
 0 
 0 
 1 
 1 
 0 
 0 
 0 
 0 
 0 
 1 
 0 
 0 
 0 
 0 
 0 
 2 
 0 
 0 
 0 
 1 
 0 
 0 
 0 
 0 
 0 
 0 
 0 
 1 
 0 
 0 
 0 
 0 
 0 
 0 
 0 
 0 
 0 
 0 
 0 
 0 
 0 
 0 
 0 
 0 
 0 
 0 
 0 
 0 
 0 
 0 
 1 
 0 
 0 
 0 
 0 
 0 
 0 
 0 
 0 
 0 
 0 
 0 
 0 
 0 
 0 
 0 
 0 
 0 
 0 
 0 
 0 
 0 
 0 
 0 
 0 
 0 
 0 
 0 
 0 
 0 
 0 
 0 
 0 
 0 
 0 
 0 
 0 
 0 
 0 
 0 
 0 
 0 
 0 
 0 
 0 
 0 
 0 
 1 
 0 
 0 
 0 
 0 
 0 
 0 
 0 
 0 
 0 
 0 
 0 
 0 
 0 
 0 
 0 
 0 
 0 
 0 
 0 
 0 
 1 
 0 
 0 
 0 
 0 
 0 
 0 
 0 
 0 
 0 
 0 
 0 
 0 
 0 
 0 
 0 
 0 
 0 
 0 
 0 
 0 
 0 
 1 
 0 
 0 
 0 
 0 
 0 
 0 
 0 
 0 
 0 
 0 
 0 
 0 
 0 
 0 
 0 
 0 
 1 
 0 
 0 
 0 
 0 
 0 
 0 
 0 
 0 
 0 
 0 
 0 
 0 
 0 
 0 
 0 
 0 
 0 
 0 
 0 
 0 
 0 
 0 
 0 
 0 
 0 
 0 
 0 
 0 
 0 
 0 
 0 
 0 
 0 
 0 
 0 
 0 
 0 
 0 
 0 
 0 
 0 
 0 
 0 
 0 
 0 
 0 
 0 
 0 
 0 
 0 
 0 
 0 
 0 
 0 
 0 
 0 
 0 
 0 
 0 
 0 
 0 
 0 
 0 
 0 
 0 
 0 
 0 
 0 
 0 
 0 
 0 
 0 
 0 
 0 
 0 
 0 
 0 
 0 
 0 
 0 
 0 
 0 
 0 
 0 
 0 
 0 
 0 
 0 
 0 
 0 
 0 
 0 
 0 
 0 
 0 
 0 
 0 
 0 
 0 
 0 
 0 
 0 
 0 
 0 
 0 
 0 
 0 
 0 
 0 
 0 
 0 
 0 
 0 
 0 
 0 
 0 
 0 
 0 
 0 
 0 
 0 
 0 
 0 
 0 
 0 
 0 
 0 
 0 
 0 
 0 
 0 
 0 
 1 
 0 
 0 
 0 
 0 
 0 
 0 
 0 
 0 
 0 
 0 
 0 
 0 
 0 
 0 
 0 
 0 
 0 
 0 
 0 
 0 
 0 
 0 
 0 
 0 
 0 
 0 
 0 
 0 
 0 
 0 
 0 
 0 
 0 
 0 
 0 
 0 
 0 
 0 
 0 
 0 
 0 
 0 
 0 
 0 
 0 
 0 
 0 
 0 
 0 
 0 
 0 
 0 
 0 
 0 
 0 
 1 
 0 
 0 
 0 
 0 
 0 
 0 
 0 
 0 
 0 
 0 
 0 
 0 
 0 
 0 
 0 
 0 
 0 
 0 
 0 
 0 
 0 
 0 
 0 
 0 
 0 
 0 
 0 
 0 
 0 
 0 
 0 
 0 
 0 
 0 
 0 
 0 
 0 
 0 
 0 
 0 
 0 
 0 
 0 
 0 
 0 
 0 
 0 
 0 
 0 
 0 
 0 
 0 
 0 
 1 
 0 
 0 
 0 
 0 
 0 
 0 
 0 
 1 
 0 
 0 
 0 
 0 
 0 
 0 
 0 
 0 
 0 
 0 
 0 
 0 
 0 
 0 
 0 
 1 
 0 
 0 
 0 
 0 
 0 
 0 
 0 
 0 
 0 
 0 
 0 
 0 
 0 
 0 
 0 
 0 
 0 
 0 
 0 
 0 
 0 
 0 
 0 
 0 
 0 
 0 
 0 
 0 
 0 
 0 
 0 
 0 
 0 
 0 
 0 
 0 
 0 
 0 
 0 
 0 
 0 
 0 
 0 
 0 
 0 
 0 
 0 
 0 
 0 
 0 
 0 
 0 
 0 
 0 
 0 
 0 
 0 
 0 
 0 
 0 
 0 
 0 
 0 
 0 
 0 
 0 
 0 
 0 
 0 
 0 
 0 
 0 
 0 
 0 
 0 
 0 
 0 
 0 
 0 
 0 
 0 
 0 
 0 
 0 
 0 
 0 
 1 
 0 
 0 
 0 
 0 
 0 
 0 
 0 
 0 
 0 
 0 
 0 
 0 
 0 
 0 
 0 
 0 
 0 
 0 
 0 
 0 
 0 
 0 
 0 
 0 
 0 
 0 
 0 
 0 
 0 
 0 
 0 
 0 
 0 
 0 
 0 
 0 
 0 
 0 
 0 
 0 
 0 
 0 
 0 
 0 
 0 
 0 
 1 
 0 
 0 
 0 
 0 
 0 
 0 
 0 
 0 
 0 
 0 
 0 
 0 
 0 
 0 
 0 
 0 
 0 
 0 
 0 
 0 
 0 
 0 
 0 
 0 
 0 
 0 
 0 
 0 
 0 
 0 
 0 
 0 
 0 
 0 
 0 
 0 
 0 
 0 
 0 
 0 
 0 
 0 
 0 
 1 
 0 
 0 
 0 
 0 
 0 
 0 
 0 
 0 
 0 
 0 
 0 
 0 
 0 
 0 
 0 
 0 
 0 
 0 
 0 
 0 
 0 
 0 
 0 
 0 
 0 
 0 
 0 
 0 
 0 
 0 
 0 
 0 
 0 
 0 
 0 
 0 
 0 
 0 
 0 
 0 
 0 
 0 
 0 
 0 
 0 
 0 
 0 
 0 
 0 
 0 
 0 
 0 
 0 
 0 
 0 
 0 
 0 
 0 
 0 
 0 
 0 
 0 
 0 
 0 
 0 
 0 
 0 
 0 
 0 
 0 
 0 
 0 
 0 
 0 
 0 
 0 
 0 
 0 
 0 
 0 
 0 
 0 
 0 
 0 
 0 
 0 
 0 
 0 
 0 
 0 
 0 
 0 
 0 
 0 
 0 
 0 
 0 
 0 
 0 
 0 
 0 
 0 
 0 
 0 
 0 
 0 
 0 
 0 
 0 
 0 
 0 
 0 
 0 
 0 
 0 
 1 
 0 
 0 
 0 
 0 
 0 
 0 
 0 
 0 
 0 
 0 
 0 
 0 
 0 
 0 
 0 
 0 
 0 
 0 
 0 
 0 
 0 
 0 
 0 
 0 
 0 
 0 
 0 
 0 
 0 
 0 
 0 
 0 
 0 
 0 
 0 
 0 
 0 
 0 
 0 
 0 
 0 
 0 
 0 
 0 
 0 
 0 
 0 
 0 
 0 
 0 
 0 
 0 
 0 
 0 
 0 
 0 
 0 
 0 
 0 
 0 
 1 
 0 
 0 
 0 
 0 
 0 
 0 
 0 
 0 
 0 
 0 
 0 
 0 
 0 
 0 
 0 
 0 
 0 
 0 
 0 
 0 
 0 
 0 
 0 
 0 
 0 
 0 
 0 
 0 
 0 
 0 
 0 
 0 
 0 
 0 
 0 
 0 
 0 
 1 
 0 
 0 
 0 
 0 
 0 
 0 
 0 
 0 
 0 
 0 
 0 
 0 
 0 
 0 
 0 
 0 
 0 
 0 
 0 
 0 
 0 
 0 
 0 
 0 
 0 
 0 
 0 
 0 
 0 
 0 
 0 
 1 
 0 
 1 
 0 
 0 
 0 
 0 
 0 
 0 
 0 
 0 
 0 
 0 
 0 
 0 
 0 
 0 
 0 
 0 
 0 
 0 
 0 
 0 
 0 
 0 
 0 
 0 
 0 
 0 
 0 
 0 
 0 
 0 
 0 
 0 
 0 
 0 
 0 
 0 
 1 
 0 
 0 
 0 
 0 
 0 
 0 
 0 
 0 
 0 
 0 
 0 
 0 
 0 
 0 
 0 
 1 
 0 
 0 
 0 
 0 
 0 
 0 
 0 
 0 
 0 
 0 
 0 
 0 
 0 
 0 
 0 
 0 
 0 
 0 
 0 
 0 
 0 
 0 
 0 
 0 
 0 
 0 
 0 
 0 
 0 
 0 
 0 
 0 
 0 
 0 
 0 
 0 
 0 
 0 
 0 
 0 
 0 
 0 
 0 
 0 
 0 
 0 
 0 
 0 
 0 
 0 
 0 
 0 
 0 
 0 
 0 
 0 
 0 
 0 
 0 
 0 
 0 
 0 
 0 
 0 
 0 
 0 
 0 
 0 
 0 
 0 
 0 
 0 
 0 
 0 
 0 
 0 
 0 
 0 
 0 
 0 
 0 
 0 
 0 
 0 
 0 
 0 
 0 
 0 
 0 
 0 
 0 
 0 
 0 
 0 
 0 
 0 
 0 
 0 
 0 
 0 
 0 
 0 
 0 
 0 
 0 
 0 
 0 
 0 
 0 
 0 
 0 
 0 
 0 
 0 
 0 
 0 
 0 
 0 
 0 
 0 
 0 
 0 
 0 
 0 
 0 
 0 
 0 
 0 
 0 
 0 
 0 
 0 
 0 
 0 
 0 
 0 
 0 
 0 
 0 
 0 
 0 
 0 
 0 
 0 
 0 
 0 
 0 
 0 
 0 
 0 
 0 
 0 
 0 
 0 
 0 
 0 
 0 
 0 
 0 
 0 
 0 
 0 
 0 
 0 
 0 
 0 
 0 
 0 
 0 
 0 
 0 
 0 
 0 
 0 
 0 
 0 
 0 
 0 
 0 
 0 
 0 
 0 
 0 
 0 
 0 
 0 
 0 
 0 
 0 
 0 
 0 
 0 
 0 
 0 
 0 
 0 
 0 
 0 
 0 
 0 
 0 
 0 
 0 
 0 
 0 
 0 
 0 
 0 
 0 
 0 
 0 
 0 
 0 
 0 
 0 
 0 
 0 
 0 
 0 
 0 
 0 
 0 
 0 
 0 
 0 
 0 
 0 
 0 
 0 
 0 
 0 
 0 
 0 
 0 
 0 
 0 
 0 
 0 
 0 
 0 
 0 
 0 
 0 
 0 
 0 
 0 
 0 
 0 
 0 
 0 
 0 
 0 
 0 
 0 
 0 
 0 
 0 
 0 
 0 
 0 
 0 
 0 
 0 
 0 
 0 
 0 
 0 
 0 
 0 
 0 
 0 
 0 
 0 
 0 
 0 
 0 
 0 
 0 
 0 
 0 
 0 
 0 
 0 
 0 
 0 
 0 
 0 
 0 
 0 
 0 
 0 
 0 
 0 
 0 
 0 
 0 
 0 
 0 
 0 
 0 
 0 
 0 
 0 
 0 
 0 
 0 
 0 
 0 
 0 
 0 
 0 
 0 
 0 
 0 
 0 
 0 
 0 
 0 
 0 
 0 
 0 
 0 
 0 
 0 
 0 
 0 
 0 
 0 
 0 
 0 
 0 
 0 
 0 
 0 
 0 
 0 
 0 
 0 
 0 
 0 
 0 
 0 
 0 
 0 
 0 
 0 
 0 
 0 
 0 
 0 
 0 
 0 
 0 
 0 
 0 
 0 
 0 
 0 
 0 
 0 
 0 
 0 
 0 
 0 
 0 
 0 
 0 
 0 
 0 
 0 
 0 
 0 
 0 
 0 
 0 
 0 
 0 
 0 
 0 
 0 
 0 
 0 
 0 
 0 
 0 
 0 
 0 
 0 
 0 
 0 
 0 
 0 
 0 
 0 
 0 
 0 
 0 
 0 
 0 
 0 
 0 
 0 
 0 
 0 
 0 
 0 
 0 
 0 
 0 
 0 
 0 
 0 
 1 
 0 
 0 
 0 
 0 
 0 
 0 
 0 
 0 
 0 
 0 
 0 
 0 
 0 
 0 
 0 
 0 
 0 
 0 
 0 
 0 
 0 
 0 
 0 
 0 
 0 
 0 
 0 
 0 
 0 
 0 
 0 
 0 
 0 
 0 
 0 
 0 
 0 
 0 
 0 
 0 
 0 
 0 
 0 
 0 
 0 
 0 
 0 
 0 
 0 
 0 
 0 
 0 
 0 
 0 
 0 
 0 
 0 
 0 
 0 
 0 
 0 
 0 
 0 
 0 
 0 
 0 
 0 
 0 
 0 
 0 
 0 
 0 
 0 
 0 
 0 
 0 
 0 
 0 
 0 
 0 
 0 
 0 
 0 
 0 
 0 
 0 
 0 
 0 
 0 
 0 
 0 
 0 
 0 
 0 
 0 
 0 
 0 
 0 
 0 
 0 
 0 
 0 
 0 
 0 
 0 
 0 
 0 
 0 
 0 
 0 
 0 
 0 
 0 
 0 
 0 
 0 
 0 
 0 
 0 
 0 
 0 
 0 
 0 
 0 
 0 
 0 
 0 
 0 
 0 
 0 
 0 
 0 
 0 
 0 
 0 
 0 
 0 
 0 
 0 
 0 
 0 
 0 
 0 
 0 
 0 
 1 
 0 
 0 
 0 
 0 
 0 
 0 
 0 
 0 
 0 
 0 
 0 
 0 
 0 
 0 
 0 
 0 
 0 
 0 
 0 
 0 
 0 
 0 
 0 
 0 
 0 
 0 
 0 
 0 
 0 
 0 
 0 
 0 
 0 
 0 
 0 
 0 
 0 
 0 
 0 
 0 
 0 
 0 
 0 
 0 
 0 
 0 
 0 
 0 
 0 
 0 
 0 
 0 
 0 
 0 
 0 
 0 
 0 
 0 
 0 
 0 
 0 
 0 
 0 
 0 
 0 
 0 
 0 
 0 
 0 
 0 
 0 
 0 
 0 
 0 
 0 
 0 
 1 
 0 
 0 
 0 
 0 
 0 
 0 
 0 
 0 
 0 
 0 
 0 
 0 
 0 
 0 
 0 
 0 
 0 
 0 
 0 
 0 
 0 
 0 
 0 
 0 
 0 
 0 
 0 
 0 
 0 
 0 
 0 
 0 
 0 
 0 
 0 
 0 
 0 
 0 
 0 
 0 
 0 
 0 
 0 
 0 
 0 
 0 
 0 
 0 
 0 
 0 
 0 
 0 
 0 
 0 
 0 
 0 
 0 
 0 
 0 
 0 
 0 
 0 
 0 
 0 
 0 
 0 
 0 
 0 
 0 
 0 
 0 
 0 
 0 
 0 
 0 
 0 
 0 
 0 
 0 
 0 
 0 
 0 
 0 
 0 
 0 
 0 
 0 
 0 
 0 
 0 
 0 
 0 
 0 
 0 
 0 
 0 
 0 
 0 
 0 
 0 
 0 
 0 
 0 
 0 
 0 
 0 
 0 
 0 
 0 
 0 
 0 
 0 
 0 
 0 
 0 
 0 
 0 
 0 
 0 
 0 
 0 
 0 
 0 
 0 
 0 
 0 
 0 
 0 
 0 
 0 
 0 
 0 
 0 
 0 
 0 
 0 
 0 
 0 
 0 
 0 
 0 
 0 
 0 
 0 
 0 
 0 
 0 
 0 
 0 
 0 
 0 
 0 
 0 
 0 
 0 
 0 
 0 
 0 
 0 
 0 
 1 
 0 
 0 
 0 
 0 
 0 
 0 
 0 
 0 
 0 
 0 
 0 
 0 
 0 
 0 
 0 
 0 
 0 
 0 
 0 
 0 
 0 
 0 
 0 
 0 
 0 
 0 
 0 
 0 
 0 
 0 
 0 
 0 
 0 
 0 
 0 
 0 
 0 
 0 
 0 
 0 
 0 
 0 
 0 
 0 
 0 
 0 
 0 
 0 
 0 
 0 
 0 
 0 
 0 
 0 
 0 
 0 
 0 
 0 
 0 
 0 
 0 
 0 
 0 
 0 
 0 
 0 
 0 
 0 
 0 
 0 
 0 
 0 
 0 
 0 
 0 
 0 
 0 
 0 
 0 
 0 
 0 
 0 
 0 
 0 
 1 
 0 
 0 
 0 
 0 
 0 
 0 
 0 
 0 
 0 
 0 
 0 
 0 
 0 
 0 
 0 
 0 
 0 
 0 
 0 
 0 
 0 
 0 
 0 
 0 
 0 
 0 
 0 
 0 
 0 
 0 
 0 
 0 
 0 
 0 
 0 
 0 
 0 
 0 
 0 
 0 
 0 
 0 
 0 
 0 
 0 
 0 
 0 
 0 
 0 
 0 
 0 
 0 
 0 
 0 
 0 
 0 
 0 
 0 
 0 
 0 
 0 
 0 
 0 
 0 
 0 
 0 
 0 
 0 
 0 
 0 
 0 
 0 
 0 
 0 
 0 
 0 
 0 
 0 
 0 
 0 
 0 
 0 
 0 
 0 
 0 
 0 
 0 
 0 
 0 
 0 
 0 
 0 
 0 
 0 
 0 
 0 
 0 
 0 
 0 
 0 
 0 
 0 
 0 
 0 
 0 
 0 
 0 
 0 
 0 
 0 
 0 
 0 
 0 
 0 
 0 
 0 
 0 
 0 
 0 
 0 
 0 
 0 
 0 
 0 
 0 
 0 
 0 
 0 
 0 
 0 
 0 
 0 
 0 
 0 
 0 
 0 
 0 
 0 
 0 
 0 
 0 
 0 
 0 
 0 
 0 
 0 
 0 
 0 
 0 
 0 
 0 
 0 
 0 
 0 
 0 
 0 
 0 
 0 
 0 
 0 
 0 
 0 
 0 
 0 
 0 
 0 
 0 
 0 
 0 
 0 
 0 
 0 
 0 
 0 
 0 
 0 
 0 
 0 
 0 
 0 
 0 
 0 
 0 
 0 
 0 
 0 
 0 
 0 
 0 
 0 
 0 
 0 
 0 
 0 
 0 
 0 
 0 
 0 
 0 
 0 
 0 
 0 
 0 
 0 
 0 
 0 
 0 
 0 
 0 
 0 
 0 
 0 
 0 
 0 
 0 
 0 
 0 
 0 
 0 
 0 
 0 
 0 
 0 
 0 
 0 
 0 
 0 
 0 
 0 
 0 
 0 
 0 
 0 
 0 
 0 
 0 
 0 
 0 
 0 
 0 
 0 
 0 
 0 
 0 
 0 
 0 
 0 
 0 
 0 
 0 
 0 
 0 
 0 
 0 
 0 
 0 
 0 
 0 
 0 
 0 
 0 
 0 
 0 
 0 
