 0 
 0 
 0 
 0 
 0 
 0 
 0 
 0 
 0 
 0 
 0 
 0 
 0 
 0 
 0 
 0 
 0 
 1 
 1 
 0 
 0 
 0 
 0 
 1 
 1 
 5 
 4 
 12 
 8 
 14 
 13 
 26 
 29 
 37 
 35 
 46 
 75 
 87 
 74 
 83 
 72 
 89 
 102 
 90 
 144 
 100 
 120 
 123 
 120 
 109 
 129 
 127 
 142 
 118 
 136 
 140 
 132 
 138 
 135 
 123 
 152 
 125 
 132 
 154 
 139 
 144 
 148 
 151 
 147 
 149 
 149 
 131 
 139 
 148 
 153 
 146 
 160 
 141 
 167 
 143 
 186 
 169 
 180 
 195 
 188 
 230 
 237 
 226 
 264 
 270 
 314 
 320 
 354 
 368 
 351 
 352 
 371 
 369 
 343 
 345 
 345 
 337 
 325 
 326 
 284 
 291 
 263 
 274 
 238 
 265 
 214 
 236 
 202 
 223 
 204 
 177 
 196 
 188 
 181 
 167 
 157 
 170 
 144 
 162 
 146 
 144 
 158 
 165 
 142 
 159 
 140 
 166 
 177 
 150 
 177 
 157 
 169 
 160 
 162 
 172 
 154 
 174 
 152 
 162 
 152 
 176 
 169 
 174 
 153 
 177 
 172 
 161 
 162 
 177 
 165 
 159 
 170 
 166 
 168 
 175 
 165 
 147 
 148 
 163 
 153 
 183 
 159 
 163 
 159 
 176 
 166 
 157 
 150 
 158 
 158 
 187 
 153 
 202 
 171 
 171 
 178 
 204 
 146 
 170 
 151 
 154 
 199 
 172 
 178 
 183 
 174 
 173 
 192 
 173 
 185 
 185 
 179 
 182 
 196 
 190 
 180 
 178 
 179 
 202 
 204 
 183 
 191 
 194 
 222 
 184 
 188 
 196 
 220 
 218 
 196 
 208 
 215 
 204 
 219 
 200 
 199 
 190 
 221 
 219 
 184 
 214 
 197 
 214 
 199 
 188 
 185 
 211 
 171 
 194 
 176 
 193 
 206 
 201 
 184 
 175 
 171 
 201 
 193 
 183 
 214 
 188 
 176 
 205 
 162 
 177 
 165 
 173 
 174 
 176 
 198 
 155 
 186 
 192 
 177 
 185 
 190 
 164 
 194 
 192 
 175 
 178 
 191 
 184 
 165 
 180 
 173 
 176 
 184 
 174 
 154 
 191 
 167 
 156 
 185 
 146 
 154 
 156 
 163 
 173 
 170 
 154 
 159 
 146 
 137 
 155 
 152 
 156 
 143 
 168 
 138 
 156 
 163 
 150 
 134 
 147 
 143 
 165 
 161 
 159 
 164 
 143 
 135 
 170 
 145 
 167 
 115 
 128 
 157 
 136 
 134 
 143 
 134 
 155 
 135 
 142 
 140 
 150 
 130 
 115 
 136 
 127 
 133 
 144 
 154 
 128 
 129 
 136 
 151 
 130 
 114 
 121 
 160 
 125 
 152 
 132 
 142 
 132 
 131 
 146 
 126 
 133 
 120 
 113 
 128 
 144 
 120 
 130 
 130 
 131 
 123 
 130 
 129 
 123 
 95 
 124 
 109 
 107 
 143 
 128 
 118 
 132 
 116 
 120 
 117 
 94 
 111 
 99 
 100 
 126 
 108 
 102 
 109 
 108 
 126 
 96 
 115 
 87 
 106 
 93 
 99 
 94 
 82 
 86 
 93 
 90 
 90 
 94 
 85 
 79 
 68 
 82 
 82 
 92 
 77 
 85 
 66 
 78 
 74 
 68 
 80 
 67 
 86 
 71 
 77 
 81 
 63 
 65 
 90 
 61 
 82 
 72 
 72 
 61 
 86 
 55 
 64 
 68 
 52 
 62 
 64 
 66 
 63 
 69 
 72 
 78 
 61 
 60 
 63 
 68 
 74 
 84 
 73 
 61 
 59 
 65 
 63 
 79 
 59 
 65 
 59 
 60 
 64 
 60 
 54 
 53 
 65 
 53 
 57 
 58 
 60 
 72 
 57 
 52 
 60 
 78 
 51 
 75 
 74 
 72 
 59 
 54 
 57 
 54 
 57 
 65 
 49 
 51 
 68 
 58 
 48 
 65 
 68 
 65 
 61 
 74 
 45 
 55 
 68 
 58 
 66 
 57 
 56 
 56 
 69 
 35 
 60 
 57 
 62 
 73 
 62 
 66 
 54 
 56 
 65 
 63 
 65 
 48 
 62 
 55 
 58 
 57 
 71 
 71 
 66 
 48 
 53 
 60 
 68 
 54 
 59 
 49 
 54 
 66 
 53 
 64 
 57 
 62 
 63 
 70 
 53 
 56 
 75 
 44 
 62 
 68 
 59 
 61 
 75 
 68 
 69 
 63 
 67 
 78 
 89 
 74 
 82 
 91 
 99 
 100 
 110 
 116 
 122 
 113 
 141 
 167 
 161 
 157 
 168 
 182 
 170 
 204 
 197 
 224 
 236 
 275 
 260 
 252 
 293 
 286 
 319 
 339 
 361 
 344 
 384 
 368 
 389 
 388 
 424 
 426 
 427 
 466 
 464 
 476 
 464 
 466 
 533 
 489 
 475 
 499 
 532 
 493 
 537 
 532 
 511 
 478 
 478 
 513 
 493 
 500 
 482 
 449 
 454 
 457 
 439 
 416 
 387 
 378 
 350 
 328 
 316 
 299 
 310 
 299 
 251 
 260 
 273 
 229 
 217 
 222 
 177 
 192 
 165 
 148 
 167 
 131 
 134 
 112 
 85 
 101 
 92 
 70 
 71 
 82 
 62 
 58 
 66 
 62 
 58 
 42 
 38 
 38 
 38 
 33 
 25 
 32 
 28 
 23 
 32 
 28 
 22 
 21 
 18 
 21 
 28 
 14 
 23 
 19 
 18 
 19 
 28 
 20 
 19 
 19 
 20 
 21 
 17 
 20 
 17 
 22 
 17 
 19 
 12 
 12 
 25 
 21 
 20 
 31 
 18 
 19 
 20 
 20 
 22 
 20 
 15 
 17 
 19 
 17 
 21 
 16 
 25 
 8 
 20 
 18 
 10 
 21 
 13 
 15 
 22 
 19 
 20 
 20 
 16 
 27 
 19 
 15 
 19 
 19 
 19 
 15 
 14 
 12 
 20 
 15 
 16 
 12 
 19 
 27 
 11 
 23 
 28 
 23 
 13 
 19 
 19 
 16 
 22 
 16 
 20 
 14 
 17 
 15 
 18 
 13 
 12 
 22 
 19 
 23 
 15 
 19 
 22 
 16 
 17 
 21 
 19 
 27 
 20 
 15 
 20 
 21 
 20 
 21 
 20 
 16 
 13 
 25 
 26 
 15 
 21 
 22 
 26 
 14 
 16 
 10 
 18 
 11 
 11 
 9 
 20 
 15 
 16 
 15 
 17 
 17 
 9 
 15 
 10 
 14 
 18 
 24 
 20 
 18 
 14 
 19 
 18 
 15 
 32 
 16 
 29 
 27 
 14 
 16 
 20 
 17 
 17 
 11 
 17 
 19 
 18 
 14 
 22 
 21 
 17 
 15 
 16 
 21 
 16 
 14 
 21 
 16 
 16 
 24 
 25 
 27 
 14 
 20 
 20 
 23 
 16 
 22 
 24 
 19 
 17 
 22 
 21 
 15 
 19 
 22 
 20 
 21 
 15 
 21 
 13 
 14 
 17 
 14 
 23 
 17 
 19 
 23 
 24 
 20 
 16 
 18 
 18 
 22 
 19 
 17 
 14 
 24 
 13 
 22 
 19 
 18 
 10 
 14 
 15 
 15 
 21 
 11 
 24 
 19 
 21 
 17 
 23 
 20 
 23 
 15 
 18 
 17 
 17 
 15 
 19 
 24 
 19 
 21 
 19 
 23 
 15 
 22 
 14 
 17 
 14 
 14 
 15 
 24 
 11 
 17 
 19 
 23 
 16 
 17 
 16 
 26 
 15 
 21 
 20 
 17 
 17 
 15 
 21 
 25 
 16 
 20 
 17 
 18 
 20 
 23 
 15 
 19 
 18 
 22 
 14 
 15 
 23 
 17 
 18 
 20 
 18 
 16 
 24 
 19 
 19 
 18 
 14 
 10 
 15 
 10 
 20 
 13 
 22 
 19 
 23 
 14 
 21 
 15 
 16 
 26 
 28 
 14 
 18 
 13 
 27 
 16 
 10 
 18 
 22 
 24 
 19 
 21 
 14 
 19 
 23 
 16 
 21 
 23 
 17 
 13 
 11 
 12 
 18 
 9 
 9 
 18 
 16 
 14 
 19 
 25 
 16 
 11 
 16 
 29 
 30 
 25 
 19 
 20 
 13 
 19 
 13 
 17 
 15 
 19 
 19 
 23 
 18 
 16 
 18 
 18 
 24 
 18 
 20 
 22 
 21 
 21 
 19 
 18 
 17 
 13 
 22 
 24 
 19 
 24 
 20 
 16 
 20 
 19 
 23 
 19 
 19 
 19 
 22 
 22 
 18 
 15 
 20 
 25 
 22 
 18 
 22 
 23 
 16 
 21 
 19 
 18 
 19 
 26 
 25 
 19 
 20 
 20 
 21 
 21 
 21 
 17 
 21 
 21 
 20 
 15 
 24 
 13 
 16 
 15 
 27 
 22 
 24 
 14 
 18 
 14 
 23 
 17 
 32 
 13 
 22 
 18 
 29 
 14 
 24 
 26 
 15 
 29 
 22 
 24 
 24 
 22 
 19 
 26 
 26 
 24 
 30 
 22 
 21 
 20 
 23 
 17 
 20 
 22 
 22 
 25 
 26 
 22 
 19 
 23 
 17 
 18 
 25 
 33 
 19 
 30 
 17 
 31 
 20 
 25 
 27 
 24 
 25 
 29 
 26 
 20 
 27 
 19 
 17 
 21 
 26 
 24 
 19 
 18 
 16 
 23 
 18 
 24 
 25 
 19 
 30 
 26 
 20 
 24 
 21 
 31 
 19 
 16 
 24 
 33 
 24 
 25 
 15 
 25 
 23 
 27 
 25 
 18 
 21 
 17 
 21 
 18 
 24 
 17 
 32 
 21 
 18 
 20 
 16 
 20 
 24 
 17 
 21 
 15 
 28 
 24 
 16 
 18 
 21 
 14 
 17 
 23 
 17 
 29 
 18 
 18 
 14 
 10 
 14 
 23 
 15 
 18 
 21 
 15 
 14 
 12 
 16 
 13 
 12 
 19 
 18 
 15 
 20 
 19 
 13 
 7 
 16 
 13 
 13 
 20 
 10 
 16 
 14 
 12 
 10 
 10 
 12 
 10 
 7 
 7 
 12 
 9 
 10 
 14 
 7 
 10 
 12 
 7 
 13 
 8 
 12 
 6 
 5 
 9 
 10 
 7 
 6 
 5 
 3 
 8 
 8 
 9 
 9 
 10 
 15 
 6 
 4 
 9 
 7 
 8 
 8 
 6 
 7 
 9 
 8 
 11 
 9 
 8 
 6 
 7 
 7 
 6 
 8 
 6 
 6 
 10 
 6 
 5 
 5 
 6 
 5 
 3 
 10 
 10 
 10 
 4 
 6 
 1 
 8 
 3 
 4 
 6 
 5 
 4 
 5 
 4 
 7 
 3 
 8 
 4 
 3 
 3 
 6 
 2 
 7 
 3 
 6 
 1 
 4 
 0 
 4 
 7 
 4 
 8 
 3 
 6 
 2 
 4 
 5 
 3 
 3 
 6 
 2 
 5 
 5 
 8 
 1 
 5 
 2 
 1 
 6 
 8 
 1 
 3 
 1 
 6 
 3 
 5 
 7 
 0 
 2 
 5 
 4 
 6 
 6 
 2 
 7 
 4 
 3 
 5 
 4 
 5 
 4 
 2 
 2 
 4 
 4 
 1 
 3 
 6 
 0 
 3 
 3 
 2 
 2 
 4 
 3 
 2 
 0 
 2 
 4 
 3 
 5 
 4 
 7 
 3 
 5 
 4 
 3 
 3 
 5 
 4 
 9 
 6 
 4 
 6 
 10 
 4 
 7 
 9 
 15 
 9 
 9 
 9 
 7 
 9 
 13 
 10 
 9 
 13 
 10 
 16 
 16 
 16 
 9 
 8 
 15 
 15 
 12 
 11 
 18 
 20 
 19 
 11 
 18 
 19 
 27 
 28 
 23 
 22 
 17 
 35 
 18 
 27 
 28 
 32 
 36 
 20 
 44 
 44 
 42 
 33 
 24 
 45 
 46 
 46 
 53 
 53 
 51 
 50 
 64 
 53 
 52 
 55 
 49 
 52 
 60 
 72 
 56 
 47 
 56 
 69 
 69 
 60 
 72 
 63 
 76 
 66 
 59 
 72 
 74 
 88 
 87 
 77 
 74 
 66 
 72 
 65 
 72 
 75 
 83 
 53 
 65 
 75 
 58 
 66 
 74 
 60 
 63 
 54 
 62 
 60 
 56 
 59 
 78 
 55 
 49 
 57 
 52 
 62 
 52 
 54 
 38 
 56 
 53 
 36 
 46 
 49 
 34 
 40 
 42 
 45 
 44 
 51 
 35 
 38 
 36 
 35 
 22 
 33 
 31 
 21 
 20 
 30 
 23 
 26 
 27 
 21 
 21 
 19 
 24 
 21 
 14 
 22 
 17 
 18 
 21 
 16 
 22 
 17 
 11 
 10 
 7 
 3 
 12 
 11 
 8 
 12 
 6 
 9 
 3 
 6 
 6 
 5 
 8 
 5 
 6 
 10 
 5 
 6 
 11 
 5 
 1 
 0 
 1 
 6 
 4 
 5 
 4 
 1 
 3 
 1 
 4 
 3 
 6 
 0 
 2 
 0 
 3 
 1 
 0 
 1 
 1 
 1 
 0 
 2 
 2 
 0 
 0 
 0 
 0 
 2 
 0 
 1 
 0 
 1 
 2 
 1 
 0 
 1 
 0 
 0 
 1 
 0 
 1 
 1 
 1 
 0 
 0 
 1 
 1 
 0 
 0 
 1 
 3 
 1 
 0 
 0 
 0 
 2 
 1 
 1 
 1 
 0 
 3 
 2 
 3 
 1 
 3 
 0 
 3 
 2 
 1 
 0 
 0 
 1 
 1 
 0 
 0 
 2 
 0 
 0 
 1 
 1 
 0 
 0 
 1 
 0 
 0 
 2 
 2 
 0 
 0 
 1 
 1 
 0 
 0 
 0 
 1 
 1 
 4 
 0 
 0 
 0 
 0 
 1 
 1 
 0 
 1 
 1 
 1 
 0 
 2 
 0 
 0 
 2 
 2 
 1 
 0 
 0 
 1 
 0 
 2 
 1 
 1 
 0 
 2 
 1 
 0 
 1 
 0 
 1 
 0 
 0 
 2 
 0 
 1 
 4 
 1 
 2 
 1 
 1 
 0 
 1 
 1 
 0 
 2 
 0 
 2 
 0 
 0 
 0 
 1 
 1 
 0 
 1 
 0 
 0 
 0 
 0 
 1 
 1 
 1 
 1 
 0 
 0 
 0 
 0 
 0 
 0 
 2 
 1 
 1 
 1 
 0 
 1 
 3 
 2 
 0 
 2 
 3 
 1 
 1 
 1 
 1 
 0 
 1 
 0 
 3 
 0 
 0 
 0 
 0 
 1 
 0 
 1 
 0 
 1 
 0 
 3 
 0 
 1 
 0 
 0 
 0 
 0 
 0 
 0 
 0 
 0 
 0 
 1 
 1 
 1 
 0 
 0 
 2 
 0 
 1 
 0 
 0 
 1 
 1 
 2 
 0 
 1 
 0 
 0 
 0 
 0 
 0 
 0 
 0 
 0 
 0 
 0 
 0 
 0 
 2 
 0 
 0 
 1 
 1 
 0 
 0 
 0 
 0 
 0 
 1 
 0 
 0 
 1 
 0 
 0 
 1 
 1 
 1 
 0 
 0 
 0 
 1 
 0 
 0 
 0 
 1 
 0 
 1 
 0 
 0 
 0 
 0 
 0 
 0 
 0 
 0 
 0 
 0 
 1 
 0 
 0 
 0 
 0 
 1 
 1 
 0 
 0 
 0 
 0 
 0 
 0 
 1 
 0 
 0 
 0 
 0 
 1 
 0 
 0 
 1 
 1 
 1 
 0 
 0 
 0 
 1 
 0 
 0 
 1 
 0 
 0 
 0 
 0 
 0 
 0 
 0 
 0 
 0 
 0 
 0 
 0 
 0 
 0 
 0 
 1 
 0 
 0 
 0 
 0 
 1 
 0 
 0 
 0 
 0 
 0 
 1 
 0 
 1 
 0 
 0 
 0 
 0 
 0 
 0 
 0 
 0 
 0 
 0 
 0 
 0 
 0 
 0 
 1 
 0 
 0 
 0 
 0 
 0 
 0 
 0 
 0 
 0 
 1 
 0 
 0 
 0 
 0 
 0 
 0 
 0 
 0 
 0 
 0 
 1 
 0 
 0 
 0 
 0 
 1 
 0 
 0 
 0 
 0 
 0 
 0 
 0 
 0 
 0 
 1 
 1 
 0 
 0 
 0 
 0 
 1 
 0 
 0 
 0 
 0 
 0 
 0 
 0 
 0 
 0 
 0 
 0 
 0 
 1 
 0 
 0 
 1 
 1 
 0 
 0 
 0 
 0 
 1 
 0 
 0 
 0 
 0 
 0 
 0 
 0 
 0 
 0 
 0 
 0 
 0 
 0 
 0 
 0 
 1 
 0 
 0 
 0 
 0 
 0 
 0 
 0 
 0 
 0 
 2 
 0 
 0 
 1 
 0 
 1 
 2 
 0 
 1 
 0 
 0 
 0 
 0 
 1 
 0 
 0 
 0 
 0 
 0 
 0 
 0 
 2 
 0 
 0 
 0 
 0 
 1 
 1 
 0 
 0 
 0 
 2 
 0 
 0 
 0 
 0 
 0 
 0 
 1 
 2 
 1 
 0 
 0 
 0 
 0 
 0 
 0 
 0 
 0 
 1 
 0 
 0 
 0 
 0 
 0 
 1 
 0 
 1 
 0 
 1 
 0 
 0 
 2 
 0 
 1 
 0 
 0 
 1 
 1 
 1 
 0 
 1 
 0 
 0 
 0 
 1 
 0 
 1 
 0 
 0 
 1 
 1 
 0 
 1 
 0 
 0 
 0 
 0 
 0 
 0 
 0 
 0 
 1 
 1 
 0 
 0 
 0 
 0 
 1 
 1 
 0 
 0 
 0 
 0 
 1 
 1 
 1 
 0 
 0 
 0 
 0 
 0 
 0 
 1 
 0 
 1 
 1 
 0 
 0 
 0 
 0 
 0 
 0 
 0 
 0 
 0 
 1 
 1 
 0 
 0 
 0 
 1 
 1 
 0 
 0 
 0 
 0 
 1 
 0 
 0 
 0 
 0 
 0 
 0 
 0 
 0 
 0 
 0 
 0 
 0 
 0 
 0 
 0 
 0 
 0 
 0 
 0 
 0 
 0 
 0 
 0 
 1 
 0 
 0 
 0 
 0 
 0 
 0 
 0 
 1 
 0 
 0 
 0 
 0 
 0 
 0 
 0 
 0 
 0 
 0 
 0 
 0 
 0 
 0 
 0 
 0 
 0 
 0 
 0 
 0 
 0 
 0 
 1 
 0 
 0 
 0 
 0 
 0 
 0 
 0 
 0 
 0 
 0 
 0 
 0 
 0 
 0 
 0 
 0 
 0 
 0 
 0 
 0 
 0 
 0 
 0 
 0 
 0 
 0 
 0 
 0 
 0 
 0 
 0 
 0 
 0 
 0 
 1 
 0 
 0 
 0 
 0 
 0 
 0 
 0 
 0 
 0 
 0 
 0 
 0 
 0 
 0 
 0 
 0 
 0 
 0 
 0 
 0 
 0 
 0 
 0 
 0 
 0 
 0 
 0 
 0 
 0 
 1 
 0 
 0 
 0 
 0 
 0 
 0 
 0 
 0 
 0 
 0 
 0 
 0 
 0 
 0 
 0 
 0 
 0 
 0 
 0 
 0 
 0 
 0 
 0 
 0 
 0 
 0 
 0 
 0 
 0 
 0 
 0 
 0 
 0 
 0 
 0 
 0 
 0 
 0 
 0 
 0 
 0 
 1 
 0 
 0 
 0 
 0 
 0 
 0 
 0 
 0 
 0 
 0 
 0 
 0 
 0 
 0 
 0 
 0 
 0 
 0 
 0 
 0 
 0 
 0 
 0 
 0 
 0 
 0 
 0 
 0 
 0 
 0 
 0 
 0 
 0 
 0 
 0 
 0 
 0 
 0 
 0 
 0 
 0 
 0 
 0 
 0 
 0 
 0 
 0 
 0 
 0 
 0 
 0 
 0 
 0 
 0 
 0 
 0 
 0 
 0 
 0 
 0 
 0 
 0 
 0 
 0 
 0 
 0 
 0 
 0 
 0 
 0 
 0 
 0 
 0 
 0 
 0 
 0 
 0 
 0 
 0 
 0 
 1 
 0 
 0 
 0 
 0 
 0 
 0 
 0 
 0 
 0 
 0 
 1 
 0 
 0 
 0 
 0 
 0 
 0 
 0 
 0 
 0 
 0 
 0 
 0 
 0 
 0 
 0 
 0 
 0 
 0 
 0 
 0 
 0 
 0 
 0 
 0 
 0 
 0 
 0 
 0 
 0 
 0 
 0 
 0 
 0 
 0 
 0 
 0 
 0 
 0 
 0 
 0 
 0 
 0 
 0 
 0 
 0 
 0 
 0 
 0 
 0 
 0 
 0 
 0 
 0 
 0 
 0 
 0 
 0 
 0 
 0 
 1 
 0 
 0 
 0 
 0 
 0 
 0 
 0 
 0 
 0 
 0 
 0 
 0 
 0 
 0 
 0 
 0 
 0 
 0 
 0 
 0 
 0 
 0 
 0 
 0 
 0 
 0 
 0 
 0 
 0 
 0 
 0 
 1 
 0 
 0 
 0 
 0 
 0 
 0 
 0 
 0 
 0 
 0 
 0 
 0 
 0 
 0 
 0 
 0 
 0 
 0 
 0 
 0 
 0 
 0 
 0 
 0 
 0 
 0 
 0 
 0 
 0 
 0 
 0 
 0 
 0 
 0 
 0 
 0 
 0 
 0 
 0 
 0 
 0 
 0 
 0 
 0 
 0 
 0 
 0 
 0 
 0 
 0 
 0 
 0 
 0 
 0 
 0 
 0 
 0 
 0 
 0 
 0 
 0 
 0 
 0 
 0 
 0 
 0 
 0 
 0 
 0 
 0 
 0 
 0 
 0 
 0 
 0 
 0 
 0 
 0 
 0 
 0 
 0 
 0 
 1 
 0 
 0 
 0 
 0 
 0 
 0 
 0 
 0 
 0 
 0 
 0 
 1 
 0 
 0 
 0 
 0 
 0 
 0 
 0 
 0 
 0 
 0 
 0 
 0 
 0 
 0 
 0 
 0 
 0 
 0 
 0 
 0 
 0 
 0 
 0 
 0 
 0 
 0 
 0 
 0 
 0 
 0 
 0 
 0 
 0 
 0 
 0 
 0 
 0 
 0 
 0 
 0 
 0 
 0 
 0 
 0 
 0 
 0 
 0 
 0 
 0 
 0 
 0 
 0 
 0 
 0 
 0 
 0 
 0 
 0 
 0 
 0 
 0 
 0 
 0 
 0 
 0 
 0 
 0 
 0 
 0 
 0 
 0 
 0 
 0 
 0 
 0 
 0 
 0 
 0 
 0 
 0 
 0 
 0 
 0 
 0 
 0 
 0 
 0 
 0 
 0 
 0 
 0 
 0 
 0 
 0 
 0 
 0 
 0 
 0 
 0 
 0 
 0 
 0 
 0 
 0 
 0 
 0 
 0 
 0 
 0 
 0 
 0 
 0 
 0 
 1 
 0 
 0 
 0 
 0 
 0 
 0 
 0 
 0 
 0 
 0 
 0 
 0 
 0 
 0 
 0 
 0 
 0 
 0 
 0 
 0 
 0 
 0 
 0 
 0 
 0 
 0 
 0 
 0 
 0 
 0 
 0 
 0 
 0 
 0 
 0 
 0 
 0 
 0 
 0 
 0 
 0 
 0 
 0 
 0 
 0 
 0 
 0 
 0 
 1 
 0 
 0 
 0 
 0 
 0 
 0 
 0 
 1 
 0 
 0 
 0 
 0 
 0 
 0 
 0 
 0 
 0 
 0 
 0 
 0 
 0 
 0 
 0 
 0 
 0 
 0 
 0 
 0 
 0 
 0 
 0 
 0 
 0 
 0 
 0 
 0 
 0 
 0 
 0 
 0 
 0 
 0 
 0 
 0 
 0 
 0 
 0 
 0 
 0 
 0 
 0 
 0 
 0 
 0 
 0 
 0 
 0 
 0 
 0 
 0 
 0 
 0 
 0 
 0 
 0 
 0 
 0 
 0 
 0 
 0 
 0 
 0 
 0 
 0 
 0 
 0 
 0 
 0 
 0 
 0 
 0 
 0 
 0 
 0 
 0 
 0 
 0 
 0 
 0 
 0 
 0 
 0 
 0 
 0 
 0 
 0 
 0 
 0 
 0 
 0 
 0 
 0 
 0 
 0 
 0 
 0 
 0 
 0 
 0 
 0 
 0 
 0 
 0 
 0 
 0 
 0 
 0 
 0 
 0 
 0 
 0 
 0 
 0 
 0 
 0 
 0 
 0 
 0 
 0 
 0 
 0 
 0 
 0 
 0 
 0 
 0 
 0 
 0 
 0 
 0 
 0 
 0 
 0 
 0 
 0 
 0 
 0 
 0 
 1 
 0 
 1 
 0 
 0 
 0 
 0 
 0 
 0 
 0 
 0 
 0 
 0 
 0 
 1 
 0 
 0 
 0 
 0 
 0 
 0 
 0 
 0 
 0 
 0 
 0 
 0 
 0 
 0 
 0 
 0 
 0 
 0 
 0 
 0 
 0 
 0 
 1 
 0 
 0 
 0 
 0 
 0 
 0 
 0 
 0 
 0 
 0 
 0 
 0 
 0 
 0 
 0 
 0 
 0 
 1 
 0 
 0 
 0 
 0 
 0 
 0 
 0 
 0 
 0 
 0 
 0 
 0 
 0 
 0 
 0 
 0 
 0 
 0 
 0 
 0 
 0 
 0 
 0 
 0 
 0 
 0 
 0 
 0 
 0 
 0 
 0 
 0 
 0 
 0 
 0 
 0 
 0 
 0 
 0 
 0 
 0 
 0 
 0 
 0 
 0 
 0 
 0 
 0 
 0 
 0 
 0 
 0 
 0 
 0 
 0 
 0 
 0 
 0 
 0 
 0 
 0 
 0 
 0 
 0 
 0 
 0 
 0 
 0 
 0 
 0 
 0 
 0 
 0 
 0 
 0 
 0 
 0 
 0 
 0 
 0 
 0 
 0 
 0 
 0 
 0 
 0 
 0 
 0 
 0 
 0 
 0 
 0 
 0 
 0 
 0 
 0 
 0 
 0 
 0 
 0 
 0 
 0 
 0 
 0 
 0 
 0 
 0 
 0 
 0 
 0 
 0 
 0 
 0 
 0 
 0 
 0 
 0 
 0 
 0 
 0 
 0 
 0 
 0 
 0 
 0 
 0 
 0 
 0 
 0 
 0 
 0 
 0 
 0 
 0 
 0 
 0 
 0 
 0 
 0 
 0 
 0 
 0 
 0 
 0 
 0 
 0 
 0 
 0 
 0 
 0 
 0 
 0 
 0 
 0 
 0 
 0 
 0 
 0 
 0 
 0 
 0 
 0 
 0 
 0 
 0 
 0 
 0 
 0 
 0 
 0 
 0 
 0 
 0 
 0 
 0 
 0 
 0 
 0 
 0 
 0 
 0 
 0 
 0 
 0 
 0 
 0 
 0 
 0 
 0 
 0 
 0 
 0 
 0 
 0 
 0 
 0 
 0 
 0 
 0 
 0 
 0 
 0 
 0 
 0 
 0 
 0 
 0 
 0 
 0 
 0 
 0 
 0 
 0 
 0 
 0 
 0 
 0 
 0 
 0 
 0 
 0 
 0 
 0 
 0 
 0 
 0 
 0 
 0 
 0 
 0 
 0 
 0 
 0 
 0 
 0 
 0 
 0 
 0 
 0 
 0 
 0 
 0 
 0 
 0 
 0 
 0 
 0 
 0 
 0 
 0 
 0 
 0 
 0 
 0 
 0 
 0 
 0 
 0 
 0 
 0 
 0 
 0 
 0 
 0 
 0 
 0 
 0 
 0 
 0 
 0 
 0 
 0 
 0 
 0 
 0 
 0 
 0 
 0 
 0 
 0 
 0 
 0 
 0 
 0 
 0 
 0 
 0 
 0 
 0 
 0 
 0 
 0 
 0 
 0 
 0 
 0 
 0 
 0 
 0 
 0 
 0 
 0 
 0 
 0 
 0 
 0 
 0 
 0 
 0 
 0 
 0 
 0 
 0 
 0 
 0 
 0 
 0 
 0 
 0 
 0 
 0 
 0 
 0 
 0 
 0 
 0 
 0 
 0 
 0 
 0 
 0 
 0 
 0 
 0 
 0 
 0 
 0 
 0 
 0 
 0 
 0 
 0 
 0 
 0 
 0 
 0 
 0 
 0 
 0 
 0 
 0 
 0 
 0 
 0 
 0 
 0 
 0 
 0 
 0 
 0 
 0 
 0 
 0 
 0 
 0 
 0 
 0 
 0 
 0 
 0 
 0 
 0 
 0 
 0 
 0 
 0 
 0 
 0 
 0 
 0 
 0 
 0 
 0 
 0 
 0 
 0 
 0 
 0 
 0 
 0 
 0 
 0 
 0 
 0 
 0 
 0 
 0 
 0 
 0 
 0 
 0 
 0 
 0 
 0 
 0 
 0 
 0 
 0 
 0 
 0 
 0 
 0 
 0 
 0 
 0 
 0 
 0 
 0 
 0 
 0 
 0 
 0 
 0 
 0 
 0 
 0 
 0 
 0 
 0 
 0 
 0 
 0 
 0 
 0 
 0 
 0 
 0 
 0 
 0 
 0 
 0 
 0 
 0 
 0 
 0 
 0 
 0 
 0 
 0 
 0 
 0 
 1 
 0 
 0 
 0 
 0 
 0 
 0 
 0 
 0 
 0 
 0 
 0 
 0 
 0 
 0 
 0 
 0 
 0 
 0 
 0 
 0 
 0 
 0 
 0 
 0 
 0 
 0 
 0 
 0 
 0 
 0 
 0 
 0 
 0 
 0 
 0 
 0 
 0 
 0 
 0 
 0 
 0 
 0 
 0 
 0 
 0 
 0 
 0 
 0 
 0 
 0 
 0 
 0 
 0 
 0 
 0 
 0 
 0 
 0 
 0 
 0 
 0 
 0 
 0 
 0 
 0 
 0 
 0 
 0 
 0 
 0 
 0 
 0 
 0 
 0 
 0 
 0 
 0 
 0 
 0 
 0 
 0 
 0 
 0 
 0 
 0 
 0 
 0 
 0 
 0 
 0 
 0 
 0 
 0 
 0 
 0 
 0 
 0 
 0 
 0 
 0 
 0 
 0 
 0 
 0 
 0 
 0 
 0 
 0 
 0 
 0 
 0 
 0 
 0 
 0 
 1 
 0 
 0 
 0 
 0 
 0 
 0 
 0 
 0 
 0 
 0 
 0 
 0 
 0 
 0 
 0 
 0 
 0 
 0 
 0 
 0 
 0 
 0 
 0 
 0 
 0 
 0 
 0 
 0 
 0 
 0 
 0 
 0 
 0 
 0 
 0 
 0 
 0 
 0 
 0 
 0 
 0 
 0 
 0 
 0 
 0 
 0 
 0 
 0 
 0 
 0 
 0 
 0 
 0 
 0 
 0 
 0 
 0 
 0 
 0 
 0 
 0 
 0 
 0 
 0 
 0 
 0 
 0 
 0 
 0 
 0 
 0 
 0 
 0 
 0 
 0 
 0 
 0 
 0 
 0 
 0 
 0 
 0 
 0 
 0 
 0 
 0 
 0 
 0 
 0 
 0 
 0 
 0 
 0 
 0 
 0 
 0 
 0 
 0 
 0 
 0 
 0 
 0 
 0 
 0 
 0 
 0 
 0 
 0 
 0 
 0 
 0 
 0 
 0 
 0 
 0 
 0 
 0 
 0 
 0 
 0 
 0 
 0 
 0 
 0 
 0 
 0 
 0 
 0 
 0 
 0 
 0 
 0 
 0 
 0 
 0 
 0 
 0 
 0 
 0 
 0 
 0 
 0 
 0 
 0 
 0 
 0 
 0 
 0 
 0 
 0 
 0 
 0 
 0 
 0 
 0 
 0 
 0 
 0 
 0 
 0 
 0 
 0 
 0 
 0 
 0 
 0 
 0 
 0 
 0 
 0 
 0 
 0 
 0 
 0 
 0 
 0 
 0 
 0 
 0 
 0 
 0 
 0 
 0 
 0 
 0 
 0 
 0 
 0 
 0 
 0 
 0 
 0 
 0 
 0 
 0 
 0 
 0 
 0 
 0 
 0 
 0 
 0 
 0 
 0 
 0 
 0 
 0 
 0 
 0 
 0 
 0 
 0 
 0 
 0 
 0 
 0 
 0 
 0 
 0 
 0 
 0 
 0 
 0 
 0 
 0 
 0 
 0 
 0 
 0 
 0 
 0 
 0 
 0 
 0 
 0 
 0 
 0 
 0 
 0 
 0 
 0 
 0 
 0 
 0 
 0 
 0 
 0 
 0 
 0 
 0 
 0 
 0 
 0 
 0 
 0 
 0 
 0 
 0 
 0 
 0 
 0 
 0 
 0 
 0 
 0 
 0 
 0 
 0 
 0 
 0 
 0 
 0 
 0 
 0 
 0 
 0 
 0 
 0 
 1 
 0 
 0 
 0 
 0 
 0 
 0 
 0 
 0 
 0 
 0 
 0 
 0 
 0 
 0 
 0 
 0 
 0 
 0 
 0 
 0 
 0 
 0 
 0 
 0 
 0 
 0 
 0 
 0 
 0 
 0 
 0 
 0 
 0 
 0 
 0 
 0 
 0 
 0 
 0 
 0 
 0 
 0 
 0 
 0 
 0 
 0 
 0 
 0 
 0 
 0 
 0 
 0 
 0 
 0 
 0 
 0 
 0 
 0 
 0 
 0 
 0 
 0 
 0 
 0 
 0 
 0 
 0 
 0 
 0 
 0 
 0 
 0 
 0 
 0 
 0 
 0 
 0 
 0 
 0 
 0 
 0 
 0 
 0 
 0 
 0 
 0 
 0 
 0 
 0 
 0 
 0 
 0 
 0 
 0 
 0 
 0 
 0 
 0 
 0 
 0 
 0 
 0 
 0 
 0 
 0 
 0 
 0 
 0 
 0 
 0 
 0 
 0 
 0 
 0 
 0 
 0 
 0 
 0 
 0 
 0 
 0 
 0 
 0 
 0 
 0 
 0 
 0 
 0 
 0 
 0 
 0 
 0 
 0 
 0 
 0 
 0 
 0 
 0 
 0 
 0 
 0 
 0 
 0 
 0 
 0 
 0 
 0 
 0 
 0 
 0 
 0 
 0 
 0 
 0 
 0 
 0 
 0 
 0 
 0 
 0 
 0 
 0 
 0 
 0 
 0 
 0 
 0 
 0 
 0 
 0 
 0 
 0 
 0 
 0 
 0 
 0 
 0 
 0 
 0 
 0 
 0 
 0 
 0 
 0 
 0 
 0 
 0 
 0 
 0 
 0 
 0 
 0 
 0 
 0 
 0 
 0 
 0 
 0 
 0 
 0 
 0 
 0 
 0 
 0 
 0 
 0 
 0 
 0 
 0 
 0 
 0 
 0 
 0 
 0 
 0 
 0 
 0 
 0 
 0 
 0 
 0 
 0 
 0 
 0 
 0 
 0 
 0 
 0 
 0 
 0 
 0 
 0 
 0 
 0 
 0 
 0 
 0 
 0 
 0 
 0 
 0 
 0 
 0 
 0 
 0 
 0 
 0 
 0 
 0 
 0 
 0 
 0 
 0 
 0 
 0 
 0 
 0 
 0 
 0 
 0 
 0 
 0 
 0 
 0 
 0 
 0 
 0 
 0 
 0 
 0 
 0 
 0 
 0 
 0 
 0 
 0 
 0 
 0 
 0 
 0 
 0 
 0 
 0 
 0 
 0 
 0 
 0 
 0 
 0 
 0 
 0 
 0 
 0 
 0 
 0 
 0 
 0 
 0 
 0 
 0 
 0 
 0 
 0 
 0 
 0 
 0 
 0 
 0 
 0 
 0 
 0 
 0 
 0 
 0 
 0 
 0 
 0 
 0 
 0 
 0 
 0 
 0 
 0 
 0 
 0 
 0 
 0 
 0 
 0 
 0 
 0 
 0 
 0 
 0 
 0 
 0 
 0 
 0 
 0 
 0 
 0 
 0 
 0 
 0 
 0 
 0 
 0 
 0 
 0 
 0 
 0 
 0 
 0 
 0 
 0 
 0 
 0 
