 0 
 0 
 0 
 0 
 0 
 1 
 0 
 0 
 0 
 0 
 0 
 0 
 0 
 0 
 0 
 0 
 0 
 0 
 0 
 0 
 1 
 0 
 0 
 2 
 3 
 2 
 6 
 8 
 10 
 15 
 15 
 13 
 32 
 39 
 40 
 60 
 44 
 50 
 71 
 76 
 66 
 94 
 101 
 112 
 89 
 101 
 89 
 125 
 95 
 132 
 122 
 114 
 120 
 124 
 111 
 123 
 114 
 111 
 109 
 124 
 136 
 126 
 129 
 113 
 152 
 122 
 105 
 132 
 125 
 146 
 148 
 129 
 135 
 122 
 141 
 142 
 146 
 148 
 131 
 133 
 156 
 180 
 179 
 185 
 197 
 208 
 213 
 196 
 236 
 261 
 306 
 300 
 285 
 302 
 338 
 306 
 327 
 311 
 327 
 303 
 312 
 281 
 272 
 316 
 281 
 273 
 237 
 213 
 210 
 211 
 239 
 212 
 188 
 166 
 187 
 197 
 193 
 147 
 160 
 155 
 159 
 138 
 175 
 138 
 150 
 168 
 138 
 149 
 164 
 148 
 142 
 136 
 155 
 159 
 169 
 147 
 150 
 156 
 152 
 145 
 146 
 166 
 149 
 153 
 157 
 152 
 153 
 181 
 179 
 171 
 158 
 145 
 164 
 136 
 150 
 147 
 162 
 159 
 157 
 167 
 191 
 145 
 147 
 141 
 171 
 161 
 165 
 174 
 140 
 164 
 140 
 157 
 146 
 125 
 129 
 147 
 152 
 156 
 136 
 131 
 160 
 160 
 153 
 178 
 149 
 170 
 169 
 169 
 173 
 170 
 163 
 154 
 154 
 148 
 163 
 177 
 166 
 147 
 172 
 192 
 170 
 175 
 169 
 192 
 183 
 209 
 168 
 201 
 199 
 192 
 188 
 184 
 213 
 184 
 215 
 194 
 184 
 187 
 176 
 204 
 218 
 185 
 184 
 187 
 191 
 188 
 179 
 199 
 158 
 191 
 179 
 170 
 193 
 189 
 187 
 188 
 167 
 161 
 156 
 158 
 193 
 168 
 200 
 182 
 177 
 176 
 177 
 188 
 183 
 149 
 149 
 162 
 171 
 163 
 168 
 184 
 156 
 176 
 186 
 171 
 180 
 155 
 189 
 168 
 209 
 177 
 178 
 179 
 149 
 167 
 131 
 164 
 169 
 160 
 157 
 128 
 167 
 169 
 155 
 147 
 156 
 149 
 169 
 179 
 122 
 154 
 139 
 162 
 149 
 151 
 166 
 148 
 135 
 131 
 144 
 139 
 113 
 146 
 128 
 122 
 112 
 148 
 147 
 128 
 126 
 134 
 131 
 140 
 125 
 131 
 141 
 113 
 125 
 131 
 112 
 120 
 129 
 137 
 124 
 132 
 104 
 113 
 109 
 121 
 119 
 132 
 143 
 124 
 132 
 120 
 142 
 118 
 129 
 119 
 128 
 130 
 140 
 141 
 118 
 117 
 117 
 106 
 105 
 120 
 112 
 109 
 111 
 111 
 103 
 118 
 115 
 119 
 93 
 138 
 120 
 115 
 117 
 116 
 133 
 120 
 106 
 103 
 110 
 117 
 117 
 97 
 104 
 102 
 111 
 83 
 97 
 96 
 94 
 119 
 91 
 101 
 94 
 96 
 91 
 92 
 100 
 83 
 98 
 90 
 101 
 96 
 96 
 84 
 83 
 90 
 70 
 81 
 74 
 73 
 68 
 68 
 70 
 73 
 65 
 81 
 53 
 66 
 74 
 70 
 58 
 63 
 76 
 80 
 73 
 56 
 81 
 73 
 77 
 75 
 66 
 63 
 68 
 59 
 70 
 57 
 60 
 66 
 65 
 50 
 59 
 65 
 70 
 57 
 54 
 65 
 72 
 49 
 63 
 68 
 52 
 68 
 52 
 66 
 60 
 55 
 59 
 54 
 58 
 44 
 49 
 51 
 59 
 62 
 48 
 62 
 65 
 73 
 67 
 58 
 58 
 54 
 48 
 65 
 56 
 62 
 51 
 59 
 59 
 55 
 63 
 49 
 36 
 59 
 56 
 68 
 44 
 49 
 61 
 56 
 48 
 58 
 59 
 57 
 58 
 55 
 52 
 59 
 44 
 54 
 74 
 56 
 44 
 56 
 60 
 61 
 59 
 58 
 60 
 45 
 53 
 56 
 60 
 73 
 58 
 67 
 49 
 59 
 57 
 57 
 56 
 50 
 57 
 52 
 50 
 57 
 59 
 56 
 56 
 58 
 58 
 58 
 45 
 59 
 61 
 68 
 61 
 50 
 62 
 52 
 47 
 62 
 71 
 68 
 72 
 61 
 66 
 57 
 68 
 74 
 69 
 78 
 76 
 62 
 71 
 73 
 79 
 94 
 106 
 116 
 101 
 104 
 111 
 115 
 128 
 117 
 135 
 153 
 155 
 174 
 186 
 190 
 199 
 182 
 204 
 221 
 233 
 234 
 279 
 286 
 289 
 277 
 312 
 326 
 308 
 330 
 334 
 382 
 385 
 430 
 383 
 375 
 442 
 431 
 451 
 451 
 430 
 437 
 414 
 498 
 471 
 449 
 436 
 440 
 447 
 406 
 438 
 414 
 456 
 421 
 418 
 404 
 370 
 416 
 372 
 368 
 336 
 320 
 297 
 325 
 306 
 279 
 294 
 253 
 258 
 236 
 218 
 213 
 187 
 186 
 155 
 152 
 143 
 148 
 142 
 129 
 102 
 99 
 92 
 94 
 74 
 58 
 56 
 74 
 61 
 57 
 47 
 51 
 53 
 42 
 40 
 50 
 34 
 24 
 30 
 34 
 28 
 23 
 27 
 15 
 19 
 19 
 24 
 18 
 18 
 18 
 17 
 22 
 26 
 15 
 17 
 14 
 18 
 21 
 16 
 20 
 19 
 21 
 15 
 11 
 16 
 17 
 21 
 14 
 13 
 12 
 11 
 18 
 20 
 19 
 12 
 13 
 14 
 16 
 16 
 21 
 24 
 16 
 16 
 16 
 18 
 21 
 15 
 19 
 26 
 10 
 17 
 19 
 19 
 16 
 24 
 20 
 17 
 18 
 24 
 14 
 10 
 13 
 12 
 17 
 16 
 11 
 15 
 20 
 15 
 15 
 11 
 10 
 19 
 29 
 19 
 17 
 17 
 16 
 26 
 23 
 19 
 21 
 16 
 18 
 14 
 15 
 19 
 14 
 16 
 23 
 13 
 21 
 16 
 17 
 21 
 23 
 15 
 13 
 13 
 20 
 28 
 22 
 10 
 28 
 19 
 11 
 22 
 21 
 23 
 16 
 14 
 12 
 21 
 14 
 14 
 9 
 20 
 22 
 20 
 22 
 16 
 7 
 13 
 14 
 18 
 15 
 11 
 18 
 20 
 19 
 16 
 18 
 19 
 20 
 15 
 19 
 14 
 14 
 28 
 14 
 12 
 19 
 17 
 21 
 17 
 15 
 11 
 16 
 20 
 18 
 13 
 15 
 11 
 21 
 17 
 21 
 26 
 16 
 13 
 21 
 17 
 13 
 16 
 15 
 14 
 12 
 11 
 12 
 22 
 17 
 21 
 16 
 19 
 22 
 13 
 18 
 21 
 14 
 15 
 18 
 16 
 13 
 21 
 16 
 16 
 11 
 20 
 14 
 13 
 13 
 14 
 15 
 19 
 11 
 8 
 13 
 16 
 16 
 23 
 8 
 12 
 11 
 17 
 13 
 22 
 16 
 19 
 16 
 22 
 11 
 11 
 22 
 22 
 18 
 16 
 26 
 16 
 21 
 11 
 10 
 13 
 16 
 15 
 20 
 20 
 13 
 16 
 20 
 10 
 16 
 18 
 21 
 25 
 15 
 20 
 16 
 16 
 25 
 20 
 19 
 15 
 16 
 14 
 20 
 14 
 17 
 15 
 17 
 18 
 15 
 11 
 16 
 11 
 25 
 15 
 23 
 19 
 19 
 20 
 20 
 16 
 15 
 23 
 16 
 14 
 19 
 17 
 17 
 15 
 21 
 18 
 18 
 10 
 15 
 16 
 13 
 16 
 16 
 19 
 14 
 13 
 17 
 23 
 14 
 20 
 18 
 17 
 19 
 25 
 24 
 24 
 12 
 21 
 13 
 18 
 16 
 16 
 14 
 10 
 19 
 21 
 16 
 16 
 19 
 15 
 18 
 21 
 18 
 14 
 13 
 19 
 15 
 23 
 20 
 13 
 24 
 25 
 19 
 18 
 12 
 9 
 21 
 17 
 16 
 17 
 13 
 16 
 18 
 23 
 19 
 16 
 11 
 20 
 21 
 17 
 18 
 24 
 23 
 19 
 12 
 19 
 19 
 19 
 15 
 20 
 19 
 21 
 22 
 13 
 20 
 21 
 20 
 11 
 18 
 18 
 12 
 22 
 13 
 18 
 21 
 18 
 17 
 24 
 9 
 17 
 19 
 18 
 12 
 16 
 19 
 18 
 19 
 18 
 17 
 12 
 15 
 11 
 20 
 28 
 25 
 17 
 14 
 12 
 23 
 17 
 19 
 16 
 22 
 18 
 23 
 22 
 19 
 19 
 15 
 24 
 18 
 18 
 21 
 16 
 16 
 18 
 18 
 19 
 18 
 22 
 19 
 18 
 26 
 23 
 24 
 26 
 19 
 24 
 17 
 16 
 11 
 23 
 19 
 21 
 17 
 22 
 14 
 17 
 20 
 26 
 22 
 27 
 19 
 16 
 17 
 11 
 20 
 20 
 23 
 16 
 16 
 20 
 26 
 19 
 22 
 22 
 21 
 18 
 17 
 23 
 21 
 15 
 21 
 31 
 12 
 17 
 15 
 23 
 19 
 19 
 22 
 20 
 22 
 24 
 18 
 20 
 22 
 23 
 14 
 22 
 20 
 24 
 21 
 19 
 17 
 19 
 17 
 20 
 17 
 22 
 21 
 20 
 16 
 19 
 18 
 26 
 19 
 19 
 22 
 19 
 21 
 23 
 27 
 20 
 30 
 28 
 18 
 18 
 19 
 13 
 26 
 9 
 18 
 17 
 19 
 17 
 20 
 16 
 12 
 15 
 25 
 21 
 21 
 18 
 18 
 15 
 11 
 14 
 14 
 20 
 14 
 19 
 21 
 9 
 16 
 14 
 18 
 19 
 16 
 13 
 13 
 14 
 13 
 20 
 13 
 11 
 18 
 17 
 10 
 9 
 12 
 8 
 12 
 8 
 14 
 13 
 11 
 10 
 10 
 8 
 18 
 11 
 12 
 10 
 12 
 8 
 6 
 5 
 12 
 8 
 16 
 8 
 5 
 4 
 7 
 6 
 5 
 9 
 11 
 12 
 8 
 10 
 12 
 9 
 13 
 5 
 7 
 10 
 13 
 3 
 8 
 6 
 9 
 7 
 6 
 6 
 3 
 11 
 4 
 4 
 5 
 5 
 6 
 5 
 10 
 8 
 8 
 6 
 7 
 3 
 7 
 8 
 7 
 6 
 3 
 3 
 6 
 7 
 6 
 4 
 3 
 5 
 4 
 1 
 9 
 9 
 10 
 3 
 2 
 8 
 1 
 4 
 6 
 2 
 6 
 3 
 2 
 6 
 2 
 2 
 7 
 4 
 4 
 10 
 2 
 2 
 6 
 3 
 7 
 4 
 5 
 2 
 4 
 2 
 3 
 6 
 8 
 6 
 3 
 2 
 3 
 7 
 3 
 6 
 2 
 3 
 4 
 4 
 5 
 5 
 3 
 6 
 7 
 1 
 1 
 5 
 2 
 7 
 2 
 7 
 3 
 7 
 3 
 4 
 1 
 1 
 3 
 2 
 3 
 2 
 3 
 6 
 2 
 5 
 3 
 5 
 2 
 3 
 3 
 3 
 4 
 5 
 4 
 4 
 5 
 5 
 1 
 2 
 2 
 7 
 2 
 3 
 5 
 6 
 2 
 7 
 9 
 2 
 6 
 9 
 6 
 4 
 9 
 6 
 6 
 11 
 6 
 4 
 7 
 13 
 12 
 7 
 18 
 12 
 12 
 8 
 6 
 12 
 13 
 18 
 24 
 16 
 19 
 17 
 18 
 19 
 21 
 19 
 23 
 29 
 12 
 21 
 24 
 26 
 28 
 23 
 23 
 47 
 34 
 39 
 37 
 35 
 38 
 29 
 40 
 30 
 31 
 45 
 50 
 35 
 46 
 46 
 42 
 49 
 49 
 52 
 61 
 61 
 45 
 55 
 59 
 58 
 58 
 61 
 59 
 51 
 57 
 60 
 65 
 61 
 56 
 63 
 69 
 83 
 51 
 56 
 56 
 60 
 67 
 72 
 71 
 69 
 49 
 58 
 55 
 62 
 69 
 57 
 64 
 48 
 65 
 78 
 60 
 50 
 54 
 65 
 57 
 34 
 54 
 55 
 54 
 45 
 48 
 48 
 53 
 36 
 59 
 42 
 42 
 35 
 29 
 30 
 46 
 28 
 37 
 39 
 30 
 31 
 25 
 29 
 30 
 21 
 24 
 22 
 18 
 30 
 21 
 30 
 22 
 16 
 22 
 21 
 19 
 11 
 22 
 17 
 19 
 10 
 17 
 17 
 11 
 14 
 4 
 14 
 6 
 10 
 15 
 7 
 4 
 13 
 3 
 13 
 5 
 7 
 7 
 4 
 8 
 5 
 4 
 10 
 10 
 5 
 4 
 2 
 5 
 1 
 3 
 4 
 2 
 8 
 3 
 2 
 1 
 3 
 0 
 2 
 4 
 1 
 2 
 3 
 2 
 0 
 0 
 1 
 0 
 0 
 3 
 0 
 1 
 2 
 0 
 1 
 3 
 1 
 1 
 0 
 1 
 0 
 0 
 3 
 0 
 2 
 1 
 1 
 2 
 1 
 0 
 0 
 0 
 1 
 0 
 0 
 0 
 0 
 0 
 2 
 2 
 0 
 1 
 1 
 2 
 2 
 0 
 0 
 0 
 2 
 0 
 0 
 0 
 2 
 1 
 0 
 1 
 1 
 0 
 0 
 3 
 1 
 0 
 2 
 0 
 2 
 1 
 1 
 0 
 0 
 0 
 1 
 1 
 0 
 0 
 0 
 0 
 1 
 0 
 0 
 0 
 1 
 0 
 0 
 1 
 0 
 0 
 0 
 2 
 0 
 0 
 0 
 2 
 1 
 0 
 1 
 1 
 1 
 0 
 0 
 0 
 1 
 1 
 0 
 0 
 0 
 0 
 1 
 2 
 0 
 1 
 0 
 0 
 0 
 0 
 0 
 0 
 0 
 2 
 1 
 2 
 3 
 0 
 2 
 0 
 0 
 1 
 0 
 0 
 3 
 0 
 2 
 0 
 2 
 1 
 1 
 1 
 0 
 0 
 1 
 0 
 0 
 0 
 0 
 1 
 0 
 1 
 0 
 2 
 1 
 0 
 0 
 1 
 0 
 2 
 0 
 3 
 0 
 0 
 0 
 0 
 1 
 0 
 0 
 0 
 0 
 1 
 0 
 0 
 0 
 1 
 0 
 2 
 0 
 0 
 0 
 1 
 0 
 0 
 0 
 1 
 0 
 0 
 1 
 0 
 0 
 2 
 0 
 1 
 1 
 0 
 0 
 0 
 0 
 0 
 0 
 0 
 0 
 0 
 0 
 0 
 0 
 0 
 1 
 0 
 0 
 0 
 0 
 0 
 0 
 0 
 1 
 0 
 0 
 0 
 1 
 0 
 1 
 0 
 0 
 0 
 0 
 0 
 0 
 0 
 0 
 2 
 0 
 0 
 0 
 0 
 0 
 0 
 0 
 0 
 1 
 0 
 0 
 0 
 0 
 0 
 1 
 0 
 1 
 1 
 0 
 0 
 0 
 1 
 1 
 0 
 0 
 0 
 0 
 1 
 1 
 1 
 0 
 0 
 0 
 0 
 0 
 0 
 0 
 0 
 1 
 1 
 0 
 1 
 0 
 0 
 0 
 1 
 0 
 1 
 0 
 0 
 0 
 0 
 1 
 0 
 0 
 0 
 0 
 0 
 0 
 1 
 0 
 0 
 1 
 0 
 0 
 0 
 1 
 0 
 0 
 0 
 2 
 1 
 0 
 0 
 1 
 0 
 0 
 0 
 0 
 0 
 0 
 0 
 0 
 0 
 0 
 0 
 0 
 1 
 1 
 0 
 0 
 0 
 0 
 0 
 0 
 0 
 0 
 0 
 0 
 0 
 0 
 0 
 0 
 0 
 0 
 0 
 0 
 0 
 0 
 1 
 0 
 1 
 0 
 0 
 0 
 0 
 1 
 1 
 1 
 0 
 0 
 1 
 0 
 0 
 0 
 0 
 0 
 0 
 0 
 0 
 0 
 0 
 0 
 0 
 0 
 1 
 0 
 0 
 0 
 0 
 0 
 0 
 0 
 0 
 0 
 0 
 0 
 0 
 0 
 0 
 0 
 0 
 0 
 0 
 0 
 0 
 0 
 1 
 0 
 0 
 0 
 0 
 0 
 0 
 0 
 0 
 1 
 0 
 0 
 1 
 0 
 0 
 1 
 0 
 0 
 0 
 0 
 0 
 0 
 0 
 0 
 0 
 2 
 0 
 1 
 0 
 0 
 0 
 0 
 1 
 2 
 0 
 0 
 0 
 0 
 0 
 0 
 0 
 0 
 0 
 0 
 0 
 1 
 0 
 0 
 0 
 0 
 0 
 2 
 0 
 2 
 0 
 0 
 1 
 0 
 0 
 0 
 0 
 0 
 1 
 2 
 0 
 0 
 0 
 0 
 2 
 0 
 0 
 1 
 0 
 0 
 0 
 0 
 1 
 0 
 0 
 0 
 1 
 0 
 0 
 0 
 0 
 0 
 0 
 0 
 1 
 1 
 1 
 1 
 1 
 2 
 0 
 0 
 1 
 0 
 0 
 1 
 0 
 1 
 0 
 3 
 0 
 0 
 1 
 0 
 0 
 0 
 0 
 0 
 0 
 0 
 0 
 1 
 0 
 1 
 1 
 0 
 1 
 2 
 0 
 1 
 0 
 0 
 0 
 0 
 0 
 0 
 0 
 0 
 1 
 1 
 0 
 0 
 0 
 0 
 0 
 0 
 1 
 0 
 1 
 1 
 0 
 0 
 0 
 0 
 0 
 1 
 0 
 0 
 0 
 0 
 1 
 0 
 0 
 1 
 0 
 0 
 0 
 1 
 0 
 0 
 0 
 0 
 0 
 0 
 0 
 0 
 0 
 0 
 0 
 0 
 0 
 0 
 0 
 0 
 0 
 0 
 0 
 0 
 0 
 0 
 0 
 0 
 0 
 0 
 0 
 0 
 0 
 0 
 0 
 0 
 0 
 1 
 0 
 0 
 0 
 0 
 0 
 0 
 0 
 0 
 0 
 0 
 0 
 1 
 0 
 0 
 0 
 0 
 0 
 0 
 0 
 0 
 0 
 0 
 0 
 0 
 0 
 0 
 0 
 0 
 0 
 0 
 0 
 0 
 0 
 0 
 0 
 0 
 0 
 0 
 0 
 0 
 0 
 0 
 0 
 0 
 0 
 0 
 0 
 0 
 0 
 0 
 0 
 0 
 0 
 0 
 0 
 0 
 0 
 0 
 0 
 0 
 0 
 0 
 0 
 0 
 0 
 0 
 0 
 0 
 0 
 0 
 0 
 0 
 0 
 0 
 0 
 0 
 0 
 0 
 0 
 0 
 0 
 0 
 0 
 0 
 0 
 0 
 0 
 0 
 1 
 0 
 0 
 0 
 0 
 0 
 0 
 0 
 0 
 0 
 0 
 0 
 0 
 0 
 0 
 0 
 0 
 0 
 0 
 0 
 0 
 0 
 0 
 0 
 0 
 0 
 0 
 0 
 0 
 0 
 0 
 1 
 0 
 0 
 0 
 0 
 0 
 0 
 0 
 0 
 0 
 0 
 0 
 0 
 0 
 0 
 0 
 0 
 0 
 0 
 0 
 0 
 0 
 0 
 0 
 0 
 0 
 0 
 0 
 0 
 0 
 0 
 0 
 0 
 0 
 0 
 0 
 0 
 0 
 0 
 0 
 0 
 0 
 0 
 0 
 0 
 0 
 0 
 0 
 0 
 0 
 0 
 0 
 0 
 0 
 0 
 1 
 0 
 0 
 0 
 0 
 0 
 0 
 0 
 0 
 0 
 0 
 0 
 0 
 0 
 0 
 0 
 0 
 0 
 0 
 0 
 0 
 0 
 0 
 0 
 0 
 0 
 0 
 0 
 0 
 0 
 0 
 0 
 0 
 0 
 0 
 0 
 0 
 0 
 0 
 0 
 0 
 0 
 0 
 0 
 0 
 0 
 0 
 0 
 0 
 0 
 0 
 0 
 0 
 0 
 0 
 0 
 0 
 0 
 0 
 0 
 0 
 0 
 0 
 0 
 0 
 0 
 0 
 0 
 0 
 0 
 0 
 0 
 0 
 0 
 0 
 0 
 0 
 0 
 0 
 1 
 0 
 0 
 0 
 0 
 0 
 0 
 0 
 0 
 0 
 0 
 0 
 0 
 0 
 0 
 0 
 0 
 0 
 0 
 0 
 0 
 0 
 1 
 0 
 0 
 0 
 0 
 0 
 0 
 0 
 0 
 0 
 0 
 0 
 0 
 0 
 0 
 0 
 0 
 0 
 0 
 1 
 0 
 0 
 0 
 0 
 0 
 0 
 0 
 0 
 0 
 0 
 0 
 0 
 0 
 0 
 0 
 0 
 0 
 0 
 0 
 0 
 1 
 0 
 0 
 0 
 0 
 0 
 0 
 0 
 1 
 0 
 0 
 0 
 0 
 0 
 0 
 0 
 0 
 0 
 0 
 1 
 0 
 0 
 0 
 0 
 0 
 0 
 0 
 0 
 0 
 0 
 0 
 0 
 0 
 0 
 0 
 0 
 0 
 0 
 0 
 0 
 0 
 0 
 0 
 0 
 0 
 0 
 0 
 0 
 0 
 0 
 0 
 0 
 0 
 0 
 0 
 0 
 0 
 0 
 0 
 0 
 1 
 0 
 0 
 0 
 0 
 0 
 0 
 0 
 0 
 0 
 0 
 0 
 0 
 0 
 0 
 0 
 0 
 0 
 0 
 1 
 0 
 0 
 0 
 0 
 0 
 0 
 0 
 0 
 0 
 0 
 0 
 0 
 0 
 0 
 0 
 0 
 0 
 0 
 0 
 0 
 0 
 0 
 0 
 0 
 0 
 0 
 0 
 0 
 0 
 0 
 0 
 0 
 0 
 0 
 0 
 0 
 0 
 0 
 0 
 0 
 0 
 0 
 1 
 0 
 0 
 0 
 0 
 0 
 0 
 0 
 0 
 0 
 0 
 0 
 0 
 0 
 0 
 0 
 0 
 0 
 0 
 0 
 0 
 0 
 0 
 0 
 0 
 0 
 0 
 0 
 0 
 0 
 0 
 0 
 0 
 0 
 0 
 0 
 0 
 0 
 0 
 0 
 0 
 0 
 0 
 0 
 0 
 0 
 0 
 0 
 0 
 0 
 0 
 0 
 0 
 0 
 0 
 0 
 0 
 0 
 0 
 0 
 0 
 0 
 0 
 0 
 0 
 0 
 0 
 0 
 0 
 0 
 0 
 0 
 0 
 0 
 0 
 0 
 0 
 1 
 0 
 0 
 0 
 0 
 0 
 0 
 0 
 0 
 0 
 0 
 0 
 0 
 0 
 0 
 0 
 0 
 0 
 0 
 0 
 0 
 0 
 0 
 0 
 0 
 0 
 0 
 0 
 0 
 1 
 0 
 0 
 0 
 0 
 0 
 0 
 0 
 0 
 0 
 1 
 0 
 0 
 0 
 0 
 0 
 0 
 0 
 0 
 0 
 0 
 0 
 0 
 0 
 0 
 0 
 0 
 0 
 0 
 0 
 0 
 0 
 0 
 0 
 0 
 0 
 0 
 0 
 0 
 0 
 0 
 0 
 0 
 0 
 0 
 0 
 0 
 0 
 0 
 0 
 0 
 0 
 0 
 0 
 0 
 0 
 0 
 0 
 0 
 0 
 0 
 0 
 0 
 0 
 0 
 0 
 0 
 0 
 0 
 0 
 0 
 0 
 0 
 0 
 0 
 0 
 0 
 0 
 0 
 0 
 0 
 0 
 0 
 0 
 0 
 0 
 0 
 0 
 0 
 0 
 0 
 0 
 0 
 0 
 0 
 0 
 0 
 0 
 0 
 0 
 0 
 0 
 0 
 0 
 1 
 0 
 0 
 0 
 0 
 0 
 0 
 0 
 0 
 0 
 0 
 0 
 0 
 0 
 0 
 0 
 0 
 1 
 0 
 0 
 0 
 0 
 0 
 0 
 0 
 0 
 0 
 0 
 0 
 0 
 0 
 0 
 0 
 0 
 0 
 0 
 0 
 0 
 0 
 0 
 0 
 0 
 0 
 0 
 0 
 0 
 0 
 0 
 0 
 0 
 0 
 0 
 0 
 0 
 0 
 0 
 0 
 0 
 0 
 0 
 0 
 0 
 0 
 0 
 0 
 0 
 0 
 0 
 0 
 0 
 0 
 0 
 0 
 0 
 0 
 0 
 0 
 0 
 0 
 0 
 0 
 0 
 0 
 0 
 0 
 0 
 0 
 0 
 0 
 0 
 0 
 0 
 0 
 0 
 0 
 0 
 0 
 0 
 0 
 0 
 0 
 0 
 0 
 0 
 0 
 0 
 0 
 0 
 0 
 0 
 0 
 0 
 0 
 0 
 0 
 0 
 0 
 0 
 0 
 0 
 0 
 0 
 0 
 0 
 0 
 0 
 0 
 0 
 0 
 0 
 0 
 0 
 0 
 0 
 0 
 0 
 0 
 0 
 0 
 1 
 0 
 0 
 0 
 0 
 0 
 0 
 0 
 0 
 0 
 0 
 0 
 0 
 0 
 0 
 0 
 0 
 0 
 0 
 0 
 0 
 0 
 0 
 0 
 0 
 0 
 0 
 0 
 0 
 0 
 0 
 0 
 0 
 0 
 0 
 0 
 0 
 0 
 0 
 0 
 1 
 0 
 0 
 1 
 0 
 0 
 0 
 0 
 0 
 0 
 0 
 0 
 0 
 0 
 0 
 0 
 0 
 0 
 0 
 0 
 0 
 0 
 0 
 0 
 0 
 0 
 0 
 0 
 0 
 0 
 0 
 0 
 0 
 0 
 0 
 0 
 0 
 0 
 0 
 0 
 0 
 0 
 0 
 0 
 0 
 0 
 0 
 0 
 0 
 0 
 0 
 0 
 0 
 0 
 0 
 0 
 0 
 0 
 0 
 0 
 0 
 0 
 0 
 0 
 0 
 0 
 0 
 0 
 0 
 0 
 0 
 0 
 0 
 0 
 0 
 0 
 0 
 0 
 0 
 0 
 0 
 0 
 0 
 0 
 0 
 0 
 0 
 0 
 0 
 0 
 0 
 0 
 0 
 0 
 0 
 0 
 0 
 0 
 0 
 0 
 0 
 0 
 0 
 1 
 0 
 0 
 0 
 0 
 0 
 0 
 0 
 0 
 0 
 0 
 0 
 0 
 0 
 0 
 0 
 0 
 0 
 0 
 0 
 0 
 0 
 0 
 0 
 0 
 0 
 0 
 0 
 0 
 0 
 0 
 0 
 0 
 0 
 0 
 0 
 0 
 0 
 0 
 0 
 0 
 0 
 0 
 0 
 0 
 0 
 0 
 0 
 0 
 0 
 0 
 0 
 0 
 0 
 0 
 0 
 0 
 0 
 0 
 0 
 0 
 0 
 0 
 0 
 0 
 0 
 0 
 0 
 0 
 0 
 0 
 0 
 0 
 0 
 0 
 0 
 0 
 0 
 0 
 0 
 0 
 0 
 0 
 0 
 0 
 0 
 0 
 0 
 0 
 0 
 0 
 0 
 0 
 0 
 0 
 0 
 0 
 0 
 0 
 0 
 0 
 0 
 0 
 0 
 0 
 0 
 0 
 0 
 0 
 0 
 0 
 0 
 0 
 0 
 0 
 0 
 0 
 0 
 0 
 0 
 0 
 0 
 0 
 0 
 0 
 0 
 0 
 0 
 0 
 0 
 0 
 0 
 0 
 0 
 0 
 0 
 0 
 0 
 0 
 0 
 0 
 0 
 0 
 0 
 0 
 0 
 0 
 0 
 0 
 0 
 0 
 0 
 0 
 0 
 0 
 0 
 0 
 0 
 0 
 0 
 0 
 0 
 0 
 0 
 0 
 0 
 0 
 0 
 0 
 0 
 0 
 0 
 0 
 0 
 0 
 0 
 0 
 0 
 0 
 0 
 0 
 0 
 0 
 0 
 0 
 0 
 0 
 0 
 0 
 0 
 0 
 0 
 0 
 0 
 0 
 0 
 0 
 0 
 1 
 0 
 0 
 0 
 0 
 0 
 0 
 0 
 0 
 0 
 0 
 0 
 0 
 0 
 0 
 0 
 0 
 0 
 0 
 0 
 0 
 0 
 0 
 0 
 0 
 0 
 0 
 0 
 0 
 0 
 0 
 0 
 0 
 0 
 0 
 0 
 0 
 0 
 0 
 0 
 0 
 0 
 0 
 0 
 0 
 0 
 0 
 0 
 0 
 0 
 0 
 0 
 0 
 0 
 0 
 0 
 0 
 0 
 0 
 0 
 0 
 0 
 0 
 0 
 0 
 0 
 0 
 0 
 0 
 0 
 0 
 0 
 0 
 0 
 0 
 0 
 0 
 0 
 0 
 0 
 0 
 0 
 0 
 0 
 0 
 0 
 0 
 0 
 0 
 0 
 0 
 0 
 0 
 0 
 0 
 0 
 0 
 0 
 0 
 1 
 0 
 0 
 0 
 0 
 0 
 0 
 0 
 0 
 0 
 0 
 0 
 0 
 0 
 0 
 0 
 0 
 0 
 0 
 0 
 0 
 0 
 0 
 0 
 0 
 0 
 0 
 0 
 0 
 0 
 0 
 0 
 1 
 0 
 0 
 0 
 0 
 0 
 0 
 0 
 0 
 0 
 0 
 0 
 1 
 0 
 0 
 0 
 0 
 0 
 0 
 0 
 0 
 0 
 0 
 0 
 0 
 0 
 0 
 0 
 0 
 0 
 0 
 0 
 0 
 0 
 0 
 0 
 0 
 0 
 0 
 0 
 0 
 0 
 0 
 0 
 0 
 0 
 0 
 0 
 0 
 0 
 0 
 0 
 0 
 0 
 0 
 0 
 0 
 0 
 0 
 0 
 0 
 1 
 0 
 0 
 0 
 0 
 0 
 0 
 0 
 0 
 0 
 0 
 0 
 0 
 0 
 0 
 0 
 0 
 0 
 0 
 0 
 0 
 0 
 0 
 0 
 0 
 0 
 0 
 0 
 0 
 0 
 0 
 0 
 0 
 0 
 0 
 0 
 0 
 0 
 0 
 0 
 0 
 0 
 0 
 0 
 0 
 0 
 0 
 0 
 0 
 0 
 0 
 0 
 0 
 0 
 0 
 0 
 0 
 0 
 0 
 0 
 0 
 0 
 0 
 0 
 0 
 0 
 0 
 0 
 0 
 0 
 0 
 0 
 0 
 0 
 0 
 0 
 0 
 0 
 0 
 0 
 0 
 0 
 0 
 0 
 0 
 0 
 0 
 0 
 0 
 0 
 0 
 0 
 0 
 0 
 0 
 0 
 0 
 0 
 0 
 0 
 0 
 0 
 0 
 0 
 0 
 0 
 0 
 0 
 0 
 0 
 0 
 0 
 0 
 0 
 0 
 0 
 0 
 0 
 0 
 0 
 0 
 0 
 0 
 0 
 0 
 0 
 0 
 0 
 0 
 0 
 0 
 0 
 0 
 0 
 0 
 0 
 0 
 0 
 0 
 0 
 0 
 0 
 0 
 0 
 0 
 0 
 0 
 0 
 0 
 0 
 0 
 0 
 0 
 0 
 0 
 0 
 0 
 0 
 0 
 0 
 0 
 0 
 0 
 0 
 0 
 0 
 0 
 0 
 0 
 0 
 0 
 0 
 0 
 0 
 0 
 0 
 0 
 0 
 0 
 0 
 0 
 0 
 0 
 0 
 0 
 0 
 0 
 0 
 0 
 0 
 0 
 0 
 0 
 0 
 0 
 0 
 0 
 0 
 0 
 0 
 0 
 0 
 0 
 0 
 0 
 0 
 0 
 0 
 0 
 0 
 0 
 0 
 0 
 0 
 0 
 0 
 0 
 0 
 0 
 0 
 0 
 0 
 0 
 0 
 0 
 0 
 0 
 0 
 0 
 0 
 0 
 0 
 0 
 0 
 0 
 0 
 0 
 0 
 0 
 0 
 0 
 0 
 0 
 0 
 0 
 0 
 0 
 0 
 0 
 0 
 0 
 0 
 0 
 0 
 0 
 0 
 0 
 0 
 0 
 0 
 0 
 0 
 0 
 0 
 0 
 0 
 0 
 0 
 0 
 0 
 0 
 0 
 0 
 0 
 0 
 0 
 0 
 0 
 0 
 0 
 0 
 0 
 0 
 0 
 0 
 0 
 0 
 0 
 0 
 0 
 0 
 0 
 0 
 0 
 0 
 0 
 0 
 0 
 0 
 0 
 0 
 0 
 0 
 0 
 0 
 0 
 0 
 0 
 0 
 0 
 0 
 0 
 0 
 0 
 0 
 0 
 0 
 0 
 0 
 0 
 0 
 0 
 0 
 0 
 0 
 0 
 0 
 0 
 0 
 0 
 0 
 0 
 0 
 0 
 0 
 0 
 0 
 0 
 0 
 0 
 0 
 0 
 0 
 0 
 0 
 0 
 0 
 0 
 0 
 0 
 0 
 0 
 0 
 0 
 0 
 0 
 0 
 0 
 0 
 0 
 0 
 0 
 0 
 0 
 0 
 0 
 0 
 0 
 0 
 0 
 0 
 0 
 0 
 0 
 0 
 0 
 0 
 0 
 0 
 0 
 0 
 0 
 0 
 0 
 0 
 0 
 0 
 0 
 0 
 0 
 0 
 0 
 0 
 0 
 0 
 0 
 0 
 0 
 0 
 0 
 0 
 0 
 0 
 0 
 0 
 0 
 0 
 0 
 0 
 0 
 0 
 0 
 0 
 0 
 0 
 0 
 0 
 0 
 0 
 0 
 0 
 0 
 0 
 0 
 0 
 0 
 0 
 0 
 0 
 0 
 0 
 0 
 0 
 0 
 0 
 0 
 0 
 0 
 0 
 0 
 0 
 0 
 0 
 0 
 0 
 0 
 0 
 0 
 0 
 0 
 0 
 0 
 0 
 0 
 0 
 0 
 0 
 0 
 0 
 0 
 0 
 0 
 0 
 0 
 0 
 0 
 0 
 0 
 0 
 0 
 0 
 0 
 0 
 0 
 0 
 0 
 0 
 0 
 0 
 0 
 0 
 0 
 0 
 0 
 0 
 0 
 0 
 0 
 0 
 0 
 0 
 0 
 0 
 0 
 0 
 0 
 0 
 0 
 0 
 0 
 0 
 0 
 0 
 0 
 0 
 0 
 0 
 0 
 0 
 0 
 0 
 0 
 0 
 0 
 0 
 0 
 0 
 0 
 0 
 0 
 0 
 0 
 0 
 0 
 0 
 0 
 0 
 0 
 0 
 0 
 0 
 0 
 0 
 0 
 0 
 0 
 0 
 0 
 0 
 0 
 0 
 0 
 0 
 0 
 0 
 0 
 0 
 0 
 0 
 0 
 0 
 0 
 0 
 0 
 0 
 0 
 0 
 0 
 0 
 0 
 0 
 0 
 0 
 0 
 0 
 0 
 0 
 0 
 0 
 0 
 0 
 0 
 0 
 0 
 0 
 0 
 0 
 0 
 0 
 0 
 0 
 0 
 0 
 0 
 0 
 0 
 0 
 0 
 0 
 0 
 0 
 0 
 0 
 0 
 0 
 0 
 0 
 0 
 0 
 0 
 0 
 0 
 0 
 0 
 0 
 0 
 0 
 0 
 0 
 0 
 0 
 0 
 0 
 0 
 0 
 0 
 0 
 0 
 0 
 0 
 0 
 0 
 0 
 0 
 0 
 0 
 0 
 0 
 0 
 0 
 0 
 0 
 0 
 0 
 0 
 0 
 0 
 0 
 0 
 0 
 0 
 0 
 0 
 0 
 0 
 0 
 0 
 0 
 0 
 0 
 0 
 0 
 0 
 0 
 0 
 0 
 0 
 0 
 0 
 0 
 0 
 0 
 0 
 0 
 0 
 0 
 0 
 0 
 0 
 0 
 0 
 0 
 0 
 0 
 0 
 0 
