 0 
 0 
 0 
 1 
 0 
 0 
 0 
 0 
 0 
 0 
 0 
 0 
 1 
 1 
 0 
 0 
 0 
 0 
 1 
 2 
 0 
 1 
 0 
 2 
 3 
 5 
 8 
 5 
 8 
 20 
 12 
 23 
 28 
 23 
 48 
 60 
 58 
 57 
 61 
 78 
 74 
 79 
 85 
 90 
 80 
 82 
 89 
 101 
 107 
 118 
 95 
 108 
 104 
 117 
 110 
 117 
 106 
 122 
 116 
 111 
 121 
 111 
 102 
 118 
 112 
 126 
 120 
 117 
 107 
 114 
 112 
 113 
 126 
 121 
 143 
 135 
 134 
 143 
 144 
 134 
 138 
 147 
 149 
 184 
 176 
 194 
 205 
 212 
 247 
 238 
 272 
 276 
 326 
 294 
 289 
 293 
 289 
 287 
 277 
 315 
 250 
 281 
 270 
 274 
 236 
 244 
 217 
 224 
 215 
 214 
 193 
 197 
 199 
 170 
 180 
 167 
 187 
 190 
 157 
 167 
 155 
 155 
 144 
 151 
 153 
 140 
 126 
 148 
 140 
 158 
 138 
 141 
 127 
 140 
 157 
 168 
 147 
 146 
 140 
 134 
 150 
 139 
 159 
 161 
 162 
 136 
 156 
 150 
 160 
 165 
 131 
 154 
 136 
 143 
 143 
 135 
 177 
 134 
 151 
 135 
 168 
 140 
 147 
 157 
 151 
 140 
 133 
 138 
 140 
 136 
 137 
 172 
 174 
 133 
 148 
 156 
 124 
 156 
 150 
 144 
 140 
 143 
 165 
 149 
 152 
 151 
 179 
 164 
 133 
 145 
 155 
 163 
 162 
 186 
 174 
 155 
 142 
 154 
 171 
 164 
 177 
 176 
 179 
 159 
 179 
 184 
 186 
 187 
 179 
 167 
 199 
 193 
 170 
 167 
 189 
 204 
 191 
 137 
 179 
 152 
 187 
 196 
 163 
 167 
 177 
 161 
 153 
 177 
 169 
 183 
 176 
 155 
 172 
 172 
 179 
 171 
 177 
 175 
 181 
 161 
 154 
 157 
 151 
 167 
 178 
 158 
 164 
 187 
 166 
 156 
 142 
 164 
 157 
 173 
 180 
 151 
 155 
 146 
 139 
 170 
 179 
 171 
 131 
 181 
 154 
 146 
 161 
 186 
 156 
 164 
 151 
 166 
 133 
 137 
 171 
 147 
 132 
 132 
 143 
 141 
 131 
 141 
 150 
 141 
 145 
 140 
 155 
 137 
 145 
 153 
 123 
 143 
 135 
 139 
 146 
 149 
 123 
 131 
 117 
 138 
 125 
 156 
 123 
 109 
 143 
 117 
 126 
 108 
 136 
 115 
 114 
 117 
 127 
 125 
 113 
 122 
 126 
 120 
 116 
 131 
 125 
 125 
 112 
 101 
 129 
 91 
 111 
 114 
 119 
 109 
 118 
 116 
 123 
 139 
 120 
 129 
 102 
 106 
 111 
 101 
 123 
 107 
 106 
 109 
 112 
 115 
 113 
 101 
 110 
 111 
 105 
 117 
 111 
 109 
 112 
 113 
 105 
 113 
 105 
 100 
 93 
 94 
 99 
 89 
 90 
 88 
 82 
 106 
 98 
 77 
 92 
 104 
 96 
 84 
 91 
 77 
 88 
 83 
 84 
 91 
 72 
 80 
 86 
 81 
 83 
 69 
 97 
 93 
 88 
 66 
 91 
 79 
 69 
 62 
 64 
 68 
 62 
 61 
 80 
 68 
 81 
 56 
 65 
 59 
 59 
 67 
 53 
 55 
 69 
 65 
 70 
 61 
 63 
 60 
 51 
 59 
 56 
 58 
 67 
 65 
 59 
 58 
 84 
 50 
 57 
 67 
 52 
 58 
 46 
 49 
 56 
 52 
 61 
 78 
 53 
 56 
 68 
 52 
 57 
 50 
 58 
 49 
 60 
 46 
 42 
 59 
 60 
 59 
 60 
 54 
 49 
 57 
 44 
 54 
 60 
 49 
 60 
 53 
 50 
 43 
 57 
 58 
 70 
 38 
 48 
 60 
 54 
 69 
 51 
 52 
 44 
 48 
 47 
 52 
 46 
 59 
 57 
 45 
 62 
 50 
 56 
 53 
 66 
 56 
 51 
 65 
 64 
 64 
 37 
 44 
 64 
 48 
 63 
 55 
 58 
 50 
 54 
 54 
 49 
 48 
 49 
 52 
 55 
 64 
 39 
 53 
 58 
 54 
 61 
 59 
 53 
 67 
 74 
 64 
 67 
 55 
 63 
 59 
 74 
 65 
 62 
 65 
 76 
 74 
 55 
 56 
 62 
 57 
 68 
 60 
 77 
 78 
 67 
 64 
 51 
 57 
 75 
 63 
 94 
 83 
 69 
 93 
 87 
 88 
 84 
 97 
 105 
 102 
 119 
 137 
 145 
 131 
 161 
 151 
 167 
 165 
 186 
 181 
 177 
 215 
 215 
 199 
 233 
 225 
 273 
 267 
 275 
 296 
 292 
 290 
 330 
 320 
 327 
 351 
 376 
 363 
 363 
 369 
 401 
 363 
 374 
 401 
 413 
 416 
 428 
 410 
 433 
 389 
 380 
 371 
 355 
 380 
 390 
 363 
 351 
 330 
 352 
 320 
 331 
 298 
 305 
 260 
 296 
 279 
 246 
 235 
 245 
 222 
 196 
 198 
 193 
 188 
 165 
 150 
 135 
 144 
 149 
 108 
 110 
 112 
 92 
 82 
 82 
 79 
 57 
 60 
 62 
 61 
 42 
 48 
 44 
 30 
 56 
 28 
 38 
 39 
 27 
 31 
 25 
 24 
 26 
 19 
 27 
 23 
 33 
 15 
 21 
 18 
 17 
 18 
 14 
 22 
 12 
 22 
 16 
 13 
 19 
 21 
 22 
 22 
 17 
 14 
 24 
 15 
 20 
 12 
 19 
 19 
 23 
 15 
 11 
 14 
 15 
 16 
 21 
 13 
 22 
 18 
 19 
 22 
 14 
 10 
 19 
 12 
 16 
 19 
 23 
 10 
 14 
 11 
 17 
 15 
 14 
 14 
 18 
 19 
 11 
 17 
 8 
 18 
 18 
 19 
 15 
 14 
 16 
 16 
 12 
 14 
 20 
 13 
 19 
 18 
 17 
 9 
 20 
 23 
 11 
 12 
 18 
 11 
 21 
 13 
 16 
 17 
 17 
 17 
 15 
 14 
 12 
 18 
 12 
 16 
 16 
 10 
 8 
 19 
 13 
 15 
 8 
 17 
 16 
 8 
 21 
 19 
 22 
 14 
 16 
 11 
 26 
 14 
 17 
 13 
 23 
 17 
 22 
 14 
 16 
 17 
 22 
 23 
 16 
 16 
 11 
 11 
 13 
 20 
 22 
 17 
 18 
 13 
 14 
 14 
 11 
 18 
 27 
 17 
 13 
 18 
 11 
 16 
 18 
 21 
 19 
 19 
 16 
 10 
 10 
 11 
 16 
 21 
 18 
 14 
 12 
 10 
 14 
 21 
 12 
 25 
 13 
 9 
 17 
 22 
 13 
 14 
 14 
 15 
 18 
 14 
 20 
 12 
 16 
 21 
 16 
 14 
 13 
 10 
 15 
 13 
 11 
 21 
 19 
 21 
 14 
 20 
 19 
 12 
 12 
 11 
 17 
 17 
 12 
 12 
 18 
 13 
 12 
 17 
 21 
 11 
 12 
 12 
 11 
 14 
 14 
 14 
 16 
 9 
 22 
 11 
 20 
 12 
 17 
 21 
 15 
 12 
 18 
 13 
 29 
 17 
 14 
 12 
 20 
 23 
 14 
 17 
 15 
 21 
 16 
 12 
 17 
 16 
 13 
 18 
 19 
 15 
 15 
 16 
 13 
 10 
 8 
 20 
 16 
 23 
 14 
 16 
 14 
 19 
 14 
 17 
 14 
 22 
 16 
 12 
 21 
 18 
 15 
 11 
 17 
 16 
 15 
 16 
 16 
 13 
 22 
 16 
 19 
 17 
 16 
 20 
 13 
 17 
 21 
 13 
 22 
 27 
 22 
 16 
 12 
 17 
 14 
 15 
 11 
 16 
 17 
 20 
 27 
 7 
 15 
 11 
 11 
 17 
 27 
 8 
 14 
 15 
 18 
 22 
 14 
 13 
 17 
 18 
 9 
 21 
 16 
 17 
 16 
 11 
 13 
 15 
 14 
 20 
 20 
 18 
 21 
 22 
 14 
 10 
 16 
 12 
 15 
 21 
 19 
 16 
 20 
 13 
 8 
 24 
 13 
 15 
 21 
 11 
 12 
 19 
 24 
 8 
 21 
 15 
 11 
 19 
 16 
 15 
 17 
 13 
 23 
 22 
 16 
 23 
 20 
 22 
 13 
 16 
 18 
 13 
 20 
 23 
 19 
 15 
 25 
 21 
 17 
 18 
 15 
 21 
 18 
 13 
 15 
 12 
 14 
 10 
 19 
 19 
 20 
 16 
 15 
 22 
 16 
 16 
 22 
 12 
 16 
 12 
 12 
 12 
 18 
 9 
 14 
 20 
 21 
 26 
 21 
 16 
 17 
 14 
 17 
 21 
 22 
 17 
 20 
 13 
 20 
 15 
 22 
 17 
 20 
 18 
 20 
 15 
 19 
 15 
 11 
 17 
 25 
 33 
 16 
 14 
 13 
 23 
 22 
 24 
 23 
 26 
 16 
 11 
 18 
 26 
 19 
 17 
 18 
 19 
 24 
 13 
 18 
 20 
 22 
 9 
 27 
 24 
 21 
 26 
 20 
 13 
 19 
 18 
 19 
 23 
 28 
 24 
 18 
 21 
 20 
 14 
 20 
 16 
 20 
 21 
 30 
 25 
 25 
 17 
 18 
 27 
 24 
 31 
 24 
 14 
 18 
 26 
 16 
 27 
 16 
 19 
 24 
 15 
 14 
 14 
 23 
 15 
 13 
 19 
 25 
 23 
 18 
 26 
 18 
 17 
 19 
 16 
 16 
 16 
 17 
 26 
 17 
 16 
 21 
 25 
 19 
 26 
 15 
 18 
 16 
 14 
 12 
 21 
 17 
 14 
 11 
 13 
 16 
 11 
 23 
 12 
 12 
 19 
 13 
 12 
 14 
 15 
 17 
 15 
 6 
 11 
 12 
 14 
 18 
 8 
 12 
 15 
 15 
 9 
 13 
 14 
 10 
 11 
 10 
 12 
 11 
 12 
 9 
 7 
 10 
 11 
 21 
 5 
 12 
 10 
 14 
 14 
 11 
 9 
 8 
 19 
 9 
 9 
 7 
 6 
 8 
 9 
 5 
 6 
 7 
 12 
 3 
 5 
 7 
 7 
 5 
 4 
 10 
 3 
 4 
 11 
 8 
 9 
 5 
 6 
 7 
 12 
 8 
 7 
 3 
 5 
 6 
 5 
 4 
 9 
 3 
 5 
 2 
 2 
 9 
 5 
 5 
 11 
 7 
 5 
 7 
 2 
 5 
 4 
 6 
 5 
 4 
 4 
 6 
 6 
 7 
 4 
 9 
 6 
 4 
 1 
 9 
 6 
 6 
 5 
 3 
 5 
 4 
 8 
 6 
 4 
 4 
 6 
 3 
 0 
 3 
 1 
 5 
 2 
 5 
 1 
 4 
 5 
 5 
 4 
 4 
 1 
 3 
 5 
 4 
 3 
 3 
 6 
 2 
 6 
 4 
 3 
 2 
 8 
 3 
 4 
 3 
 5 
 2 
 2 
 4 
 4 
 11 
 4 
 6 
 4 
 7 
 2 
 5 
 1 
 5 
 2 
 3 
 5 
 5 
 6 
 2 
 5 
 5 
 6 
 4 
 2 
 4 
 5 
 1 
 7 
 2 
 5 
 0 
 2 
 2 
 5 
 4 
 1 
 3 
 5 
 5 
 7 
 8 
 2 
 3 
 4 
 3 
 3 
 3 
 8 
 4 
 8 
 1 
 7 
 10 
 5 
 7 
 11 
 9 
 11 
 5 
 7 
 7 
 5 
 9 
 7 
 10 
 14 
 19 
 14 
 20 
 10 
 16 
 7 
 13 
 17 
 14 
 13 
 22 
 17 
 26 
 17 
 17 
 27 
 14 
 27 
 23 
 29 
 30 
 18 
 24 
 28 
 28 
 30 
 28 
 29 
 29 
 44 
 43 
 37 
 42 
 41 
 35 
 51 
 51 
 42 
 32 
 36 
 50 
 55 
 51 
 60 
 43 
 55 
 29 
 57 
 53 
 64 
 45 
 59 
 49 
 38 
 51 
 50 
 53 
 66 
 59 
 61 
 47 
 53 
 51 
 68 
 87 
 58 
 53 
 65 
 43 
 49 
 69 
 44 
 56 
 67 
 54 
 65 
 54 
 46 
 55 
 46 
 55 
 53 
 48 
 34 
 44 
 45 
 36 
 37 
 38 
 50 
 30 
 31 
 38 
 37 
 41 
 30 
 32 
 46 
 42 
 26 
 28 
 34 
 22 
 22 
 22 
 28 
 30 
 32 
 20 
 23 
 27 
 9 
 23 
 28 
 12 
 24 
 23 
 10 
 17 
 8 
 14 
 12 
 18 
 5 
 11 
 16 
 13 
 10 
 9 
 9 
 15 
 9 
 9 
 5 
 8 
 3 
 6 
 10 
 9 
 5 
 5 
 2 
 2 
 5 
 4 
 5 
 2 
 5 
 7 
 4 
 4 
 2 
 4 
 8 
 2 
 4 
 4 
 2 
 2 
 1 
 3 
 2 
 0 
 4 
 1 
 2 
 3 
 3 
 0 
 1 
 0 
 0 
 0 
 1 
 0 
 1 
 0 
 0 
 0 
 0 
 2 
 2 
 0 
 2 
 3 
 3 
 2 
 0 
 2 
 1 
 0 
 0 
 0 
 0 
 1 
 1 
 0 
 0 
 1 
 0 
 1 
 0 
 1 
 0 
 1 
 1 
 0 
 0 
 0 
 0 
 0 
 0 
 0 
 0 
 1 
 1 
 1 
 0 
 1 
 2 
 1 
 1 
 0 
 0 
 0 
 0 
 2 
 0 
 0 
 0 
 2 
 1 
 0 
 0 
 0 
 0 
 0 
 2 
 0 
 1 
 0 
 2 
 1 
 0 
 0 
 0 
 1 
 0 
 1 
 0 
 0 
 0 
 0 
 0 
 1 
 0 
 0 
 0 
 0 
 1 
 0 
 0 
 0 
 0 
 1 
 0 
 0 
 2 
 1 
 0 
 1 
 0 
 0 
 0 
 0 
 2 
 1 
 1 
 0 
 0 
 0 
 0 
 0 
 0 
 0 
 0 
 0 
 0 
 1 
 2 
 0 
 0 
 0 
 1 
 1 
 2 
 1 
 0 
 1 
 0 
 0 
 1 
 0 
 0 
 0 
 0 
 1 
 0 
 0 
 1 
 0 
 1 
 0 
 1 
 0 
 1 
 0 
 0 
 1 
 0 
 0 
 0 
 0 
 1 
 1 
 1 
 1 
 1 
 0 
 0 
 0 
 2 
 0 
 0 
 0 
 1 
 0 
 0 
 1 
 0 
 0 
 2 
 0 
 1 
 1 
 0 
 0 
 2 
 0 
 1 
 1 
 0 
 0 
 0 
 0 
 1 
 0 
 0 
 0 
 0 
 0 
 0 
 0 
 0 
 0 
 0 
 0 
 0 
 0 
 0 
 1 
 0 
 1 
 0 
 0 
 1 
 1 
 0 
 0 
 1 
 0 
 0 
 1 
 0 
 0 
 0 
 0 
 0 
 1 
 0 
 0 
 0 
 0 
 0 
 0 
 0 
 0 
 0 
 0 
 0 
 0 
 0 
 1 
 0 
 0 
 0 
 1 
 1 
 0 
 0 
 0 
 0 
 0 
 0 
 0 
 0 
 0 
 0 
 0 
 0 
 0 
 0 
 0 
 0 
 0 
 0 
 0 
 0 
 0 
 0 
 0 
 0 
 0 
 0 
 0 
 1 
 1 
 0 
 0 
 0 
 1 
 0 
 0 
 0 
 0 
 0 
 0 
 0 
 0 
 0 
 0 
 0 
 0 
 0 
 0 
 0 
 0 
 1 
 0 
 0 
 0 
 0 
 0 
 0 
 0 
 0 
 0 
 0 
 0 
 0 
 0 
 1 
 0 
 0 
 0 
 0 
 0 
 0 
 0 
 1 
 0 
 0 
 0 
 0 
 0 
 0 
 0 
 1 
 1 
 0 
 0 
 0 
 0 
 0 
 0 
 0 
 0 
 0 
 0 
 0 
 0 
 0 
 0 
 0 
 0 
 0 
 0 
 0 
 0 
 0 
 0 
 0 
 0 
 1 
 0 
 0 
 0 
 0 
 0 
 0 
 0 
 0 
 0 
 0 
 1 
 1 
 0 
 0 
 0 
 0 
 0 
 1 
 0 
 0 
 0 
 1 
 0 
 0 
 0 
 0 
 0 
 0 
 0 
 0 
 0 
 0 
 0 
 0 
 0 
 0 
 1 
 2 
 0 
 0 
 0 
 1 
 0 
 0 
 1 
 2 
 0 
 0 
 1 
 0 
 0 
 0 
 0 
 0 
 0 
 0 
 0 
 0 
 0 
 0 
 1 
 0 
 0 
 0 
 1 
 0 
 0 
 0 
 0 
 0 
 0 
 1 
 0 
 0 
 0 
 0 
 0 
 0 
 0 
 1 
 0 
 0 
 0 
 0 
 0 
 2 
 0 
 0 
 1 
 0 
 0 
 0 
 0 
 1 
 0 
 0 
 0 
 1 
 0 
 0 
 0 
 1 
 2 
 1 
 0 
 0 
 1 
 0 
 0 
 1 
 0 
 0 
 1 
 0 
 0 
 0 
 1 
 0 
 0 
 0 
 0 
 1 
 0 
 0 
 0 
 0 
 0 
 1 
 3 
 2 
 0 
 1 
 0 
 0 
 1 
 0 
 0 
 0 
 0 
 1 
 0 
 1 
 0 
 1 
 0 
 0 
 0 
 0 
 0 
 0 
 0 
 1 
 0 
 0 
 0 
 1 
 1 
 1 
 1 
 0 
 0 
 0 
 0 
 0 
 1 
 1 
 1 
 0 
 0 
 0 
 1 
 0 
 1 
 0 
 1 
 0 
 0 
 0 
 1 
 0 
 0 
 0 
 0 
 0 
 0 
 0 
 0 
 0 
 0 
 0 
 0 
 1 
 0 
 0 
 1 
 0 
 1 
 0 
 0 
 0 
 0 
 0 
 0 
 1 
 0 
 0 
 0 
 0 
 0 
 0 
 0 
 0 
 0 
 0 
 0 
 0 
 0 
 0 
 0 
 0 
 0 
 0 
 0 
 0 
 0 
 0 
 0 
 0 
 0 
 0 
 0 
 0 
 0 
 0 
 0 
 0 
 0 
 0 
 0 
 0 
 0 
 0 
 0 
 0 
 0 
 0 
 0 
 0 
 0 
 0 
 0 
 0 
 0 
 0 
 0 
 0 
 0 
 0 
 0 
 0 
 0 
 0 
 0 
 0 
 0 
 0 
 0 
 0 
 0 
 0 
 0 
 1 
 0 
 0 
 0 
 0 
 0 
 0 
 0 
 0 
 0 
 0 
 0 
 0 
 0 
 0 
 0 
 0 
 0 
 0 
 0 
 0 
 0 
 0 
 0 
 0 
 0 
 0 
 0 
 0 
 0 
 0 
 0 
 0 
 0 
 0 
 0 
 0 
 0 
 0 
 1 
 0 
 0 
 0 
 0 
 0 
 0 
 0 
 0 
 0 
 0 
 0 
 0 
 0 
 0 
 0 
 0 
 0 
 0 
 0 
 0 
 0 
 0 
 0 
 0 
 0 
 0 
 0 
 0 
 0 
 0 
 0 
 0 
 0 
 0 
 0 
 0 
 0 
 0 
 0 
 0 
 0 
 0 
 0 
 0 
 0 
 0 
 0 
 0 
 0 
 0 
 0 
 0 
 0 
 0 
 0 
 0 
 0 
 0 
 0 
 0 
 0 
 0 
 0 
 0 
 0 
 0 
 0 
 0 
 0 
 0 
 0 
 0 
 0 
 0 
 0 
 0 
 0 
 0 
 0 
 0 
 0 
 0 
 0 
 0 
 0 
 0 
 0 
 0 
 0 
 0 
 0 
 0 
 0 
 0 
 0 
 0 
 0 
 0 
 0 
 0 
 0 
 0 
 0 
 0 
 0 
 0 
 0 
 0 
 0 
 0 
 0 
 0 
 0 
 0 
 0 
 0 
 0 
 0 
 0 
 0 
 0 
 0 
 0 
 0 
 0 
 0 
 0 
 0 
 0 
 0 
 0 
 0 
 0 
 0 
 0 
 0 
 1 
 0 
 0 
 0 
 0 
 0 
 0 
 0 
 0 
 0 
 0 
 1 
 0 
 0 
 0 
 0 
 0 
 0 
 0 
 0 
 0 
 0 
 0 
 0 
 0 
 0 
 0 
 0 
 0 
 0 
 0 
 0 
 0 
 0 
 0 
 0 
 0 
 0 
 1 
 0 
 0 
 0 
 0 
 0 
 0 
 0 
 0 
 0 
 1 
 0 
 0 
 0 
 0 
 0 
 0 
 0 
 0 
 0 
 0 
 0 
 0 
 0 
 0 
 0 
 0 
 0 
 0 
 0 
 0 
 0 
 1 
 0 
 0 
 0 
 0 
 0 
 0 
 0 
 0 
 0 
 0 
 0 
 0 
 0 
 0 
 0 
 0 
 0 
 0 
 0 
 1 
 0 
 0 
 1 
 0 
 0 
 0 
 0 
 0 
 0 
 0 
 0 
 0 
 0 
 0 
 0 
 0 
 1 
 0 
 0 
 0 
 0 
 0 
 0 
 0 
 0 
 0 
 0 
 0 
 1 
 0 
 0 
 0 
 0 
 0 
 0 
 1 
 0 
 0 
 0 
 0 
 0 
 0 
 0 
 0 
 0 
 0 
 0 
 0 
 1 
 0 
 0 
 0 
 0 
 0 
 0 
 0 
 0 
 0 
 0 
 0 
 0 
 0 
 0 
 0 
 0 
 1 
 0 
 0 
 0 
 0 
 0 
 0 
 0 
 0 
 0 
 0 
 0 
 0 
 0 
 0 
 0 
 0 
 0 
 0 
 0 
 0 
 0 
 0 
 0 
 0 
 0 
 0 
 0 
 1 
 0 
 0 
 0 
 0 
 0 
 0 
 0 
 0 
 0 
 0 
 0 
 0 
 0 
 0 
 0 
 0 
 0 
 1 
 0 
 0 
 0 
 0 
 0 
 0 
 0 
 0 
 0 
 0 
 0 
 0 
 0 
 0 
 0 
 0 
 0 
 1 
 0 
 0 
 0 
 0 
 0 
 1 
 0 
 0 
 0 
 0 
 0 
 0 
 0 
 0 
 0 
 0 
 0 
 0 
 0 
 0 
 0 
 0 
 0 
 0 
 0 
 0 
 0 
 0 
 0 
 0 
 0 
 0 
 0 
 0 
 0 
 0 
 0 
 0 
 0 
 0 
 0 
 0 
 0 
 0 
 0 
 0 
 0 
 0 
 0 
 0 
 0 
 0 
 0 
 0 
 0 
 0 
 0 
 0 
 0 
 0 
 0 
 0 
 0 
 0 
 0 
 0 
 0 
 0 
 0 
 0 
 0 
 0 
 0 
 0 
 0 
 0 
 0 
 0 
 0 
 0 
 0 
 0 
 0 
 0 
 0 
 0 
 0 
 0 
 0 
 0 
 0 
 0 
 0 
 0 
 0 
 0 
 0 
 0 
 0 
 0 
 0 
 0 
 0 
 0 
 0 
 0 
 0 
 0 
 0 
 0 
 0 
 0 
 0 
 0 
 0 
 0 
 0 
 0 
 0 
 0 
 0 
 0 
 0 
 0 
 0 
 0 
 0 
 0 
 0 
 0 
 0 
 0 
 0 
 0 
 0 
 0 
 0 
 0 
 0 
 0 
 0 
 0 
 0 
 0 
 0 
 0 
 0 
 0 
 0 
 0 
 0 
 0 
 0 
 0 
 0 
 0 
 0 
 0 
 0 
 0 
 0 
 0 
 0 
 0 
 0 
 1 
 0 
 0 
 0 
 0 
 0 
 0 
 0 
 0 
 0 
 0 
 0 
 0 
 0 
 0 
 0 
 0 
 0 
 0 
 0 
 0 
 0 
 0 
 0 
 0 
 0 
 0 
 0 
 0 
 0 
 0 
 0 
 0 
 0 
 0 
 0 
 0 
 0 
 0 
 0 
 0 
 0 
 0 
 0 
 0 
 0 
 0 
 0 
 0 
 0 
 0 
 0 
 0 
 0 
 0 
 0 
 0 
 0 
 0 
 0 
 0 
 1 
 0 
 0 
 0 
 0 
 0 
 0 
 0 
 0 
 0 
 0 
 0 
 0 
 0 
 0 
 0 
 0 
 0 
 0 
 0 
 0 
 0 
 0 
 0 
 0 
 0 
 0 
 0 
 0 
 0 
 0 
 0 
 0 
 0 
 0 
 0 
 0 
 0 
 0 
 0 
 1 
 0 
 0 
 0 
 0 
 0 
 0 
 0 
 0 
 0 
 0 
 0 
 0 
 0 
 0 
 0 
 0 
 0 
 0 
 0 
 0 
 0 
 0 
 0 
 0 
 0 
 0 
 0 
 0 
 0 
 0 
 0 
 0 
 0 
 0 
 0 
 0 
 0 
 0 
 0 
 0 
 0 
 0 
 0 
 0 
 0 
 0 
 0 
 0 
 0 
 0 
 0 
 0 
 0 
 0 
 0 
 0 
 0 
 0 
 0 
 0 
 0 
 0 
 0 
 0 
 0 
 0 
 0 
 0 
 0 
 0 
 0 
 0 
 0 
 0 
 0 
 0 
 0 
 0 
 0 
 0 
 0 
 0 
 0 
 0 
 0 
 0 
 0 
 0 
 0 
 0 
 0 
 0 
 0 
 0 
 0 
 0 
 0 
 0 
 0 
 0 
 0 
 0 
 0 
 0 
 0 
 0 
 0 
 0 
 0 
 0 
 0 
 0 
 0 
 0 
 0 
 0 
 0 
 0 
 0 
 0 
 0 
 0 
 0 
 0 
 0 
 0 
 0 
 0 
 0 
 0 
 0 
 0 
 0 
 0 
 0 
 0 
 0 
 0 
 0 
 0 
 0 
 0 
 0 
 0 
 2 
 0 
 0 
 0 
 0 
 0 
 0 
 0 
 0 
 0 
 1 
 0 
 0 
 0 
 0 
 0 
 0 
 0 
 0 
 0 
 0 
 0 
 0 
 0 
 0 
 0 
 0 
 0 
 0 
 0 
 0 
 0 
 0 
 0 
 0 
 0 
 0 
 0 
 0 
 0 
 0 
 0 
 0 
 0 
 0 
 0 
 0 
 0 
 0 
 0 
 0 
 0 
 0 
 0 
 0 
 0 
 0 
 0 
 0 
 0 
 0 
 0 
 0 
 0 
 0 
 0 
 0 
 0 
 0 
 0 
 0 
 0 
 0 
 0 
 0 
 0 
 0 
 0 
 0 
 0 
 0 
 0 
 0 
 0 
 0 
 0 
 0 
 0 
 0 
 0 
 0 
 0 
 0 
 0 
 0 
 0 
 0 
 0 
 0 
 0 
 0 
 0 
 0 
 0 
 0 
 0 
 0 
 0 
 0 
 0 
 0 
 0 
 0 
 0 
 0 
 0 
 0 
 0 
 0 
 0 
 0 
 0 
 0 
 0 
 0 
 0 
 0 
 0 
 0 
 0 
 0 
 0 
 0 
 0 
 0 
 0 
 0 
 0 
 0 
 0 
 0 
 0 
 0 
 0 
 0 
 0 
 0 
 0 
 0 
 0 
 0 
 0 
 0 
 0 
 0 
 0 
 0 
 0 
 0 
 0 
 0 
 0 
 0 
 0 
 0 
 0 
 0 
 0 
 0 
 0 
 0 
 0 
 0 
 0 
 0 
 0 
 0 
 0 
 0 
 0 
 0 
 0 
 0 
 0 
 0 
 0 
 0 
 0 
 0 
 0 
 0 
 0 
 0 
 0 
 0 
 0 
 0 
 0 
 0 
 0 
 0 
 0 
 0 
 0 
 0 
 0 
 0 
 0 
 0 
 0 
 0 
 0 
 0 
 0 
 0 
 0 
 0 
 0 
 0 
 0 
 0 
 0 
 0 
 0 
 0 
 0 
 0 
 0 
 0 
 0 
 0 
 0 
 0 
 0 
 0 
 0 
 0 
 0 
 0 
 0 
 0 
 0 
 0 
 0 
 0 
 0 
 0 
 0 
 0 
 0 
 0 
 0 
 0 
 0 
 0 
 0 
 0 
 0 
 0 
 0 
 0 
 0 
 0 
 0 
 0 
 0 
 0 
 0 
 0 
 0 
 0 
 0 
 0 
 0 
 0 
 0 
 0 
 0 
 0 
 0 
 0 
 0 
 0 
 0 
 0 
 0 
 0 
 0 
 0 
 0 
 0 
 0 
 0 
 0 
 0 
 0 
 0 
 0 
 0 
 0 
 0 
 0 
 0 
 0 
 0 
 0 
 0 
 0 
 0 
 0 
 0 
 0 
 0 
 0 
 0 
 0 
 0 
 0 
 0 
 0 
 0 
 0 
 0 
 0 
 0 
 0 
 0 
 0 
 0 
 0 
 0 
 0 
 0 
 0 
 0 
 0 
 0 
 0 
 0 
 0 
 0 
 0 
 0 
 0 
 0 
 0 
 0 
 0 
 0 
 0 
 0 
 0 
 0 
 0 
 0 
 0 
 0 
 0 
 0 
 0 
 0 
 0 
 0 
 0 
 1 
 0 
 0 
 0 
 0 
 0 
 0 
 0 
 0 
 0 
 0 
 0 
 0 
 0 
 0 
 0 
 0 
 0 
 0 
 0 
 0 
 0 
 0 
 0 
 0 
 0 
 0 
 0 
 0 
 0 
 0 
 0 
 0 
 0 
 0 
 0 
 0 
 0 
 0 
 0 
 0 
 0 
 0 
 0 
 0 
 0 
 0 
 0 
 0 
 0 
 0 
 0 
 0 
 0 
 0 
 0 
 0 
 0 
 0 
 0 
 0 
 0 
 0 
 0 
 0 
 0 
 0 
 0 
 0 
 0 
 0 
 0 
 0 
 0 
 0 
 1 
 0 
 0 
 0 
 0 
 0 
 0 
 0 
 0 
 0 
 0 
 0 
 0 
 0 
 0 
 0 
 0 
 0 
 0 
 0 
 0 
 0 
 0 
 0 
 0 
 0 
 0 
 0 
 0 
 0 
 0 
 0 
 0 
 0 
 0 
 0 
 0 
 0 
 1 
 0 
 0 
 0 
 0 
 0 
 0 
 0 
 0 
 0 
 0 
 0 
 0 
 0 
 0 
 0 
 0 
 0 
 0 
 0 
 0 
 0 
 0 
 0 
 0 
 0 
 0 
 0 
 0 
 0 
 0 
 0 
 0 
 0 
 0 
 0 
 0 
 0 
 0 
 0 
 0 
 0 
 0 
 0 
 0 
 0 
 0 
 0 
 0 
 0 
 0 
 0 
 0 
 0 
 0 
 0 
 0 
 0 
 0 
 0 
 0 
 0 
 0 
 0 
 0 
 0 
 0 
 0 
 0 
 0 
 0 
 0 
 0 
 1 
 0 
 0 
 0 
 0 
 0 
 0 
 0 
 0 
 0 
 0 
 0 
 0 
 0 
 0 
 0 
 0 
 0 
 0 
 0 
 0 
 0 
 0 
 0 
 0 
 0 
 0 
 0 
 0 
 0 
 0 
 0 
 0 
 0 
 0 
 0 
 0 
 0 
 0 
 0 
 0 
 0 
 0 
 0 
 0 
 0 
 0 
 0 
 0 
 0 
 0 
 0 
 0 
 0 
 0 
 0 
 0 
 0 
 0 
 0 
 0 
 0 
 0 
 0 
 0 
 0 
 0 
 0 
 0 
 0 
 0 
 0 
 0 
 0 
 0 
 0 
 0 
 0 
 0 
 0 
 0 
 0 
 0 
 0 
 0 
 0 
 0 
 0 
 0 
 0 
 0 
 0 
 0 
 0 
 0 
 0 
 0 
 0 
 0 
 0 
 0 
 0 
 0 
 0 
 0 
 0 
 0 
 0 
 0 
 0 
 0 
 0 
 0 
 0 
 0 
 0 
 0 
 0 
 0 
 0 
 0 
 0 
 0 
 0 
 0 
 0 
 0 
 0 
 0 
 0 
 0 
 0 
 0 
 0 
 0 
 0 
 0 
 0 
 0 
 0 
 0 
 0 
 0 
 0 
 0 
 0 
 0 
 0 
 0 
 0 
 0 
 0 
 0 
 0 
 0 
 0 
 0 
 0 
 0 
 0 
 0 
 0 
 0 
 0 
 0 
 0 
 0 
 0 
 0 
 0 
 0 
 0 
 0 
 0 
 0 
 0 
 0 
 0 
 0 
 0 
 0 
 0 
 0 
 0 
 0 
 0 
 0 
 0 
 0 
 0 
 0 
 0 
 0 
 0 
 0 
 0 
 0 
 0 
 0 
 0 
 0 
 0 
 0 
 0 
 0 
 0 
 0 
 0 
 0 
 0 
 0 
 0 
 0 
 0 
 0 
 0 
 0 
 0 
 0 
 0 
 0 
 0 
 0 
 0 
 0 
 0 
 0 
 0 
 0 
 0 
 0 
 0 
 0 
 0 
 0 
 0 
 0 
 0 
 0 
 0 
 0 
 0 
 0 
 0 
 0 
 0 
 0 
 0 
 0 
 0 
 0 
 0 
 0 
 0 
 0 
 0 
 0 
 0 
 0 
 0 
 0 
 0 
 0 
 0 
 0 
 0 
 0 
 0 
 0 
 0 
 0 
 0 
 0 
 0 
 0 
 0 
 0 
 0 
 0 
 0 
 0 
 0 
 0 
 0 
 0 
 0 
 0 
 0 
 0 
 0 
 0 
 0 
 0 
 1 
 0 
 0 
 0 
 0 
 0 
 0 
 0 
 0 
 0 
 0 
 0 
 0 
 0 
 0 
 0 
 0 
 0 
 0 
 0 
 0 
 0 
 0 
 0 
 0 
 0 
 0 
 0 
 0 
 0 
 0 
 0 
 0 
 0 
 0 
 0 
 0 
 0 
 0 
 0 
 0 
 0 
 0 
 0 
 0 
 0 
 0 
 0 
 0 
 0 
 0 
 0 
 0 
 0 
 0 
 0 
 0 
 0 
 0 
 0 
 1 
 0 
 0 
 0 
 0 
 0 
 0 
 0 
 0 
 0 
 0 
 0 
 0 
 0 
 0 
 0 
 0 
 0 
 0 
 0 
 0 
 0 
 0 
 0 
 0 
 0 
 0 
 0 
 0 
 0 
 0 
 0 
 0 
 0 
 0 
 0 
 0 
 0 
 0 
 0 
 0 
 0 
 0 
 0 
 0 
 0 
 0 
 0 
 0 
 0 
 0 
 0 
 0 
 0 
 0 
 0 
 0 
 0 
 0 
 0 
 0 
 0 
 0 
 0 
 0 
 0 
 0 
 0 
 0 
 0 
 0 
 0 
 0 
 0 
 0 
 0 
 0 
 0 
 0 
 0 
 0 
 0 
 0 
 0 
 0 
 0 
 0 
 0 
 0 
 0 
 0 
 0 
 0 
 0 
 0 
 0 
 0 
 0 
 0 
 0 
 0 
 0 
 0 
 0 
 0 
 0 
 0 
 0 
 0 
 0 
 0 
 0 
 0 
 0 
 0 
 0 
 0 
 0 
 0 
 0 
 0 
 0 
 0 
 0 
 0 
 0 
 0 
 0 
 0 
 0 
 0 
 0 
 0 
 0 
 0 
 0 
 0 
 0 
 0 
 0 
 0 
 0 
 0 
 0 
 0 
 0 
 0 
 0 
 0 
 0 
 0 
 0 
 0 
 0 
 0 
 0 
 0 
 0 
 0 
 0 
 0 
 0 
 0 
 0 
 0 
 0 
 0 
 0 
 0 
 0 
 0 
 0 
 0 
 0 
 0 
 0 
 0 
 0 
 0 
 0 
 0 
 0 
 0 
 0 
 0 
 0 
 0 
 0 
 0 
 0 
 0 
 0 
 0 
 0 
 0 
 0 
 0 
 0 
 0 
 0 
 0 
 0 
 0 
 0 
 0 
 0 
 0 
 0 
 0 
 0 
 0 
 0 
 0 
 0 
 0 
 0 
 0 
 0 
 0 
 0 
 0 
 0 
 0 
 0 
 0 
 0 
 0 
 0 
 0 
 0 
 0 
 0 
 0 
 0 
 0 
 0 
 0 
 0 
 0 
 0 
 0 
 0 
