 0 
 0 
 0 
 0 
 0 
 0 
 0 
 0 
 0 
 0 
 0 
 0 
 0 
 0 
 0 
 0 
 0 
 0 
 1 
 0 
 0 
 0 
 0 
 1 
 2 
 4 
 3 
 12 
 10 
 9 
 10 
 19 
 23 
 33 
 29 
 43 
 41 
 58 
 62 
 63 
 60 
 83 
 76 
 73 
 71 
 91 
 83 
 90 
 89 
 102 
 86 
 93 
 95 
 101 
 115 
 105 
 102 
 96 
 99 
 95 
 104 
 110 
 106 
 108 
 100 
 111 
 122 
 145 
 89 
 126 
 107 
 97 
 120 
 110 
 137 
 126 
 118 
 138 
 127 
 150 
 149 
 129 
 146 
 148 
 156 
 170 
 199 
 203 
 206 
 236 
 265 
 231 
 255 
 292 
 259 
 272 
 283 
 296 
 253 
 281 
 275 
 290 
 246 
 247 
 214 
 230 
 214 
 199 
 227 
 214 
 202 
 189 
 197 
 168 
 178 
 158 
 157 
 155 
 159 
 135 
 148 
 155 
 123 
 133 
 122 
 151 
 132 
 133 
 129 
 142 
 148 
 146 
 119 
 124 
 126 
 136 
 147 
 153 
 138 
 157 
 139 
 146 
 129 
 149 
 136 
 149 
 136 
 180 
 154 
 124 
 134 
 117 
 163 
 136 
 152 
 154 
 154 
 156 
 129 
 132 
 143 
 152 
 161 
 144 
 134 
 147 
 136 
 136 
 141 
 124 
 144 
 134 
 173 
 149 
 180 
 154 
 139 
 141 
 144 
 142 
 145 
 132 
 149 
 144 
 131 
 145 
 139 
 146 
 151 
 124 
 131 
 137 
 136 
 153 
 163 
 151 
 154 
 159 
 159 
 164 
 156 
 153 
 184 
 166 
 157 
 167 
 141 
 197 
 191 
 171 
 156 
 181 
 159 
 201 
 170 
 172 
 188 
 167 
 175 
 166 
 178 
 149 
 164 
 152 
 168 
 206 
 162 
 167 
 146 
 164 
 144 
 166 
 155 
 151 
 160 
 155 
 133 
 169 
 149 
 156 
 154 
 149 
 146 
 155 
 157 
 141 
 142 
 143 
 160 
 156 
 153 
 151 
 150 
 190 
 127 
 153 
 155 
 167 
 152 
 134 
 136 
 144 
 125 
 150 
 144 
 157 
 145 
 137 
 154 
 156 
 141 
 138 
 149 
 156 
 119 
 136 
 150 
 139 
 147 
 125 
 152 
 133 
 141 
 141 
 160 
 138 
 157 
 136 
 140 
 100 
 135 
 128 
 122 
 128 
 115 
 124 
 160 
 132 
 127 
 109 
 117 
 112 
 111 
 128 
 96 
 105 
 113 
 122 
 116 
 97 
 122 
 107 
 104 
 118 
 116 
 107 
 112 
 93 
 90 
 95 
 96 
 101 
 112 
 110 
 99 
 94 
 93 
 111 
 99 
 93 
 81 
 109 
 103 
 100 
 96 
 105 
 130 
 108 
 128 
 86 
 108 
 112 
 99 
 77 
 103 
 117 
 107 
 91 
 90 
 95 
 93 
 103 
 79 
 100 
 101 
 106 
 102 
 93 
 105 
 97 
 104 
 94 
 81 
 94 
 89 
 100 
 83 
 92 
 100 
 90 
 89 
 89 
 71 
 88 
 87 
 76 
 81 
 90 
 74 
 84 
 96 
 93 
 69 
 76 
 84 
 80 
 68 
 50 
 81 
 58 
 74 
 74 
 75 
 59 
 57 
 56 
 65 
 56 
 56 
 63 
 58 
 64 
 55 
 54 
 59 
 44 
 51 
 60 
 54 
 41 
 71 
 57 
 72 
 61 
 59 
 63 
 66 
 65 
 48 
 71 
 56 
 58 
 58 
 48 
 56 
 62 
 53 
 55 
 49 
 50 
 44 
 60 
 50 
 49 
 44 
 52 
 58 
 47 
 40 
 47 
 43 
 51 
 55 
 54 
 48 
 65 
 57 
 39 
 39 
 53 
 51 
 47 
 51 
 54 
 44 
 52 
 54 
 45 
 53 
 61 
 37 
 56 
 55 
 42 
 47 
 60 
 39 
 56 
 49 
 55 
 49 
 57 
 48 
 51 
 53 
 45 
 51 
 44 
 55 
 63 
 42 
 56 
 56 
 58 
 61 
 50 
 63 
 52 
 55 
 41 
 48 
 44 
 48 
 56 
 55 
 45 
 54 
 62 
 63 
 61 
 53 
 51 
 60 
 70 
 59 
 53 
 53 
 60 
 61 
 51 
 43 
 50 
 81 
 48 
 64 
 64 
 53 
 55 
 54 
 56 
 64 
 58 
 63 
 67 
 47 
 61 
 57 
 66 
 67 
 60 
 65 
 69 
 69 
 60 
 65 
 60 
 85 
 65 
 91 
 77 
 80 
 90 
 85 
 85 
 103 
 107 
 81 
 102 
 110 
 97 
 114 
 123 
 138 
 156 
 125 
 173 
 156 
 148 
 148 
 187 
 149 
 227 
 205 
 199 
 235 
 246 
 254 
 288 
 260 
 288 
 291 
 298 
 281 
 293 
 340 
 312 
 357 
 326 
 315 
 341 
 355 
 358 
 352 
 374 
 329 
 359 
 343 
 339 
 368 
 341 
 370 
 323 
 336 
 309 
 329 
 278 
 315 
 298 
 274 
 292 
 265 
 271 
 247 
 255 
 227 
 220 
 217 
 229 
 188 
 180 
 183 
 180 
 133 
 124 
 114 
 127 
 92 
 103 
 106 
 84 
 63 
 64 
 81 
 67 
 69 
 67 
 49 
 44 
 48 
 48 
 46 
 42 
 31 
 19 
 47 
 29 
 30 
 26 
 34 
 21 
 20 
 27 
 19 
 19 
 16 
 16 
 11 
 15 
 15 
 18 
 25 
 21 
 12 
 13 
 23 
 15 
 19 
 14 
 14 
 16 
 17 
 14 
 14 
 18 
 14 
 12 
 13 
 17 
 15 
 21 
 16 
 7 
 21 
 15 
 20 
 13 
 19 
 12 
 15 
 12 
 17 
 13 
 16 
 21 
 10 
 9 
 14 
 16 
 17 
 15 
 17 
 17 
 15 
 22 
 11 
 16 
 14 
 12 
 17 
 10 
 17 
 16 
 10 
 17 
 21 
 15 
 19 
 26 
 21 
 18 
 14 
 15 
 17 
 16 
 13 
 7 
 15 
 9 
 19 
 14 
 13 
 7 
 12 
 13 
 15 
 11 
 18 
 11 
 21 
 24 
 18 
 17 
 17 
 13 
 11 
 13 
 23 
 15 
 15 
 11 
 9 
 12 
 14 
 12 
 15 
 21 
 19 
 21 
 16 
 20 
 19 
 16 
 17 
 16 
 17 
 17 
 16 
 11 
 13 
 13 
 14 
 19 
 13 
 17 
 15 
 6 
 14 
 21 
 6 
 16 
 13 
 19 
 18 
 12 
 17 
 10 
 18 
 13 
 12 
 13 
 18 
 20 
 16 
 16 
 16 
 13 
 16 
 14 
 15 
 17 
 12 
 16 
 20 
 13 
 14 
 16 
 23 
 13 
 18 
 19 
 8 
 12 
 20 
 10 
 15 
 16 
 14 
 21 
 18 
 13 
 24 
 19 
 15 
 21 
 15 
 19 
 12 
 14 
 13 
 16 
 12 
 22 
 21 
 17 
 15 
 13 
 9 
 15 
 8 
 18 
 15 
 28 
 11 
 15 
 16 
 16 
 16 
 11 
 13 
 16 
 21 
 8 
 14 
 15 
 15 
 11 
 14 
 17 
 10 
 16 
 20 
 11 
 18 
 14 
 13 
 22 
 17 
 23 
 19 
 14 
 21 
 16 
 21 
 12 
 13 
 27 
 15 
 26 
 12 
 20 
 10 
 8 
 14 
 14 
 18 
 14 
 16 
 15 
 17 
 12 
 16 
 19 
 17 
 18 
 12 
 14 
 20 
 17 
 18 
 22 
 19 
 13 
 12 
 13 
 11 
 17 
 14 
 17 
 16 
 11 
 14 
 9 
 14 
 13 
 17 
 16 
 19 
 18 
 13 
 18 
 12 
 18 
 23 
 13 
 13 
 16 
 13 
 14 
 15 
 19 
 25 
 15 
 11 
 10 
 20 
 19 
 16 
 9 
 11 
 25 
 12 
 10 
 13 
 13 
 17 
 13 
 17 
 18 
 21 
 12 
 9 
 18 
 15 
 15 
 11 
 17 
 19 
 17 
 24 
 15 
 22 
 11 
 18 
 16 
 11 
 16 
 18 
 14 
 19 
 10 
 21 
 14 
 21 
 11 
 13 
 14 
 9 
 16 
 17 
 17 
 16 
 6 
 9 
 10 
 13 
 17 
 17 
 12 
 22 
 10 
 13 
 24 
 12 
 23 
 18 
 14 
 18 
 20 
 27 
 12 
 18 
 16 
 21 
 18 
 16 
 22 
 17 
 22 
 16 
 20 
 20 
 16 
 18 
 21 
 13 
 16 
 11 
 17 
 16 
 21 
 14 
 7 
 13 
 13 
 9 
 20 
 23 
 13 
 12 
 14 
 24 
 20 
 8 
 14 
 15 
 18 
 20 
 21 
 12 
 11 
 20 
 22 
 14 
 16 
 15 
 20 
 12 
 22 
 16 
 19 
 14 
 14 
 17 
 14 
 20 
 14 
 19 
 18 
 15 
 19 
 12 
 13 
 12 
 24 
 14 
 17 
 15 
 21 
 19 
 23 
 18 
 11 
 17 
 13 
 18 
 14 
 18 
 18 
 19 
 14 
 15 
 27 
 16 
 11 
 25 
 18 
 15 
 18 
 15 
 18 
 10 
 20 
 19 
 9 
 18 
 24 
 14 
 22 
 23 
 14 
 8 
 17 
 14 
 17 
 11 
 11 
 25 
 13 
 15 
 21 
 20 
 22 
 19 
 25 
 15 
 20 
 19 
 11 
 18 
 19 
 26 
 13 
 15 
 18 
 18 
 21 
 21 
 15 
 24 
 10 
 16 
 22 
 18 
 19 
 24 
 18 
 25 
 11 
 16 
 17 
 22 
 18 
 17 
 17 
 20 
 22 
 18 
 16 
 13 
 19 
 13 
 13 
 17 
 18 
 12 
 10 
 15 
 14 
 21 
 12 
 19 
 13 
 14 
 17 
 11 
 10 
 19 
 11 
 19 
 14 
 20 
 13 
 14 
 23 
 13 
 19 
 10 
 9 
 14 
 12 
 11 
 11 
 9 
 12 
 9 
 9 
 10 
 10 
 12 
 8 
 7 
 12 
 6 
 13 
 8 
 9 
 11 
 8 
 3 
 9 
 10 
 12 
 5 
 10 
 5 
 4 
 4 
 8 
 5 
 9 
 3 
 7 
 4 
 10 
 7 
 10 
 7 
 7 
 6 
 2 
 9 
 1 
 8 
 6 
 4 
 5 
 7 
 4 
 4 
 7 
 11 
 6 
 5 
 7 
 6 
 7 
 8 
 5 
 6 
 2 
 4 
 7 
 7 
 4 
 5 
 5 
 4 
 3 
 4 
 7 
 5 
 2 
 7 
 4 
 6 
 6 
 1 
 6 
 2 
 9 
 5 
 6 
 6 
 6 
 7 
 4 
 7 
 2 
 4 
 6 
 11 
 4 
 4 
 1 
 2 
 7 
 6 
 3 
 4 
 3 
 7 
 3 
 1 
 4 
 8 
 7 
 3 
 3 
 3 
 5 
 2 
 5 
 8 
 3 
 9 
 5 
 4 
 3 
 1 
 1 
 3 
 3 
 2 
 7 
 2 
 3 
 4 
 4 
 3 
 2 
 4 
 1 
 3 
 0 
 3 
 1 
 3 
 3 
 6 
 5 
 2 
 2 
 6 
 3 
 6 
 9 
 3 
 3 
 6 
 4 
 1 
 1 
 5 
 2 
 3 
 9 
 5 
 4 
 4 
 1 
 3 
 8 
 5 
 5 
 4 
 3 
 6 
 4 
 8 
 4 
 2 
 3 
 7 
 6 
 8 
 6 
 4 
 3 
 5 
 5 
 6 
 9 
 5 
 4 
 9 
 11 
 9 
 11 
 13 
 5 
 5 
 16 
 18 
 20 
 13 
 7 
 21 
 15 
 6 
 21 
 9 
 17 
 22 
 16 
 15 
 23 
 22 
 27 
 22 
 23 
 21 
 26 
 24 
 31 
 25 
 24 
 35 
 35 
 31 
 28 
 36 
 27 
 31 
 38 
 46 
 39 
 34 
 49 
 39 
 39 
 45 
 45 
 50 
 45 
 40 
 57 
 48 
 60 
 46 
 45 
 40 
 48 
 44 
 52 
 55 
 54 
 44 
 47 
 58 
 49 
 55 
 48 
 60 
 57 
 52 
 66 
 45 
 59 
 56 
 61 
 49 
 46 
 57 
 50 
 48 
 56 
 51 
 47 
 43 
 51 
 48 
 43 
 51 
 45 
 48 
 64 
 40 
 37 
 36 
 36 
 44 
 36 
 30 
 30 
 31 
 36 
 44 
 25 
 30 
 23 
 25 
 31 
 23 
 18 
 23 
 27 
 16 
 16 
 21 
 22 
 19 
 22 
 22 
 9 
 14 
 11 
 16 
 17 
 8 
 8 
 14 
 10 
 11 
 14 
 7 
 15 
 9 
 11 
 13 
 4 
 4 
 8 
 10 
 6 
 6 
 8 
 4 
 2 
 7 
 7 
 4 
 3 
 3 
 6 
 6 
 4 
 4 
 0 
 2 
 0 
 2 
 5 
 3 
 2 
 3 
 0 
 2 
 2 
 1 
 0 
 1 
 1 
 1 
 1 
 2 
 2 
 1 
 0 
 0 
 1 
 0 
 1 
 1 
 0 
 1 
 0 
 1 
 1 
 2 
 0 
 0 
 0 
 1 
 0 
 0 
 2 
 1 
 2 
 1 
 1 
 1 
 0 
 0 
 1 
 1 
 1 
 0 
 0 
 0 
 1 
 0 
 0 
 0 
 1 
 1 
 0 
 0 
 2 
 1 
 1 
 0 
 1 
 1 
 0 
 2 
 0 
 1 
 0 
 1 
 2 
 1 
 2 
 0 
 0 
 0 
 0 
 0 
 0 
 0 
 0 
 1 
 0 
 1 
 0 
 0 
 0 
 0 
 0 
 1 
 0 
 2 
 0 
 0 
 2 
 0 
 0 
 0 
 0 
 0 
 0 
 0 
 0 
 2 
 0 
 1 
 0 
 0 
 0 
 0 
 2 
 0 
 1 
 2 
 0 
 1 
 0 
 0 
 0 
 2 
 1 
 0 
 3 
 1 
 0 
 0 
 0 
 1 
 1 
 1 
 1 
 0 
 0 
 0 
 0 
 0 
 0 
 0 
 0 
 0 
 0 
 1 
 0 
 0 
 0 
 0 
 0 
 1 
 1 
 0 
 3 
 0 
 1 
 0 
 0 
 2 
 1 
 0 
 1 
 0 
 0 
 0 
 0 
 0 
 1 
 0 
 0 
 0 
 0 
 0 
 1 
 0 
 0 
 0 
 0 
 1 
 1 
 1 
 0 
 0 
 0 
 0 
 0 
 1 
 0 
 0 
 0 
 0 
 0 
 2 
 0 
 0 
 1 
 0 
 0 
 0 
 0 
 0 
 0 
 0 
 0 
 0 
 0 
 0 
 0 
 0 
 1 
 0 
 0 
 0 
 0 
 0 
 0 
 0 
 2 
 0 
 0 
 0 
 0 
 0 
 1 
 0 
 0 
 2 
 0 
 0 
 0 
 1 
 0 
 0 
 0 
 0 
 0 
 3 
 1 
 0 
 1 
 0 
 0 
 2 
 1 
 0 
 0 
 0 
 0 
 1 
 0 
 0 
 1 
 1 
 0 
 1 
 0 
 0 
 0 
 0 
 0 
 0 
 1 
 1 
 0 
 1 
 0 
 0 
 1 
 1 
 0 
 0 
 1 
 0 
 0 
 0 
 0 
 0 
 0 
 0 
 0 
 0 
 0 
 0 
 0 
 1 
 0 
 0 
 0 
 0 
 0 
 0 
 0 
 0 
 0 
 0 
 0 
 0 
 0 
 0 
 1 
 0 
 0 
 0 
 1 
 0 
 2 
 0 
 0 
 1 
 0 
 0 
 0 
 0 
 0 
 0 
 0 
 0 
 0 
 0 
 0 
 0 
 0 
 0 
 0 
 0 
 0 
 0 
 0 
 0 
 0 
 0 
 0 
 0 
 0 
 0 
 0 
 0 
 0 
 0 
 0 
 0 
 0 
 0 
 0 
 1 
 0 
 0 
 0 
 1 
 0 
 0 
 0 
 0 
 0 
 0 
 0 
 0 
 0 
 0 
 0 
 0 
 0 
 0 
 0 
 0 
 0 
 0 
 0 
 1 
 0 
 0 
 0 
 0 
 0 
 0 
 0 
 0 
 0 
 0 
 1 
 0 
 0 
 0 
 0 
 0 
 0 
 0 
 0 
 0 
 0 
 0 
 0 
 0 
 0 
 0 
 0 
 0 
 0 
 0 
 0 
 0 
 0 
 0 
 0 
 0 
 0 
 0 
 0 
 0 
 0 
 1 
 1 
 0 
 0 
 0 
 0 
 0 
 0 
 0 
 0 
 0 
 0 
 0 
 0 
 0 
 0 
 0 
 0 
 0 
 0 
 0 
 0 
 0 
 0 
 0 
 0 
 0 
 0 
 0 
 1 
 0 
 0 
 0 
 0 
 0 
 0 
 0 
 1 
 0 
 0 
 0 
 0 
 0 
 0 
 0 
 0 
 0 
 1 
 0 
 1 
 1 
 0 
 1 
 0 
 0 
 0 
 0 
 0 
 2 
 0 
 0 
 0 
 0 
 0 
 0 
 0 
 1 
 0 
 0 
 0 
 0 
 0 
 1 
 1 
 0 
 2 
 1 
 1 
 1 
 1 
 0 
 0 
 2 
 0 
 0 
 1 
 0 
 0 
 0 
 0 
 0 
 1 
 2 
 0 
 0 
 1 
 0 
 0 
 0 
 0 
 0 
 0 
 1 
 0 
 0 
 0 
 1 
 1 
 0 
 0 
 1 
 0 
 0 
 1 
 0 
 1 
 0 
 1 
 0 
 1 
 1 
 0 
 0 
 0 
 1 
 0 
 0 
 2 
 0 
 0 
 0 
 0 
 0 
 0 
 0 
 0 
 0 
 0 
 0 
 0 
 0 
 0 
 0 
 0 
 1 
 1 
 0 
 0 
 0 
 0 
 0 
 0 
 0 
 0 
 0 
 0 
 0 
 0 
 0 
 0 
 0 
 0 
 1 
 0 
 0 
 0 
 0 
 0 
 0 
 1 
 0 
 0 
 0 
 0 
 0 
 0 
 0 
 0 
 0 
 0 
 0 
 0 
 0 
 0 
 0 
 0 
 0 
 0 
 0 
 0 
 0 
 0 
 0 
 0 
 0 
 0 
 0 
 0 
 0 
 0 
 0 
 0 
 0 
 0 
 0 
 0 
 0 
 0 
 0 
 0 
 0 
 0 
 0 
 1 
 0 
 0 
 0 
 0 
 0 
 1 
 0 
 0 
 1 
 0 
 0 
 0 
 0 
 0 
 0 
 0 
 0 
 1 
 0 
 0 
 0 
 0 
 0 
 0 
 0 
 0 
 0 
 0 
 0 
 0 
 0 
 0 
 1 
 0 
 0 
 0 
 0 
 0 
 0 
 0 
 0 
 0 
 0 
 0 
 0 
 0 
 0 
 0 
 0 
 0 
 0 
 0 
 0 
 0 
 0 
 0 
 0 
 0 
 0 
 0 
 0 
 0 
 0 
 0 
 0 
 0 
 0 
 0 
 1 
 0 
 0 
 0 
 0 
 0 
 0 
 0 
 0 
 0 
 0 
 0 
 0 
 0 
 0 
 0 
 0 
 0 
 0 
 0 
 0 
 0 
 0 
 0 
 0 
 0 
 0 
 0 
 0 
 0 
 0 
 0 
 0 
 0 
 0 
 0 
 0 
 0 
 0 
 0 
 0 
 0 
 0 
 0 
 0 
 0 
 1 
 0 
 0 
 0 
 0 
 0 
 0 
 0 
 0 
 0 
 0 
 0 
 0 
 0 
 0 
 0 
 0 
 1 
 0 
 0 
 0 
 0 
 0 
 0 
 0 
 0 
 0 
 0 
 0 
 0 
 0 
 0 
 0 
 0 
 1 
 0 
 0 
 0 
 0 
 0 
 0 
 0 
 0 
 0 
 0 
 0 
 0 
 0 
 0 
 0 
 0 
 1 
 0 
 0 
 0 
 0 
 0 
 0 
 0 
 0 
 1 
 0 
 0 
 0 
 0 
 0 
 0 
 0 
 0 
 0 
 0 
 0 
 0 
 2 
 0 
 0 
 0 
 0 
 0 
 0 
 0 
 1 
 0 
 1 
 0 
 0 
 0 
 0 
 0 
 0 
 1 
 0 
 0 
 0 
 0 
 0 
 0 
 0 
 0 
 0 
 0 
 0 
 0 
 0 
 0 
 0 
 0 
 0 
 0 
 0 
 0 
 0 
 0 
 0 
 0 
 0 
 0 
 0 
 0 
 0 
 0 
 0 
 0 
 0 
 0 
 0 
 0 
 0 
 0 
 0 
 0 
 0 
 0 
 0 
 0 
 0 
 0 
 0 
 0 
 0 
 0 
 0 
 0 
 0 
 0 
 0 
 0 
 0 
 0 
 0 
 0 
 0 
 0 
 0 
 0 
 0 
 0 
 0 
 0 
 0 
 0 
 0 
 0 
 0 
 0 
 0 
 0 
 0 
 0 
 0 
 0 
 0 
 0 
 0 
 0 
 0 
 0 
 0 
 0 
 0 
 0 
 0 
 1 
 0 
 0 
 0 
 0 
 0 
 0 
 0 
 0 
 0 
 0 
 0 
 0 
 0 
 0 
 0 
 0 
 0 
 0 
 0 
 0 
 0 
 0 
 0 
 0 
 1 
 0 
 0 
 0 
 0 
 0 
 0 
 0 
 0 
 0 
 0 
 0 
 0 
 0 
 0 
 0 
 0 
 0 
 0 
 0 
 0 
 0 
 0 
 0 
 0 
 0 
 0 
 0 
 0 
 0 
 0 
 0 
 0 
 0 
 0 
 0 
 0 
 0 
 0 
 0 
 0 
 0 
 0 
 0 
 0 
 0 
 0 
 0 
 0 
 0 
 0 
 0 
 0 
 0 
 0 
 0 
 0 
 0 
 0 
 0 
 0 
 0 
 0 
 0 
 0 
 0 
 0 
 0 
 0 
 0 
 0 
 0 
 0 
 0 
 0 
 0 
 0 
 0 
 0 
 0 
 0 
 0 
 0 
 0 
 0 
 0 
 0 
 0 
 0 
 0 
 0 
 0 
 0 
 0 
 0 
 0 
 0 
 0 
 0 
 0 
 0 
 0 
 0 
 0 
 0 
 0 
 0 
 0 
 0 
 0 
 0 
 1 
 0 
 0 
 0 
 0 
 0 
 0 
 0 
 0 
 0 
 0 
 0 
 0 
 0 
 0 
 0 
 0 
 0 
 0 
 0 
 0 
 0 
 0 
 0 
 0 
 0 
 0 
 0 
 0 
 0 
 0 
 0 
 0 
 0 
 0 
 0 
 0 
 0 
 0 
 0 
 1 
 0 
 0 
 0 
 0 
 0 
 0 
 0 
 0 
 0 
 0 
 0 
 0 
 0 
 0 
 0 
 0 
 0 
 0 
 0 
 0 
 1 
 0 
 0 
 0 
 0 
 0 
 0 
 0 
 0 
 0 
 0 
 0 
 0 
 0 
 0 
 0 
 0 
 0 
 0 
 0 
 0 
 0 
 0 
 0 
 1 
 0 
 0 
 0 
 0 
 0 
 0 
 0 
 0 
 0 
 0 
 0 
 0 
 0 
 0 
 0 
 0 
 0 
 0 
 0 
 0 
 0 
 0 
 0 
 0 
 0 
 0 
 0 
 0 
 0 
 0 
 0 
 0 
 0 
 0 
 0 
 0 
 0 
 0 
 0 
 0 
 0 
 0 
 0 
 0 
 0 
 0 
 0 
 0 
 0 
 0 
 0 
 0 
 0 
 0 
 0 
 0 
 0 
 0 
 0 
 0 
 0 
 0 
 0 
 0 
 0 
 0 
 0 
 0 
 1 
 0 
 0 
 0 
 0 
 0 
 0 
 0 
 0 
 0 
 0 
 0 
 0 
 0 
 0 
 0 
 0 
 0 
 0 
 0 
 0 
 0 
 0 
 0 
 0 
 0 
 0 
 0 
 0 
 0 
 0 
 0 
 0 
 0 
 0 
 0 
 0 
 0 
 0 
 0 
 0 
 0 
 0 
 0 
 0 
 0 
 0 
 0 
 0 
 0 
 0 
 0 
 0 
 0 
 0 
 0 
 0 
 0 
 0 
 0 
 0 
 0 
 0 
 0 
 0 
 0 
 0 
 0 
 0 
 0 
 0 
 0 
 0 
 0 
 0 
 0 
 0 
 0 
 0 
 0 
 0 
 0 
 0 
 0 
 0 
 0 
 0 
 0 
 0 
 0 
 0 
 0 
 0 
 0 
 0 
 0 
 0 
 0 
 0 
 0 
 0 
 0 
 0 
 0 
 0 
 0 
 0 
 0 
 0 
 0 
 0 
 0 
 0 
 0 
 0 
 0 
 0 
 0 
 0 
 0 
 0 
 0 
 0 
 0 
 0 
 0 
 0 
 0 
 0 
 0 
 0 
 0 
 0 
 0 
 0 
 0 
 0 
 0 
 0 
 0 
 0 
 0 
 0 
 0 
 0 
 0 
 0 
 0 
 0 
 0 
 0 
 0 
 0 
 0 
 0 
 0 
 0 
 0 
 0 
 0 
 0 
 0 
 0 
 0 
 0 
 0 
 0 
 0 
 0 
 0 
 0 
 0 
 0 
 1 
 0 
 0 
 0 
 0 
 0 
 0 
 0 
 0 
 0 
 0 
 0 
 0 
 0 
 0 
 0 
 0 
 0 
 0 
 0 
 0 
 0 
 0 
 0 
 0 
 0 
 0 
 0 
 0 
 0 
 0 
 0 
 0 
 0 
 0 
 0 
 0 
 0 
 0 
 0 
 0 
 0 
 0 
 0 
 0 
 0 
 0 
 0 
 0 
 0 
 0 
 0 
 0 
 0 
 0 
 0 
 0 
 0 
 0 
 0 
 0 
 0 
 0 
 0 
 0 
 0 
 0 
 0 
 0 
 0 
 0 
 0 
 0 
 0 
 0 
 0 
 0 
 1 
 0 
 0 
 0 
 0 
 0 
 0 
 0 
 0 
 0 
 0 
 2 
 0 
 0 
 0 
 0 
 0 
 0 
 0 
 0 
 0 
 0 
 0 
 0 
 0 
 0 
 0 
 0 
 0 
 0 
 0 
 0 
 0 
 0 
 0 
 0 
 0 
 0 
 0 
 0 
 0 
 0 
 0 
 0 
 0 
 0 
 0 
 0 
 0 
 0 
 0 
 0 
 0 
 0 
 0 
 0 
 0 
 0 
 0 
 0 
 0 
 0 
 0 
 0 
 0 
 0 
 0 
 0 
 0 
 0 
 0 
 0 
 0 
 0 
 0 
 0 
 0 
 0 
 0 
 0 
 0 
 0 
 0 
 0 
 0 
 0 
 0 
 0 
 0 
 0 
 0 
 0 
 0 
 0 
 0 
 0 
 0 
 0 
 0 
 0 
 0 
 0 
 0 
 0 
 0 
 0 
 0 
 0 
 0 
 0 
 0 
 0 
 0 
 0 
 0 
 0 
 0 
 0 
 0 
 0 
 0 
 0 
 0 
 0 
 0 
 0 
 0 
 0 
 0 
 0 
 0 
 0 
 0 
 0 
 0 
 0 
 0 
 0 
 0 
 0 
 0 
 0 
 0 
 0 
 0 
 0 
 0 
 0 
 0 
 0 
 0 
 0 
 0 
 0 
 0 
 0 
 0 
 0 
 0 
 0 
 0 
 0 
 0 
 0 
 0 
 0 
 0 
 0 
 0 
 0 
 0 
 0 
 0 
 0 
 0 
 0 
 0 
 0 
 0 
 0 
 0 
 0 
 0 
 0 
 0 
 0 
 0 
 0 
 0 
 0 
 0 
 0 
 0 
 0 
 0 
 0 
 0 
 0 
 0 
 0 
 0 
 0 
 0 
 0 
 0 
 0 
 0 
 0 
 0 
 0 
 0 
 0 
 0 
 0 
 0 
 0 
 0 
 0 
 0 
 0 
 0 
 0 
 0 
 0 
 0 
 0 
 0 
 0 
 0 
 0 
 0 
 0 
 0 
 0 
 0 
 0 
 0 
 0 
 0 
 0 
 0 
 0 
 0 
 0 
 0 
 0 
 0 
 0 
 0 
 0 
 0 
 0 
 0 
 0 
 0 
 0 
 0 
 0 
 0 
 0 
 0 
 0 
 0 
 0 
 0 
 0 
 0 
 0 
 0 
 0 
 0 
 0 
 0 
 0 
 0 
 0 
 0 
 0 
 0 
 0 
 0 
 0 
 0 
 0 
 0 
 0 
 0 
 0 
 0 
 0 
 0 
 0 
 0 
 0 
 0 
 0 
 0 
 0 
 0 
 0 
 0 
 0 
 0 
 0 
 0 
 0 
 0 
 0 
 0 
 0 
 0 
 0 
 0 
 0 
 0 
 0 
 0 
 0 
 0 
 0 
 0 
 0 
 0 
 0 
 0 
 0 
 0 
 0 
 0 
 0 
 0 
 0 
 0 
 0 
 0 
 0 
 0 
 0 
 0 
 0 
 0 
 0 
 0 
 0 
 0 
 0 
 0 
 0 
 0 
 0 
 0 
 0 
 0 
 0 
 0 
 0 
 0 
 0 
 0 
 0 
 0 
 0 
 0 
 0 
 0 
 0 
 0 
 0 
 0 
 0 
 0 
 0 
 0 
 0 
 0 
 0 
 0 
 0 
 0 
 0 
 0 
 0 
 0 
 0 
 0 
 0 
 0 
 0 
 0 
 0 
 0 
 0 
 0 
 0 
 0 
 0 
 0 
 0 
 0 
 0 
 0 
 0 
 0 
 0 
 0 
 0 
 0 
 0 
 0 
 0 
 0 
 0 
 0 
 0 
 0 
 0 
 0 
 0 
 0 
 0 
 0 
 0 
 0 
 0 
 0 
 0 
 0 
 0 
 0 
 0 
 0 
 0 
 0 
 0 
 0 
 0 
 0 
 0 
 0 
 0 
 0 
 0 
 0 
 0 
 0 
 0 
 0 
 0 
 0 
 0 
 0 
 0 
 0 
 0 
 0 
 0 
 0 
 0 
 0 
 0 
 0 
 0 
 0 
 0 
 0 
 0 
 0 
 0 
 0 
 0 
 0 
 0 
 0 
 0 
 0 
 0 
 0 
 0 
 0 
 0 
 0 
 0 
 0 
 0 
 0 
 0 
 0 
 0 
 0 
 0 
 0 
 0 
 0 
 0 
 0 
 0 
 0 
 0 
 0 
 0 
 0 
 0 
 0 
 0 
 0 
 0 
 0 
 0 
 1 
 0 
 0 
 0 
 0 
 0 
 0 
 0 
 0 
 0 
 0 
 0 
 0 
 0 
 0 
 0 
 0 
 0 
 0 
 0 
 0 
 1 
 0 
 0 
 0 
 0 
 0 
 0 
 0 
 0 
 0 
 0 
 0 
 0 
 0 
 0 
 0 
 0 
 0 
 0 
 0 
 0 
 0 
 0 
 0 
 0 
 0 
 0 
 0 
 0 
 0 
 0 
 0 
 0 
 0 
 0 
 0 
 0 
 0 
 0 
 0 
 0 
 0 
 0 
 0 
 0 
 0 
 0 
 0 
 0 
 0 
 0 
 0 
 0 
 0 
 0 
 0 
 0 
 0 
 0 
 0 
 0 
 0 
 0 
 0 
 0 
 0 
 0 
 0 
 0 
 0 
 0 
 0 
 0 
 0 
 0 
 0 
 0 
 0 
 0 
 0 
 0 
 0 
 0 
 0 
 0 
 0 
 0 
 0 
 0 
 0 
 0 
 0 
 0 
 0 
 0 
 0 
 0 
 0 
 0 
 0 
 0 
 0 
 0 
 0 
 0 
 0 
 0 
 0 
 0 
 0 
 0 
 0 
 0 
 0 
 0 
 0 
 0 
 0 
 0 
 0 
 0 
 0 
 0 
 0 
 0 
 0 
 0 
 0 
 0 
 0 
 0 
 0 
 0 
 0 
 0 
 0 
 0 
 0 
 0 
 0 
 0 
 0 
 0 
 0 
 0 
 0 
 0 
 0 
 0 
 0 
 0 
 0 
 0 
 0 
 0 
 0 
 0 
 0 
 0 
 0 
 0 
 0 
 0 
 0 
 0 
 0 
 0 
 0 
 0 
 0 
 0 
 0 
 0 
 0 
 0 
 0 
 0 
 0 
 0 
 0 
 0 
 0 
 0 
 0 
 0 
 0 
 0 
 0 
 0 
 0 
 0 
 0 
 0 
 0 
 0 
 0 
 0 
 0 
 0 
 0 
 0 
 0 
 0 
 0 
 0 
 0 
 0 
 0 
 0 
 0 
 0 
 0 
 0 
 0 
 0 
 0 
 0 
 0 
 0 
 0 
 0 
 0 
 0 
 0 
 0 
 0 
 0 
 0 
 0 
 0 
 0 
 0 
 0 
 0 
 0 
 0 
 0 
 0 
 0 
 0 
 0 
 0 
 0 
 0 
 0 
 0 
 0 
 0 
 0 
 0 
 0 
 0 
 0 
 0 
 0 
 0 
 0 
 0 
 0 
 0 
 0 
 0 
 0 
 0 
 0 
 0 
 0 
 0 
 0 
 0 
 0 
 0 
 0 
 0 
 0 
 0 
 0 
 0 
 0 
 0 
 0 
 0 
 0 
 0 
 0 
 0 
 0 
 0 
 0 
 0 
 0 
 0 
 0 
 0 
 0 
 0 
 0 
 0 
 0 
 0 
 0 
 0 
 0 
 0 
 0 
 0 
 0 
 0 
 0 
 0 
 0 
 0 
 0 
 0 
 0 
 0 
 0 
 0 
 0 
 0 
 0 
 0 
 0 
 0 
 0 
 0 
 0 
 0 
 0 
 0 
 0 
 0 
 0 
 0 
 0 
 0 
 0 
 0 
 0 
 0 
 0 
 0 
 0 
 0 
 0 
 0 
 0 
 0 
 0 
 0 
 0 
 0 
 0 
 0 
 0 
 0 
 0 
 0 
 0 
 0 
 0 
 0 
 0 
 0 
 0 
 0 
 0 
 0 
 0 
 0 
 0 
 0 
 0 
 0 
 0 
 0 
 0 
 0 
 0 
 0 
 0 
 0 
 0 
 0 
 0 
 0 
 0 
 0 
 0 
 0 
 0 
 0 
 0 
 0 
 0 
 0 
 0 
 0 
 0 
 0 
 0 
 0 
 0 
 0 
 0 
 0 
 0 
 0 
 0 
 0 
 0 
 0 
 0 
 0 
 0 
 0 
 0 
 0 
 0 
 0 
 0 
 0 
 0 
 0 
 0 
 0 
 0 
 0 
 0 
 0 
 0 
 0 
 0 
 1 
 0 
 0 
 0 
 0 
 0 
 0 
 0 
 0 
 0 
 0 
 0 
 0 
 0 
 0 
 0 
 0 
 0 
 0 
 0 
 1 
 0 
 0 
 0 
 0 
 0 
 0 
 0 
 0 
 0 
 0 
 0 
 0 
 0 
 0 
 0 
 0 
 0 
 0 
 0 
 0 
 0 
 0 
 0 
 0 
 0 
 0 
 0 
 0 
 0 
 0 
 0 
 0 
 0 
 0 
 0 
 0 
 0 
 0 
 0 
 0 
 0 
 0 
 0 
 0 
 0 
 0 
 0 
 0 
 1 
 0 
 0 
 0 
 0 
 0 
 0 
 0 
 0 
 0 
 0 
 0 
 0 
 0 
 0 
 0 
 0 
 0 
 0 
 0 
 0 
 0 
 0 
 0 
 0 
 0 
 0 
 0 
 0 
 0 
 0 
 0 
 0 
 0 
 0 
 0 
 0 
 0 
 0 
 0 
 0 
 0 
 0 
 0 
 0 
 0 
 0 
 0 
 0 
 0 
 0 
 0 
 0 
 0 
 0 
 0 
 0 
 0 
 0 
 0 
 0 
 0 
 0 
 0 
 0 
 0 
 0 
 0 
 0 
 0 
 0 
 0 
 0 
 0 
 0 
 0 
 0 
 0 
 0 
 0 
 0 
 0 
 0 
 0 
 0 
 0 
 0 
 0 
 0 
 0 
 0 
 0 
 0 
 0 
 0 
 0 
 0 
 0 
 0 
