 0 
 0 
 0 
 0 
 0 
 0 
 0 
 0 
 0 
 0 
 0 
 0 
 0 
 0 
 0 
 0 
 0 
 2 
 0 
 1 
 0 
 0 
 0 
 2 
 4 
 1 
 2 
 8 
 9 
 15 
 16 
 16 
 17 
 26 
 32 
 20 
 47 
 45 
 61 
 66 
 77 
 84 
 80 
 60 
 86 
 101 
 90 
 92 
 88 
 108 
 84 
 92 
 94 
 96 
 108 
 102 
 97 
 97 
 83 
 83 
 99 
 94 
 87 
 101 
 87 
 111 
 109 
 88 
 103 
 119 
 108 
 120 
 90 
 127 
 107 
 136 
 110 
 121 
 144 
 154 
 138 
 132 
 153 
 161 
 146 
 146 
 189 
 178 
 188 
 213 
 217 
 262 
 252 
 260 
 270 
 254 
 258 
 287 
 275 
 273 
 198 
 218 
 226 
 240 
 218 
 208 
 194 
 193 
 204 
 176 
 178 
 172 
 161 
 129 
 143 
 155 
 167 
 118 
 130 
 128 
 147 
 126 
 119 
 139 
 134 
 115 
 131 
 121 
 110 
 118 
 114 
 116 
 113 
 111 
 140 
 130 
 137 
 146 
 125 
 136 
 124 
 148 
 136 
 110 
 130 
 126 
 133 
 126 
 117 
 138 
 132 
 143 
 130 
 141 
 148 
 126 
 119 
 128 
 131 
 136 
 137 
 134 
 153 
 135 
 125 
 133 
 130 
 126 
 149 
 151 
 134 
 128 
 140 
 139 
 127 
 150 
 140 
 138 
 140 
 119 
 133 
 139 
 129 
 132 
 129 
 130 
 111 
 135 
 117 
 120 
 135 
 150 
 135 
 139 
 137 
 147 
 157 
 152 
 159 
 164 
 144 
 156 
 149 
 161 
 142 
 170 
 146 
 140 
 177 
 180 
 181 
 184 
 178 
 170 
 166 
 147 
 170 
 179 
 192 
 148 
 170 
 164 
 193 
 164 
 134 
 167 
 147 
 159 
 139 
 174 
 164 
 172 
 153 
 137 
 177 
 148 
 146 
 139 
 146 
 149 
 159 
 139 
 144 
 144 
 142 
 131 
 139 
 145 
 150 
 137 
 154 
 122 
 157 
 143 
 134 
 154 
 132 
 146 
 149 
 140 
 139 
 148 
 121 
 153 
 145 
 127 
 143 
 143 
 134 
 155 
 145 
 139 
 139 
 128 
 120 
 132 
 119 
 137 
 133 
 123 
 134 
 125 
 148 
 115 
 106 
 127 
 117 
 133 
 129 
 113 
 127 
 153 
 125 
 121 
 120 
 123 
 122 
 98 
 119 
 97 
 134 
 101 
 114 
 98 
 104 
 114 
 104 
 99 
 124 
 85 
 116 
 98 
 116 
 100 
 118 
 123 
 116 
 89 
 111 
 91 
 111 
 92 
 83 
 104 
 95 
 99 
 98 
 91 
 100 
 98 
 84 
 86 
 113 
 87 
 87 
 102 
 98 
 107 
 85 
 97 
 74 
 107 
 83 
 101 
 99 
 90 
 83 
 82 
 98 
 74 
 107 
 80 
 99 
 99 
 100 
 82 
 82 
 77 
 90 
 85 
 80 
 97 
 94 
 81 
 89 
 108 
 78 
 83 
 80 
 79 
 81 
 72 
 71 
 77 
 68 
 70 
 53 
 65 
 65 
 64 
 74 
 79 
 55 
 79 
 64 
 51 
 57 
 65 
 52 
 67 
 57 
 59 
 66 
 70 
 67 
 63 
 70 
 52 
 54 
 53 
 45 
 51 
 68 
 59 
 46 
 49 
 43 
 65 
 45 
 64 
 53 
 40 
 57 
 54 
 57 
 49 
 45 
 56 
 44 
 44 
 48 
 60 
 46 
 47 
 38 
 41 
 54 
 51 
 67 
 39 
 45 
 54 
 58 
 44 
 34 
 39 
 53 
 38 
 54 
 43 
 35 
 55 
 40 
 57 
 53 
 43 
 35 
 56 
 55 
 40 
 42 
 45 
 38 
 45 
 41 
 46 
 42 
 35 
 47 
 37 
 54 
 52 
 42 
 43 
 48 
 57 
 45 
 46 
 67 
 42 
 41 
 44 
 40 
 46 
 50 
 51 
 46 
 55 
 49 
 38 
 42 
 67 
 54 
 54 
 69 
 52 
 31 
 53 
 33 
 63 
 64 
 42 
 59 
 54 
 47 
 46 
 44 
 53 
 48 
 54 
 60 
 51 
 66 
 65 
 52 
 34 
 54 
 53 
 54 
 52 
 50 
 50 
 46 
 47 
 53 
 57 
 50 
 61 
 52 
 49 
 55 
 71 
 52 
 52 
 54 
 45 
 49 
 54 
 47 
 56 
 58 
 53 
 55 
 78 
 65 
 57 
 70 
 61 
 68 
 59 
 84 
 83 
 73 
 64 
 103 
 85 
 87 
 108 
 90 
 110 
 120 
 100 
 125 
 103 
 145 
 148 
 140 
 133 
 144 
 182 
 193 
 175 
 196 
 190 
 217 
 195 
 205 
 224 
 252 
 262 
 219 
 256 
 280 
 254 
 266 
 286 
 280 
 298 
 272 
 316 
 295 
 339 
 346 
 322 
 296 
 353 
 293 
 310 
 298 
 318 
 293 
 297 
 314 
 289 
 315 
 282 
 299 
 272 
 286 
 235 
 227 
 233 
 233 
 213 
 212 
 207 
 173 
 194 
 187 
 161 
 167 
 131 
 134 
 110 
 134 
 101 
 105 
 102 
 93 
 92 
 79 
 53 
 76 
 63 
 50 
 49 
 58 
 44 
 30 
 35 
 40 
 32 
 39 
 29 
 42 
 24 
 23 
 31 
 14 
 21 
 29 
 21 
 19 
 16 
 16 
 21 
 16 
 12 
 18 
 30 
 13 
 10 
 21 
 15 
 12 
 11 
 16 
 11 
 17 
 8 
 15 
 16 
 19 
 14 
 19 
 19 
 7 
 15 
 17 
 11 
 13 
 15 
 10 
 17 
 12 
 17 
 15 
 21 
 17 
 24 
 16 
 11 
 13 
 10 
 13 
 12 
 14 
 19 
 19 
 13 
 10 
 11 
 13 
 10 
 26 
 10 
 16 
 17 
 15 
 16 
 20 
 13 
 15 
 17 
 13 
 13 
 12 
 21 
 12 
 9 
 17 
 18 
 13 
 11 
 18 
 17 
 11 
 14 
 11 
 12 
 11 
 14 
 18 
 21 
 16 
 12 
 22 
 5 
 19 
 12 
 20 
 14 
 16 
 12 
 10 
 13 
 18 
 8 
 19 
 10 
 16 
 11 
 10 
 13 
 21 
 26 
 10 
 10 
 15 
 13 
 11 
 18 
 22 
 16 
 11 
 13 
 19 
 15 
 21 
 10 
 14 
 11 
 11 
 16 
 10 
 13 
 13 
 20 
 13 
 13 
 12 
 14 
 13 
 25 
 12 
 11 
 13 
 25 
 18 
 12 
 9 
 20 
 13 
 10 
 14 
 13 
 15 
 15 
 18 
 10 
 13 
 16 
 6 
 21 
 14 
 18 
 7 
 16 
 13 
 16 
 7 
 11 
 15 
 11 
 15 
 13 
 21 
 21 
 11 
 13 
 9 
 21 
 9 
 14 
 19 
 14 
 19 
 15 
 24 
 15 
 18 
 8 
 22 
 16 
 12 
 11 
 14 
 19 
 13 
 17 
 6 
 12 
 21 
 16 
 21 
 14 
 8 
 15 
 12 
 17 
 24 
 12 
 19 
 12 
 14 
 11 
 20 
 18 
 15 
 10 
 14 
 17 
 16 
 16 
 13 
 15 
 12 
 9 
 14 
 15 
 10 
 12 
 14 
 19 
 9 
 11 
 17 
 22 
 11 
 14 
 11 
 11 
 18 
 15 
 13 
 14 
 10 
 14 
 16 
 11 
 13 
 20 
 13 
 12 
 17 
 17 
 15 
 17 
 9 
 14 
 11 
 15 
 17 
 20 
 14 
 7 
 12 
 11 
 15 
 12 
 13 
 20 
 25 
 11 
 10 
 13 
 19 
 13 
 18 
 12 
 15 
 14 
 14 
 12 
 7 
 12 
 14 
 14 
 9 
 16 
 10 
 19 
 15 
 12 
 19 
 19 
 8 
 11 
 15 
 10 
 15 
 17 
 13 
 11 
 26 
 14 
 15 
 11 
 17 
 13 
 17 
 18 
 20 
 20 
 11 
 17 
 18 
 27 
 14 
 14 
 17 
 21 
 14 
 13 
 18 
 16 
 12 
 15 
 20 
 10 
 19 
 13 
 7 
 9 
 10 
 20 
 17 
 20 
 15 
 11 
 17 
 16 
 13 
 12 
 17 
 12 
 8 
 10 
 12 
 20 
 14 
 17 
 15 
 14 
 13 
 17 
 8 
 13 
 11 
 9 
 25 
 17 
 11 
 16 
 15 
 13 
 13 
 17 
 18 
 13 
 16 
 18 
 25 
 7 
 16 
 18 
 14 
 14 
 9 
 11 
 12 
 8 
 20 
 7 
 9 
 15 
 13 
 14 
 24 
 23 
 25 
 18 
 12 
 13 
 13 
 12 
 16 
 14 
 15 
 8 
 18 
 26 
 17 
 21 
 15 
 18 
 21 
 17 
 12 
 20 
 9 
 16 
 9 
 8 
 14 
 15 
 13 
 13 
 25 
 12 
 16 
 23 
 17 
 16 
 20 
 23 
 16 
 18 
 19 
 11 
 17 
 24 
 13 
 13 
 15 
 18 
 26 
 15 
 18 
 18 
 13 
 13 
 20 
 22 
 19 
 16 
 20 
 21 
 16 
 26 
 27 
 22 
 10 
 19 
 16 
 10 
 15 
 13 
 19 
 29 
 12 
 16 
 17 
 12 
 19 
 18 
 6 
 13 
 16 
 15 
 20 
 17 
 13 
 17 
 15 
 9 
 16 
 12 
 10 
 18 
 22 
 21 
 23 
 11 
 17 
 24 
 16 
 15 
 20 
 19 
 23 
 22 
 11 
 17 
 13 
 9 
 11 
 24 
 12 
 18 
 17 
 19 
 14 
 24 
 12 
 10 
 18 
 17 
 19 
 24 
 17 
 22 
 26 
 15 
 9 
 13 
 20 
 11 
 14 
 24 
 11 
 14 
 13 
 17 
 16 
 11 
 13 
 12 
 9 
 9 
 12 
 19 
 16 
 9 
 12 
 17 
 8 
 15 
 9 
 16 
 9 
 14 
 15 
 11 
 10 
 13 
 13 
 7 
 14 
 13 
 6 
 10 
 11 
 5 
 11 
 9 
 6 
 6 
 8 
 16 
 3 
 6 
 7 
 10 
 10 
 7 
 6 
 7 
 12 
 3 
 12 
 9 
 5 
 6 
 9 
 10 
 7 
 7 
 8 
 5 
 6 
 5 
 5 
 2 
 7 
 6 
 6 
 6 
 5 
 8 
 8 
 6 
 7 
 4 
 3 
 3 
 3 
 6 
 3 
 2 
 7 
 8 
 4 
 6 
 8 
 9 
 1 
 7 
 3 
 6 
 8 
 6 
 5 
 4 
 2 
 5 
 6 
 6 
 5 
 7 
 8 
 4 
 6 
 0 
 6 
 9 
 5 
 5 
 1 
 3 
 3 
 2 
 2 
 8 
 10 
 6 
 2 
 9 
 4 
 4 
 4 
 2 
 3 
 3 
 2 
 4 
 1 
 7 
 3 
 3 
 2 
 2 
 7 
 5 
 5 
 5 
 1 
 7 
 3 
 4 
 5 
 4 
 5 
 1 
 5 
 6 
 3 
 5 
 1 
 3 
 5 
 5 
 1 
 5 
 10 
 2 
 2 
 1 
 4 
 4 
 5 
 6 
 3 
 3 
 4 
 2 
 4 
 1 
 5 
 4 
 3 
 4 
 9 
 8 
 6 
 2 
 14 
 5 
 4 
 1 
 3 
 3 
 1 
 2 
 4 
 3 
 4 
 7 
 9 
 3 
 5 
 4 
 4 
 9 
 5 
 9 
 7 
 6 
 9 
 9 
 10 
 4 
 10 
 8 
 14 
 4 
 5 
 10 
 11 
 12 
 4 
 10 
 11 
 11 
 12 
 11 
 21 
 12 
 12 
 16 
 14 
 17 
 19 
 21 
 18 
 11 
 21 
 19 
 26 
 14 
 36 
 25 
 27 
 26 
 30 
 26 
 14 
 24 
 26 
 29 
 41 
 40 
 27 
 41 
 30 
 41 
 44 
 46 
 41 
 30 
 36 
 48 
 35 
 47 
 50 
 51 
 33 
 38 
 44 
 44 
 48 
 44 
 51 
 48 
 48 
 50 
 62 
 45 
 55 
 42 
 51 
 56 
 56 
 42 
 41 
 48 
 59 
 53 
 57 
 56 
 38 
 62 
 60 
 37 
 45 
 34 
 42 
 40 
 57 
 44 
 39 
 36 
 47 
 34 
 42 
 41 
 29 
 29 
 31 
 31 
 30 
 38 
 36 
 33 
 38 
 25 
 25 
 23 
 29 
 16 
 22 
 26 
 22 
 29 
 15 
 21 
 23 
 15 
 18 
 15 
 23 
 18 
 21 
 12 
 17 
 13 
 13 
 14 
 16 
 11 
 15 
 13 
 9 
 5 
 14 
 9 
 5 
 7 
 5 
 9 
 4 
 8 
 3 
 6 
 8 
 3 
 7 
 4 
 4 
 3 
 1 
 3 
 8 
 3 
 2 
 2 
 2 
 2 
 3 
 2 
 3 
 3 
 2 
 2 
 5 
 4 
 1 
 0 
 0 
 1 
 1 
 2 
 1 
 0 
 0 
 4 
 0 
 2 
 1 
 1 
 0 
 2 
 0 
 0 
 0 
 1 
 0 
 0 
 3 
 0 
 1 
 2 
 0 
 0 
 1 
 1 
 1 
 1 
 0 
 1 
 0 
 0 
 0 
 1 
 1 
 1 
 1 
 0 
 1 
 0 
 1 
 0 
 1 
 0 
 1 
 0 
 1 
 0 
 0 
 0 
 0 
 0 
 0 
 1 
 1 
 0 
 0 
 0 
 0 
 1 
 0 
 0 
 0 
 0 
 0 
 0 
 0 
 1 
 0 
 0 
 1 
 0 
 0 
 2 
 1 
 0 
 0 
 0 
 0 
 0 
 0 
 0 
 0 
 0 
 0 
 1 
 0 
 1 
 1 
 0 
 2 
 0 
 0 
 1 
 0 
 1 
 0 
 0 
 1 
 4 
 0 
 1 
 1 
 0 
 0 
 0 
 1 
 0 
 0 
 2 
 0 
 1 
 0 
 1 
 1 
 0 
 0 
 0 
 0 
 0 
 1 
 0 
 0 
 0 
 0 
 2 
 1 
 0 
 2 
 0 
 0 
 0 
 0 
 0 
 0 
 0 
 0 
 1 
 0 
 1 
 0 
 0 
 0 
 0 
 1 
 0 
 0 
 0 
 0 
 2 
 1 
 0 
 0 
 0 
 2 
 0 
 0 
 0 
 1 
 0 
 1 
 0 
 0 
 0 
 1 
 1 
 1 
 0 
 0 
 0 
 0 
 0 
 0 
 0 
 0 
 0 
 0 
 0 
 1 
 2 
 0 
 0 
 0 
 0 
 1 
 1 
 0 
 0 
 1 
 2 
 0 
 0 
 0 
 0 
 1 
 0 
 0 
 0 
 0 
 1 
 0 
 0 
 0 
 1 
 1 
 0 
 1 
 1 
 3 
 1 
 0 
 1 
 0 
 0 
 0 
 0 
 0 
 1 
 0 
 0 
 0 
 0 
 1 
 1 
 1 
 1 
 0 
 0 
 0 
 0 
 0 
 0 
 1 
 0 
 0 
 0 
 0 
 0 
 1 
 1 
 2 
 0 
 0 
 0 
 0 
 0 
 1 
 1 
 0 
 0 
 0 
 0 
 0 
 0 
 0 
 1 
 0 
 0 
 0 
 0 
 0 
 0 
 0 
 0 
 0 
 1 
 0 
 0 
 0 
 0 
 0 
 0 
 0 
 0 
 0 
 0 
 0 
 0 
 0 
 0 
 1 
 0 
 0 
 1 
 0 
 0 
 1 
 0 
 0 
 1 
 0 
 0 
 1 
 0 
 0 
 0 
 0 
 0 
 0 
 0 
 0 
 0 
 0 
 0 
 0 
 0 
 0 
 0 
 0 
 0 
 0 
 1 
 0 
 0 
 0 
 0 
 0 
 0 
 0 
 0 
 0 
 0 
 0 
 0 
 0 
 0 
 0 
 0 
 0 
 0 
 0 
 0 
 0 
 0 
 0 
 0 
 0 
 0 
 1 
 1 
 0 
 0 
 0 
 0 
 0 
 0 
 0 
 0 
 0 
 0 
 0 
 0 
 0 
 0 
 0 
 0 
 1 
 0 
 0 
 0 
 0 
 0 
 0 
 1 
 0 
 0 
 0 
 0 
 0 
 0 
 1 
 0 
 0 
 0 
 0 
 0 
 0 
 0 
 0 
 0 
 1 
 0 
 0 
 0 
 0 
 0 
 0 
 0 
 0 
 0 
 0 
 0 
 0 
 0 
 0 
 0 
 0 
 1 
 1 
 0 
 0 
 0 
 0 
 0 
 0 
 0 
 0 
 0 
 0 
 0 
 0 
 1 
 0 
 1 
 0 
 0 
 0 
 1 
 1 
 0 
 0 
 0 
 1 
 0 
 0 
 0 
 0 
 0 
 0 
 0 
 1 
 0 
 0 
 0 
 0 
 0 
 0 
 1 
 0 
 1 
 0 
 0 
 1 
 0 
 0 
 0 
 1 
 0 
 0 
 0 
 0 
 0 
 0 
 0 
 0 
 0 
 0 
 0 
 0 
 0 
 0 
 0 
 0 
 0 
 0 
 1 
 0 
 0 
 0 
 0 
 1 
 0 
 0 
 0 
 0 
 0 
 1 
 0 
 0 
 0 
 0 
 0 
 0 
 0 
 0 
 0 
 0 
 0 
 0 
 1 
 0 
 0 
 0 
 0 
 0 
 1 
 0 
 0 
 0 
 0 
 0 
 0 
 0 
 0 
 0 
 0 
 0 
 0 
 0 
 0 
 1 
 0 
 0 
 0 
 0 
 0 
 1 
 0 
 0 
 0 
 0 
 0 
 0 
 1 
 0 
 0 
 1 
 0 
 0 
 0 
 0 
 0 
 0 
 0 
 0 
 1 
 0 
 0 
 0 
 1 
 0 
 0 
 0 
 0 
 0 
 0 
 0 
 0 
 0 
 1 
 2 
 0 
 0 
 1 
 0 
 0 
 1 
 0 
 0 
 0 
 0 
 0 
 0 
 0 
 0 
 0 
 0 
 0 
 0 
 0 
 0 
 0 
 0 
 0 
 0 
 0 
 0 
 0 
 0 
 0 
 0 
 0 
 0 
 0 
 0 
 0 
 0 
 0 
 0 
 0 
 0 
 0 
 0 
 1 
 0 
 0 
 1 
 0 
 0 
 0 
 0 
 0 
 0 
 0 
 0 
 0 
 0 
 0 
 0 
 0 
 0 
 0 
 0 
 0 
 0 
 0 
 0 
 0 
 0 
 0 
 0 
 0 
 0 
 0 
 0 
 0 
 0 
 0 
 0 
 0 
 0 
 0 
 0 
 0 
 0 
 0 
 0 
 0 
 0 
 0 
 0 
 0 
 0 
 0 
 0 
 0 
 0 
 0 
 0 
 0 
 0 
 0 
 0 
 0 
 0 
 0 
 0 
 0 
 0 
 0 
 0 
 0 
 0 
 0 
 0 
 0 
 0 
 0 
 0 
 0 
 0 
 0 
 0 
 0 
 0 
 0 
 0 
 0 
 0 
 0 
 0 
 0 
 0 
 0 
 1 
 0 
 0 
 0 
 0 
 0 
 0 
 0 
 0 
 0 
 0 
 0 
 0 
 0 
 0 
 0 
 0 
 0 
 0 
 0 
 0 
 0 
 0 
 0 
 0 
 0 
 0 
 0 
 0 
 0 
 0 
 0 
 0 
 0 
 0 
 0 
 0 
 0 
 0 
 0 
 0 
 0 
 0 
 0 
 0 
 0 
 0 
 0 
 0 
 0 
 0 
 0 
 0 
 0 
 0 
 0 
 0 
 0 
 0 
 0 
 0 
 0 
 0 
 0 
 0 
 0 
 0 
 0 
 0 
 0 
 0 
 0 
 0 
 0 
 0 
 0 
 0 
 0 
 0 
 0 
 0 
 0 
 0 
 0 
 0 
 0 
 0 
 0 
 0 
 0 
 0 
 0 
 0 
 0 
 0 
 0 
 0 
 0 
 0 
 0 
 0 
 0 
 0 
 0 
 0 
 0 
 0 
 0 
 0 
 0 
 0 
 0 
 0 
 0 
 0 
 0 
 0 
 0 
 0 
 0 
 0 
 0 
 0 
 0 
 0 
 0 
 0 
 0 
 0 
 0 
 0 
 0 
 0 
 0 
 0 
 0 
 0 
 0 
 0 
 0 
 0 
 0 
 0 
 0 
 0 
 0 
 0 
 0 
 0 
 0 
 0 
 0 
 0 
 0 
 1 
 0 
 0 
 0 
 0 
 0 
 0 
 0 
 1 
 0 
 0 
 0 
 0 
 0 
 0 
 0 
 0 
 0 
 0 
 0 
 0 
 0 
 0 
 0 
 0 
 0 
 0 
 0 
 0 
 0 
 1 
 0 
 0 
 0 
 0 
 0 
 0 
 0 
 0 
 0 
 0 
 0 
 0 
 0 
 0 
 0 
 0 
 0 
 0 
 0 
 0 
 0 
 0 
 0 
 0 
 0 
 0 
 0 
 0 
 1 
 0 
 0 
 0 
 0 
 0 
 0 
 0 
 0 
 0 
 0 
 0 
 0 
 0 
 0 
 0 
 0 
 0 
 0 
 0 
 0 
 0 
 0 
 0 
 0 
 0 
 0 
 0 
 0 
 0 
 0 
 0 
 0 
 0 
 0 
 0 
 1 
 0 
 0 
 0 
 0 
 0 
 0 
 0 
 0 
 0 
 0 
 0 
 1 
 0 
 0 
 0 
 0 
 0 
 0 
 0 
 0 
 0 
 0 
 0 
 0 
 0 
 0 
 0 
 0 
 0 
 0 
 0 
 0 
 0 
 0 
 0 
 0 
 0 
 0 
 0 
 0 
 0 
 0 
 0 
 0 
 0 
 0 
 0 
 0 
 0 
 0 
 0 
 0 
 0 
 0 
 0 
 0 
 0 
 0 
 0 
 0 
 0 
 0 
 0 
 0 
 0 
 0 
 0 
 0 
 0 
 0 
 0 
 0 
 0 
 0 
 0 
 1 
 0 
 0 
 0 
 0 
 0 
 0 
 0 
 0 
 0 
 1 
 0 
 0 
 0 
 0 
 0 
 0 
 0 
 0 
 0 
 0 
 0 
 0 
 0 
 0 
 0 
 0 
 0 
 0 
 0 
 0 
 0 
 0 
 0 
 0 
 0 
 0 
 0 
 0 
 0 
 0 
 0 
 0 
 0 
 0 
 0 
 0 
 0 
 0 
 0 
 0 
 0 
 0 
 0 
 0 
 0 
 0 
 0 
 0 
 0 
 0 
 0 
 0 
 0 
 0 
 0 
 0 
 0 
 0 
 0 
 0 
 0 
 0 
 0 
 0 
 0 
 0 
 0 
 0 
 0 
 1 
 0 
 1 
 0 
 0 
 0 
 0 
 0 
 0 
 0 
 0 
 0 
 0 
 0 
 0 
 0 
 0 
 0 
 0 
 0 
 0 
 0 
 0 
 0 
 0 
 0 
 0 
 0 
 0 
 0 
 0 
 0 
 0 
 0 
 0 
 0 
 0 
 0 
 0 
 0 
 0 
 0 
 0 
 0 
 0 
 0 
 0 
 0 
 0 
 0 
 0 
 0 
 0 
 0 
 0 
 0 
 0 
 0 
 0 
 0 
 0 
 0 
 0 
 0 
 0 
 0 
 0 
 0 
 0 
 0 
 0 
 0 
 0 
 0 
 0 
 0 
 0 
 0 
 0 
 0 
 0 
 0 
 0 
 0 
 0 
 0 
 0 
 0 
 0 
 0 
 0 
 0 
 0 
 0 
 0 
 0 
 0 
 0 
 0 
 0 
 0 
 0 
 0 
 0 
 0 
 0 
 0 
 0 
 0 
 0 
 0 
 0 
 0 
 0 
 0 
 0 
 0 
 0 
 0 
 0 
 0 
 0 
 0 
 0 
 0 
 0 
 0 
 0 
 0 
 0 
 0 
 0 
 0 
 0 
 0 
 0 
 0 
 0 
 0 
 0 
 0 
 0 
 0 
 0 
 0 
 0 
 0 
 0 
 0 
 0 
 0 
 0 
 0 
 0 
 0 
 0 
 0 
 0 
 0 
 0 
 0 
 0 
 0 
 0 
 0 
 0 
 0 
 0 
 0 
 0 
 0 
 0 
 0 
 0 
 0 
 0 
 0 
 0 
 0 
 0 
 0 
 0 
 0 
 0 
 0 
 0 
 0 
 0 
 0 
 0 
 0 
 0 
 0 
 0 
 0 
 0 
 0 
 0 
 0 
 0 
 0 
 0 
 0 
 0 
 0 
 0 
 0 
 0 
 0 
 0 
 0 
 0 
 0 
 0 
 0 
 0 
 0 
 0 
 0 
 0 
 0 
 0 
 0 
 0 
 0 
 0 
 0 
 0 
 0 
 0 
 0 
 0 
 0 
 0 
 0 
 0 
 0 
 0 
 0 
 0 
 0 
 0 
 0 
 0 
 0 
 0 
 0 
 0 
 0 
 0 
 0 
 0 
 0 
 0 
 0 
 0 
 0 
 1 
 0 
 0 
 0 
 0 
 0 
 0 
 0 
 0 
 0 
 0 
 0 
 0 
 0 
 0 
 0 
 0 
 0 
 0 
 0 
 0 
 0 
 0 
 0 
 0 
 0 
 0 
 0 
 0 
 0 
 0 
 0 
 0 
 0 
 0 
 0 
 0 
 0 
 0 
 0 
 0 
 0 
 0 
 0 
 0 
 0 
 0 
 0 
 0 
 0 
 0 
 0 
 0 
 0 
 0 
 0 
 0 
 0 
 0 
 0 
 0 
 0 
 0 
 1 
 0 
 0 
 0 
 0 
 0 
 0 
 0 
 0 
 0 
 0 
 0 
 0 
 0 
 0 
 0 
 0 
 0 
 0 
 0 
 0 
 0 
 0 
 0 
 0 
 0 
 0 
 0 
 0 
 0 
 0 
 0 
 0 
 0 
 0 
 0 
 0 
 0 
 0 
 0 
 0 
 0 
 0 
 0 
 0 
 0 
 0 
 0 
 0 
 0 
 0 
 0 
 0 
 0 
 0 
 0 
 0 
 0 
 0 
 0 
 0 
 0 
 0 
 0 
 0 
 0 
 0 
 0 
 0 
 0 
 0 
 0 
 0 
 0 
 0 
 0 
 0 
 0 
 0 
 0 
 0 
 0 
 0 
 0 
 0 
 0 
 0 
 0 
 0 
 0 
 0 
 0 
 0 
 0 
 0 
 0 
 0 
 0 
 0 
 0 
 0 
 0 
 0 
 0 
 0 
 0 
 0 
 0 
 0 
 0 
 0 
 0 
 0 
 0 
 0 
 0 
 0 
 0 
 0 
 0 
 0 
 0 
 0 
 0 
 0 
 0 
 0 
 0 
 0 
 0 
 0 
 0 
 0 
 0 
 0 
 0 
 0 
 0 
 0 
 0 
 0 
 0 
 0 
 0 
 0 
 0 
 0 
 0 
 0 
 0 
 0 
 0 
 0 
 0 
 0 
 0 
 0 
 0 
 0 
 0 
 0 
 0 
 0 
 0 
 0 
 0 
 0 
 0 
 0 
 0 
 0 
 0 
 0 
 0 
 0 
 0 
 0 
 0 
 0 
 0 
 0 
 0 
 0 
 0 
 0 
 0 
 0 
 0 
 0 
 0 
 0 
 0 
 0 
 0 
 0 
 0 
 0 
 0 
 0 
 0 
 0 
 0 
 0 
 0 
 0 
 0 
 0 
 0 
 0 
 0 
 0 
 0 
 0 
 0 
 0 
 0 
 0 
 0 
 0 
 0 
 0 
 0 
 0 
 0 
 0 
 0 
 0 
 0 
 0 
 0 
 0 
 0 
 0 
 0 
 0 
 0 
 0 
 0 
 0 
 0 
 0 
 0 
 0 
 0 
 0 
 0 
 0 
 0 
 0 
 0 
 0 
 0 
 0 
 0 
 0 
 0 
 0 
 0 
 0 
 0 
 0 
 0 
 0 
 0 
 0 
 0 
 0 
 0 
 0 
 0 
 0 
 0 
 0 
 0 
 0 
 0 
 0 
 0 
 0 
 0 
 0 
 0 
 0 
 0 
 0 
 0 
 0 
 0 
 0 
 0 
 0 
 0 
 0 
 0 
 0 
 0 
 0 
 0 
 0 
 0 
 0 
 0 
 0 
 0 
 0 
 0 
 0 
 0 
 0 
 0 
 0 
 0 
 0 
 0 
 0 
 0 
 0 
 0 
 0 
 0 
 0 
 0 
 0 
 0 
 0 
 0 
 0 
 0 
 0 
 0 
 0 
 0 
 0 
 0 
 0 
 0 
 0 
 0 
 0 
 0 
 0 
 0 
 0 
 0 
 0 
 0 
 0 
 0 
 0 
 0 
 0 
 0 
 0 
 0 
 0 
 0 
 0 
 0 
 0 
 0 
 0 
 0 
 0 
 0 
 0 
 0 
 0 
 0 
 0 
 0 
 0 
 0 
 0 
 0 
 0 
 0 
 0 
 0 
 0 
 0 
 0 
 0 
 0 
 0 
 0 
 0 
 0 
 0 
 0 
 0 
 0 
 0 
 0 
 0 
 0 
 0 
 0 
 0 
 0 
 0 
 0 
 0 
 0 
 0 
 0 
 0 
 0 
 0 
 0 
 0 
 0 
 0 
 0 
 0 
 0 
 0 
 0 
 0 
 0 
 0 
 0 
 0 
 0 
 0 
 0 
 0 
 0 
 0 
 0 
 0 
 0 
 0 
 0 
 0 
 0 
 0 
 0 
 0 
 0 
 0 
 0 
 0 
 0 
 0 
 0 
 0 
 0 
 0 
 0 
 0 
 0 
 0 
 0 
 0 
 0 
 0 
 0 
 0 
 0 
 0 
 0 
 0 
 0 
 0 
 0 
 0 
 0 
 0 
 0 
 0 
 0 
 0 
 0 
 0 
 0 
 0 
 0 
 0 
 0 
 0 
 0 
 0 
 0 
 0 
 0 
 0 
 0 
 0 
 0 
 0 
 0 
 0 
 0 
 0 
 0 
 0 
 0 
 0 
 0 
 0 
 0 
 0 
 0 
 0 
 0 
 0 
 0 
 0 
 0 
 0 
 0 
 0 
 0 
 0 
 0 
 0 
 0 
 0 
 0 
 0 
 0 
 0 
 0 
 0 
 0 
 0 
 0 
 0 
 0 
 0 
 0 
 0 
 0 
 0 
 0 
 0 
 0 
 0 
 0 
 0 
 0 
 0 
 0 
 0 
 0 
 0 
 0 
 0 
 0 
 0 
 0 
 0 
 0 
 0 
 0 
 0 
 0 
 0 
 0 
 0 
 0 
 0 
 0 
 0 
 0 
 0 
 0 
 0 
 0 
 0 
 0 
 0 
 0 
 0 
 0 
 0 
 0 
 0 
 0 
 0 
 0 
 0 
 0 
 0 
 0 
 0 
 0 
 0 
 0 
 0 
 0 
 0 
 0 
 0 
 0 
 0 
 0 
 0 
 0 
 0 
 0 
 0 
 0 
 0 
 0 
 0 
 0 
 0 
 0 
 0 
 0 
 0 
 0 
 0 
 0 
 0 
 0 
 0 
 0 
 0 
 0 
 0 
 0 
 0 
 0 
 0 
 0 
 0 
 0 
 0 
 0 
 0 
 0 
 0 
 0 
 0 
 0 
 0 
 0 
 0 
 0 
 0 
 0 
 0 
 0 
 0 
 0 
 0 
 0 
 0 
 0 
 0 
 0 
 0 
 0 
 0 
 0 
 0 
 0 
 0 
 0 
 0 
 0 
 0 
 0 
 0 
 0 
 0 
 0 
 0 
 0 
 0 
 0 
 0 
 0 
 0 
 0 
 0 
 0 
 0 
 0 
 0 
 0 
 0 
 0 
 0 
 0 
 0 
 0 
 0 
 0 
 0 
 0 
 0 
 0 
 0 
 0 
 0 
 0 
 0 
 0 
 0 
 0 
 0 
 0 
 0 
 0 
 0 
 0 
 0 
 0 
 0 
 0 
 0 
 0 
 0 
 0 
 0 
 0 
 0 
 0 
 0 
 0 
 0 
 0 
 0 
 0 
 0 
 0 
 0 
 0 
 0 
 0 
 0 
 0 
 0 
 0 
 0 
 0 
 0 
 0 
 0 
 0 
 0 
 0 
 0 
 0 
 0 
 0 
 0 
 0 
 0 
 0 
 0 
 0 
 0 
 0 
 0 
 0 
 0 
 0 
 0 
 0 
 0 
 0 
 0 
 0 
 0 
 0 
 0 
 0 
 0 
 0 
 0 
 0 
 0 
 0 
 0 
 0 
 0 
 0 
 0 
 0 
 0 
 0 
 0 
 0 
 0 
 0 
 0 
 0 
 0 
 0 
 0 
 0 
 0 
 0 
 0 
 0 
 0 
 0 
 0 
 0 
 0 
 0 
 0 
 0 
 0 
 0 
 0 
 0 
 0 
 0 
 0 
 0 
 0 
 0 
 0 
 0 
 0 
 0 
 0 
 0 
 0 
 0 
 0 
 0 
 0 
 0 
 0 
 0 
 0 
 0 
 0 
 0 
 0 
 0 
 0 
 0 
 0 
 0 
 0 
 0 
 0 
 0 
 0 
 0 
 0 
 0 
 0 
 0 
 0 
 0 
 0 
 0 
 0 
 0 
 0 
 0 
 0 
 0 
 0 
 0 
 0 
 0 
 0 
 0 
 0 
 0 
 0 
 0 
 0 
 0 
 0 
 0 
 0 
 0 
 0 
 0 
 0 
 0 
 0 
 0 
 0 
 0 
 0 
 0 
 0 
 0 
 0 
 0 
 0 
 0 
 0 
 0 
 0 
 0 
 0 
 0 
 0 
 0 
 0 
 0 
 0 
 0 
 0 
 0 
 0 
 0 
 0 
 0 
 0 
 0 
 0 
 0 
 0 
 0 
 0 
 0 
 0 
 0 
 0 
 0 
 0 
 0 
 0 
 0 
 0 
 0 
 0 
 0 
 0 
 0 
 0 
 0 
 0 
 0 
 0 
 0 
 0 
 0 
 0 
 0 
 0 
 0 
 0 
 0 
 0 
 0 
 0 
 0 
 0 
 0 
 0 
 0 
 0 
 0 
 0 
 0 
 0 
 0 
 0 
 0 
 0 
 0 
 0 
 0 
 0 
 0 
 0 
 0 
 0 
 0 
 0 
 0 
 0 
 0 
 0 
 0 
 0 
 0 
 0 
 0 
 0 
 0 
 0 
 0 
 0 
 0 
 0 
 0 
 0 
 0 
 0 
 0 
 0 
 0 
 0 
 0 
 0 
 0 
 0 
 0 
 0 
 0 
 0 
 0 
 0 
 0 
 0 
 0 
 0 
 0 
 0 
 0 
 0 
 0 
 0 
 0 
 0 
 0 
 0 
 0 
 0 
 0 
 0 
 0 
 0 
 0 
 0 
 0 
 0 
 0 
 0 
 0 
 0 
 0 
 0 
 0 
 0 
 0 
 0 
 0 
 0 
 0 
 0 
 0 
 0 
 0 
 0 
 0 
 0 
 0 
 0 
 0 
 0 
 0 
 0 
 0 
 1 
 0 
 0 
 0 
 0 
 0 
 0 
 0 
 0 
 0 
 0 
 0 
 0 
 0 
 0 
 0 
 0 
 0 
 0 
 0 
 0 
 0 
 0 
 0 
 0 
 0 
 0 
 0 
 0 
 0 
 0 
 0 
 0 
 0 
 0 
 0 
 0 
 0 
 0 
 0 
 0 
 0 
 0 
 0 
 0 
 0 
 0 
 0 
 0 
 0 
 0 
 0 
 0 
 0 
 0 
 0 
 0 
 0 
 0 
 0 
 0 
 0 
 0 
 0 
 0 
 0 
 0 
 0 
 0 
 0 
 0 
 0 
 0 
 0 
 0 
 0 
 0 
 0 
 0 
 0 
 0 
 0 
 0 
 0 
 0 
 0 
 0 
 0 
 0 
 0 
 0 
 0 
 0 
 0 
 0 
 0 
 0 
 0 
 0 
 0 
 0 
 0 
 0 
 0 
 0 
 0 
 0 
 0 
