 0 
 0 
 0 
 0 
 0 
 0 
 0 
 0 
 0 
 0 
 0 
 0 
 0 
 0 
 0 
 0 
 1 
 0 
 0 
 0 
 1 
 1 
 1 
 0 
 2 
 5 
 5 
 9 
 7 
 12 
 6 
 11 
 26 
 29 
 23 
 33 
 32 
 54 
 44 
 55 
 70 
 56 
 70 
 73 
 70 
 69 
 61 
 85 
 82 
 88 
 81 
 79 
 87 
 86 
 76 
 70 
 99 
 86 
 100 
 123 
 87 
 109 
 103 
 100 
 103 
 113 
 113 
 95 
 103 
 84 
 106 
 123 
 101 
 108 
 101 
 107 
 109 
 104 
 121 
 124 
 133 
 129 
 145 
 125 
 131 
 166 
 179 
 168 
 199 
 185 
 201 
 219 
 228 
 253 
 234 
 227 
 250 
 256 
 233 
 235 
 234 
 243 
 224 
 213 
 225 
 219 
 199 
 192 
 184 
 184 
 152 
 183 
 174 
 163 
 159 
 150 
 144 
 136 
 127 
 118 
 125 
 122 
 129 
 120 
 116 
 122 
 116 
 123 
 134 
 116 
 110 
 115 
 133 
 123 
 146 
 129 
 142 
 117 
 129 
 131 
 112 
 151 
 137 
 128 
 129 
 143 
 140 
 143 
 124 
 140 
 132 
 139 
 142 
 114 
 134 
 139 
 113 
 109 
 121 
 139 
 127 
 109 
 122 
 128 
 133 
 137 
 120 
 132 
 137 
 137 
 144 
 121 
 131 
 152 
 153 
 122 
 119 
 125 
 136 
 137 
 151 
 114 
 132 
 166 
 131 
 142 
 149 
 115 
 114 
 150 
 129 
 147 
 136 
 144 
 128 
 131 
 117 
 151 
 146 
 151 
 131 
 111 
 147 
 164 
 157 
 159 
 164 
 150 
 153 
 154 
 164 
 157 
 173 
 173 
 141 
 161 
 166 
 151 
 165 
 160 
 154 
 168 
 160 
 138 
 148 
 151 
 145 
 135 
 157 
 167 
 138 
 138 
 140 
 145 
 143 
 121 
 147 
 159 
 156 
 126 
 127 
 123 
 130 
 139 
 130 
 138 
 163 
 139 
 137 
 124 
 151 
 144 
 135 
 140 
 159 
 138 
 114 
 156 
 113 
 128 
 127 
 132 
 121 
 138 
 142 
 115 
 131 
 140 
 127 
 144 
 136 
 134 
 119 
 132 
 114 
 138 
 147 
 108 
 116 
 123 
 144 
 125 
 127 
 133 
 121 
 111 
 151 
 107 
 116 
 109 
 118 
 96 
 108 
 115 
 107 
 117 
 120 
 104 
 114 
 89 
 108 
 123 
 104 
 100 
 113 
 115 
 120 
 89 
 98 
 99 
 92 
 105 
 94 
 98 
 72 
 97 
 80 
 83 
 113 
 78 
 110 
 85 
 87 
 111 
 91 
 87 
 75 
 81 
 98 
 85 
 94 
 74 
 98 
 97 
 101 
 95 
 97 
 78 
 83 
 112 
 74 
 96 
 85 
 101 
 83 
 78 
 75 
 93 
 87 
 87 
 85 
 84 
 79 
 91 
 87 
 95 
 91 
 68 
 101 
 85 
 78 
 92 
 88 
 72 
 65 
 77 
 78 
 76 
 79 
 86 
 65 
 74 
 69 
 67 
 69 
 74 
 62 
 78 
 70 
 73 
 82 
 53 
 66 
 58 
 56 
 60 
 62 
 63 
 70 
 45 
 67 
 65 
 57 
 59 
 66 
 62 
 57 
 61 
 60 
 56 
 63 
 49 
 56 
 73 
 53 
 60 
 53 
 46 
 59 
 44 
 47 
 39 
 48 
 47 
 42 
 52 
 40 
 45 
 58 
 36 
 46 
 40 
 47 
 60 
 44 
 46 
 40 
 31 
 44 
 45 
 33 
 50 
 51 
 42 
 48 
 48 
 37 
 40 
 39 
 45 
 47 
 34 
 34 
 36 
 48 
 56 
 44 
 48 
 44 
 44 
 44 
 31 
 39 
 45 
 43 
 44 
 36 
 40 
 40 
 54 
 27 
 37 
 39 
 44 
 39 
 47 
 46 
 57 
 47 
 41 
 47 
 39 
 41 
 37 
 53 
 42 
 40 
 46 
 41 
 41 
 49 
 48 
 53 
 57 
 46 
 45 
 41 
 44 
 50 
 36 
 42 
 47 
 54 
 41 
 64 
 57 
 46 
 50 
 43 
 49 
 46 
 37 
 53 
 43 
 42 
 52 
 35 
 43 
 43 
 58 
 52 
 39 
 46 
 43 
 51 
 52 
 59 
 54 
 48 
 45 
 51 
 45 
 42 
 48 
 60 
 47 
 48 
 49 
 52 
 58 
 29 
 50 
 51 
 62 
 60 
 56 
 59 
 60 
 71 
 70 
 75 
 86 
 73 
 67 
 98 
 69 
 76 
 110 
 87 
 100 
 112 
 121 
 111 
 117 
 120 
 121 
 145 
 147 
 142 
 138 
 167 
 157 
 176 
 175 
 181 
 183 
 199 
 217 
 239 
 211 
 235 
 252 
 236 
 250 
 253 
 252 
 281 
 232 
 264 
 272 
 292 
 274 
 292 
 310 
 266 
 278 
 315 
 292 
 301 
 289 
 256 
 253 
 246 
 270 
 248 
 262 
 226 
 247 
 259 
 212 
 209 
 233 
 202 
 203 
 192 
 182 
 170 
 149 
 145 
 151 
 145 
 123 
 121 
 120 
 92 
 104 
 87 
 90 
 73 
 75 
 78 
 76 
 50 
 68 
 41 
 58 
 58 
 52 
 41 
 39 
 22 
 35 
 20 
 31 
 29 
 23 
 29 
 19 
 29 
 16 
 21 
 22 
 21 
 17 
 17 
 13 
 11 
 19 
 17 
 12 
 8 
 20 
 27 
 14 
 20 
 12 
 22 
 21 
 18 
 23 
 11 
 13 
 13 
 15 
 12 
 17 
 7 
 11 
 14 
 13 
 22 
 15 
 15 
 15 
 20 
 22 
 14 
 16 
 15 
 18 
 17 
 16 
 11 
 13 
 17 
 13 
 10 
 15 
 16 
 7 
 14 
 11 
 11 
 13 
 21 
 14 
 12 
 14 
 17 
 13 
 18 
 7 
 13 
 14 
 17 
 21 
 14 
 19 
 9 
 8 
 8 
 11 
 12 
 18 
 14 
 13 
 21 
 23 
 21 
 15 
 11 
 18 
 10 
 16 
 9 
 19 
 16 
 9 
 12 
 16 
 10 
 5 
 14 
 11 
 5 
 13 
 15 
 17 
 18 
 11 
 15 
 13 
 9 
 8 
 15 
 20 
 15 
 15 
 15 
 7 
 13 
 22 
 24 
 12 
 9 
 12 
 14 
 11 
 11 
 12 
 16 
 8 
 22 
 11 
 20 
 12 
 16 
 11 
 9 
 16 
 11 
 12 
 12 
 10 
 18 
 14 
 11 
 18 
 10 
 10 
 10 
 13 
 16 
 5 
 16 
 16 
 15 
 11 
 8 
 16 
 10 
 11 
 6 
 10 
 13 
 13 
 19 
 12 
 9 
 12 
 13 
 13 
 18 
 19 
 13 
 12 
 16 
 5 
 13 
 10 
 7 
 16 
 22 
 13 
 14 
 14 
 14 
 15 
 15 
 11 
 15 
 10 
 10 
 16 
 9 
 6 
 18 
 10 
 12 
 14 
 20 
 10 
 16 
 18 
 21 
 10 
 12 
 9 
 16 
 15 
 11 
 17 
 14 
 17 
 19 
 14 
 12 
 11 
 18 
 9 
 20 
 8 
 6 
 11 
 15 
 12 
 14 
 19 
 9 
 20 
 10 
 15 
 13 
 15 
 14 
 7 
 14 
 12 
 10 
 22 
 18 
 20 
 15 
 13 
 12 
 19 
 11 
 14 
 12 
 9 
 16 
 6 
 15 
 19 
 13 
 20 
 8 
 16 
 14 
 10 
 8 
 6 
 11 
 13 
 12 
 14 
 15 
 19 
 19 
 12 
 11 
 12 
 9 
 17 
 13 
 14 
 13 
 12 
 14 
 16 
 9 
 12 
 14 
 9 
 17 
 11 
 14 
 9 
 15 
 16 
 14 
 14 
 19 
 9 
 21 
 9 
 10 
 12 
 14 
 12 
 11 
 16 
 13 
 13 
 16 
 18 
 14 
 20 
 18 
 10 
 7 
 17 
 16 
 7 
 10 
 19 
 15 
 13 
 10 
 6 
 8 
 14 
 12 
 15 
 9 
 8 
 15 
 13 
 14 
 8 
 19 
 18 
 10 
 15 
 12 
 14 
 12 
 14 
 19 
 13 
 17 
 18 
 12 
 14 
 10 
 12 
 12 
 15 
 12 
 11 
 13 
 11 
 12 
 15 
 15 
 18 
 12 
 15 
 12 
 14 
 16 
 10 
 12 
 11 
 15 
 14 
 16 
 20 
 11 
 16 
 18 
 16 
 10 
 9 
 15 
 11 
 11 
 15 
 25 
 11 
 9 
 14 
 14 
 14 
 11 
 11 
 10 
 14 
 15 
 15 
 16 
 15 
 14 
 17 
 19 
 11 
 13 
 19 
 18 
 15 
 11 
 13 
 16 
 21 
 11 
 15 
 18 
 10 
 12 
 12 
 9 
 15 
 16 
 9 
 24 
 15 
 15 
 14 
 17 
 9 
 18 
 18 
 11 
 14 
 20 
 17 
 22 
 18 
 10 
 10 
 23 
 17 
 21 
 17 
 14 
 11 
 12 
 20 
 7 
 12 
 13 
 17 
 13 
 10 
 17 
 22 
 16 
 8 
 17 
 17 
 15 
 17 
 22 
 30 
 20 
 18 
 17 
 11 
 13 
 14 
 15 
 17 
 24 
 14 
 8 
 16 
 21 
 15 
 19 
 16 
 23 
 23 
 22 
 15 
 6 
 16 
 14 
 15 
 6 
 10 
 12 
 15 
 17 
 17 
 15 
 8 
 13 
 16 
 16 
 20 
 17 
 15 
 13 
 21 
 5 
 13 
 17 
 17 
 16 
 13 
 21 
 14 
 21 
 18 
 17 
 18 
 18 
 14 
 14 
 19 
 17 
 15 
 11 
 15 
 11 
 11 
 6 
 8 
 18 
 13 
 8 
 12 
 17 
 7 
 11 
 5 
 13 
 11 
 13 
 12 
 8 
 8 
 12 
 11 
 11 
 8 
 6 
 12 
 10 
 13 
 9 
 7 
 16 
 11 
 11 
 14 
 10 
 17 
 11 
 6 
 5 
 12 
 9 
 11 
 13 
 9 
 10 
 8 
 5 
 10 
 12 
 5 
 7 
 4 
 7 
 6 
 4 
 8 
 4 
 2 
 7 
 9 
 3 
 4 
 7 
 5 
 4 
 3 
 4 
 8 
 2 
 5 
 7 
 9 
 5 
 12 
 2 
 9 
 6 
 4 
 4 
 9 
 12 
 8 
 3 
 3 
 5 
 3 
 5 
 5 
 3 
 3 
 8 
 3 
 5 
 5 
 7 
 4 
 4 
 5 
 5 
 3 
 5 
 11 
 11 
 1 
 2 
 5 
 2 
 4 
 3 
 4 
 8 
 1 
 5 
 2 
 3 
 2 
 5 
 3 
 5 
 5 
 5 
 1 
 4 
 1 
 3 
 8 
 2 
 7 
 3 
 7 
 3 
 4 
 6 
 2 
 5 
 4 
 3 
 8 
 4 
 2 
 3 
 7 
 3 
 7 
 4 
 3 
 4 
 4 
 3 
 4 
 5 
 2 
 3 
 7 
 5 
 6 
 6 
 8 
 1 
 5 
 3 
 5 
 2 
 6 
 3 
 2 
 5 
 5 
 2 
 4 
 0 
 7 
 1 
 2 
 2 
 3 
 5 
 3 
 5 
 3 
 1 
 1 
 8 
 4 
 8 
 1 
 4 
 2 
 4 
 4 
 8 
 4 
 6 
 4 
 6 
 3 
 3 
 7 
 5 
 10 
 5 
 3 
 2 
 3 
 6 
 5 
 7 
 11 
 5 
 5 
 9 
 10 
 10 
 7 
 4 
 7 
 9 
 4 
 5 
 6 
 15 
 13 
 12 
 12 
 5 
 19 
 7 
 9 
 14 
 19 
 18 
 19 
 10 
 15 
 18 
 18 
 24 
 21 
 34 
 25 
 19 
 20 
 29 
 22 
 30 
 27 
 25 
 26 
 27 
 24 
 35 
 31 
 30 
 46 
 33 
 36 
 29 
 33 
 41 
 51 
 38 
 42 
 40 
 45 
 46 
 33 
 35 
 47 
 53 
 48 
 44 
 38 
 48 
 33 
 49 
 46 
 50 
 42 
 56 
 69 
 38 
 44 
 38 
 50 
 41 
 42 
 45 
 46 
 38 
 36 
 35 
 37 
 31 
 38 
 47 
 44 
 36 
 37 
 39 
 37 
 47 
 48 
 37 
 28 
 41 
 33 
 28 
 37 
 34 
 38 
 36 
 28 
 30 
 33 
 34 
 27 
 23 
 26 
 30 
 16 
 15 
 24 
 14 
 19 
 27 
 16 
 16 
 22 
 13 
 14 
 12 
 14 
 12 
 10 
 8 
 11 
 11 
 6 
 13 
 7 
 9 
 11 
 8 
 7 
 10 
 10 
 12 
 12 
 7 
 5 
 7 
 4 
 9 
 7 
 3 
 5 
 6 
 3 
 5 
 3 
 2 
 1 
 2 
 2 
 3 
 2 
 2 
 1 
 2 
 2 
 3 
 2 
 2 
 2 
 3 
 2 
 1 
 2 
 2 
 0 
 2 
 1 
 1 
 0 
 0 
 2 
 1 
 2 
 2 
 1 
 0 
 1 
 0 
 2 
 1 
 0 
 1 
 1 
 2 
 0 
 1 
 1 
 3 
 0 
 0 
 1 
 1 
 0 
 1 
 0 
 1 
 0 
 0 
 1 
 0 
 0 
 0 
 0 
 0 
 0 
 0 
 1 
 1 
 0 
 0 
 0 
 1 
 2 
 1 
 0 
 0 
 1 
 0 
 0 
 0 
 1 
 0 
 0 
 1 
 0 
 0 
 0 
 0 
 0 
 1 
 1 
 0 
 0 
 0 
 0 
 0 
 0 
 0 
 0 
 0 
 0 
 0 
 0 
 0 
 1 
 2 
 0 
 1 
 1 
 0 
 1 
 1 
 1 
 0 
 0 
 0 
 0 
 0 
 0 
 0 
 0 
 2 
 0 
 1 
 1 
 1 
 0 
 0 
 1 
 0 
 1 
 0 
 0 
 0 
 0 
 1 
 0 
 0 
 0 
 0 
 0 
 2 
 0 
 0 
 0 
 1 
 0 
 0 
 0 
 0 
 1 
 0 
 2 
 0 
 0 
 0 
 0 
 0 
 1 
 0 
 1 
 0 
 0 
 0 
 0 
 0 
 0 
 0 
 0 
 0 
 1 
 1 
 0 
 0 
 1 
 0 
 0 
 0 
 0 
 0 
 2 
 0 
 1 
 0 
 0 
 0 
 0 
 0 
 0 
 0 
 0 
 0 
 0 
 2 
 1 
 0 
 1 
 0 
 0 
 0 
 0 
 0 
 0 
 0 
 3 
 0 
 0 
 0 
 0 
 0 
 0 
 0 
 0 
 0 
 0 
 0 
 1 
 0 
 0 
 0 
 1 
 0 
 0 
 0 
 0 
 0 
 0 
 0 
 0 
 0 
 0 
 1 
 1 
 1 
 1 
 1 
 0 
 0 
 0 
 0 
 1 
 0 
 0 
 0 
 0 
 0 
 0 
 0 
 0 
 0 
 0 
 0 
 0 
 0 
 0 
 0 
 0 
 1 
 0 
 0 
 0 
 0 
 1 
 0 
 0 
 0 
 0 
 0 
 0 
 0 
 0 
 0 
 0 
 1 
 0 
 0 
 0 
 0 
 0 
 0 
 0 
 0 
 0 
 0 
 0 
 0 
 0 
 0 
 0 
 0 
 0 
 1 
 0 
 0 
 1 
 0 
 0 
 1 
 0 
 0 
 0 
 0 
 0 
 0 
 0 
 0 
 0 
 0 
 0 
 0 
 0 
 0 
 0 
 0 
 0 
 0 
 0 
 0 
 0 
 0 
 0 
 0 
 0 
 0 
 0 
 0 
 0 
 0 
 0 
 0 
 0 
 0 
 0 
 0 
 0 
 0 
 0 
 0 
 0 
 0 
 0 
 0 
 0 
 0 
 0 
 0 
 0 
 0 
 0 
 0 
 0 
 0 
 0 
 1 
 0 
 0 
 0 
 0 
 0 
 0 
 0 
 0 
 0 
 0 
 0 
 0 
 0 
 0 
 0 
 0 
 0 
 0 
 0 
 0 
 0 
 1 
 0 
 0 
 0 
 1 
 0 
 0 
 0 
 0 
 0 
 0 
 0 
 0 
 0 
 0 
 0 
 0 
 0 
 0 
 0 
 0 
 0 
 0 
 0 
 0 
 0 
 0 
 0 
 0 
 0 
 0 
 0 
 0 
 0 
 0 
 1 
 0 
 0 
 0 
 0 
 0 
 0 
 0 
 0 
 0 
 0 
 0 
 0 
 0 
 0 
 0 
 0 
 0 
 0 
 0 
 0 
 0 
 0 
 0 
 0 
 0 
 0 
 0 
 0 
 1 
 0 
 0 
 0 
 1 
 0 
 0 
 0 
 0 
 0 
 0 
 0 
 0 
 0 
 0 
 0 
 0 
 0 
 0 
 1 
 0 
 0 
 0 
 0 
 0 
 0 
 0 
 0 
 0 
 1 
 0 
 0 
 1 
 0 
 0 
 0 
 0 
 0 
 0 
 0 
 0 
 0 
 0 
 0 
 1 
 0 
 0 
 1 
 0 
 0 
 0 
 0 
 0 
 0 
 0 
 0 
 0 
 0 
 0 
 0 
 1 
 0 
 0 
 0 
 0 
 0 
 0 
 0 
 0 
 0 
 0 
 0 
 0 
 0 
 0 
 0 
 1 
 0 
 0 
 1 
 0 
 0 
 0 
 1 
 0 
 0 
 0 
 0 
 0 
 0 
 0 
 0 
 0 
 0 
 0 
 0 
 0 
 0 
 0 
 0 
 1 
 1 
 0 
 0 
 0 
 0 
 0 
 0 
 0 
 0 
 0 
 0 
 0 
 0 
 0 
 0 
 0 
 0 
 0 
 1 
 0 
 0 
 1 
 0 
 0 
 1 
 0 
 0 
 0 
 1 
 2 
 0 
 0 
 1 
 0 
 0 
 0 
 0 
 0 
 0 
 0 
 0 
 0 
 0 
 0 
 0 
 0 
 0 
 0 
 0 
 0 
 0 
 0 
 0 
 0 
 0 
 0 
 0 
 0 
 0 
 0 
 0 
 0 
 0 
 0 
 0 
 0 
 0 
 0 
 0 
 0 
 0 
 0 
 1 
 0 
 1 
 0 
 0 
 0 
 0 
 2 
 0 
 0 
 0 
 0 
 0 
 0 
 0 
 0 
 0 
 0 
 0 
 0 
 0 
 0 
 0 
 0 
 0 
 0 
 0 
 0 
 0 
 0 
 0 
 0 
 0 
 0 
 0 
 0 
 0 
 0 
 0 
 0 
 0 
 0 
 0 
 0 
 0 
 0 
 0 
 0 
 0 
 0 
 0 
 0 
 0 
 0 
 0 
 0 
 0 
 0 
 0 
 0 
 0 
 0 
 0 
 0 
 0 
 0 
 0 
 0 
 0 
 0 
 0 
 0 
 0 
 0 
 0 
 0 
 0 
 0 
 0 
 0 
 0 
 0 
 0 
 0 
 0 
 0 
 0 
 0 
 0 
 0 
 0 
 0 
 0 
 0 
 0 
 0 
 0 
 0 
 0 
 0 
 0 
 0 
 0 
 0 
 0 
 0 
 0 
 0 
 0 
 0 
 0 
 0 
 0 
 0 
 0 
 0 
 0 
 0 
 0 
 0 
 0 
 0 
 0 
 0 
 0 
 0 
 0 
 0 
 0 
 0 
 0 
 0 
 0 
 0 
 0 
 0 
 0 
 0 
 0 
 0 
 0 
 0 
 0 
 0 
 0 
 0 
 0 
 0 
 0 
 0 
 0 
 0 
 0 
 0 
 1 
 0 
 0 
 1 
 0 
 0 
 0 
 0 
 0 
 0 
 0 
 0 
 0 
 0 
 0 
 0 
 0 
 0 
 0 
 0 
 0 
 0 
 0 
 0 
 0 
 0 
 0 
 0 
 1 
 0 
 0 
 0 
 0 
 0 
 0 
 0 
 0 
 0 
 0 
 0 
 0 
 0 
 0 
 0 
 0 
 0 
 0 
 0 
 0 
 0 
 0 
 0 
 1 
 0 
 0 
 0 
 0 
 0 
 0 
 0 
 0 
 0 
 0 
 1 
 0 
 0 
 0 
 0 
 0 
 0 
 0 
 1 
 0 
 0 
 0 
 0 
 0 
 0 
 0 
 0 
 0 
 0 
 0 
 0 
 0 
 0 
 0 
 0 
 0 
 0 
 0 
 0 
 0 
 0 
 0 
 0 
 0 
 0 
 0 
 0 
 0 
 0 
 0 
 0 
 0 
 0 
 0 
 0 
 0 
 0 
 0 
 0 
 0 
 0 
 0 
 0 
 0 
 0 
 0 
 0 
 0 
 0 
 0 
 0 
 0 
 0 
 0 
 0 
 0 
 0 
 0 
 0 
 0 
 0 
 0 
 0 
 0 
 0 
 0 
 0 
 0 
 0 
 0 
 0 
 0 
 0 
 0 
 0 
 0 
 0 
 1 
 0 
 0 
 0 
 0 
 0 
 0 
 0 
 0 
 0 
 1 
 0 
 0 
 0 
 0 
 0 
 0 
 0 
 0 
 0 
 0 
 0 
 0 
 0 
 0 
 0 
 0 
 0 
 0 
 0 
 0 
 0 
 0 
 0 
 0 
 0 
 0 
 0 
 0 
 0 
 0 
 0 
 0 
 0 
 1 
 0 
 0 
 0 
 0 
 0 
 0 
 0 
 0 
 0 
 0 
 0 
 0 
 0 
 0 
 0 
 0 
 0 
 0 
 0 
 1 
 0 
 0 
 0 
 0 
 0 
 0 
 0 
 0 
 0 
 0 
 0 
 0 
 0 
 0 
 0 
 0 
 0 
 0 
 0 
 0 
 0 
 0 
 0 
 0 
 0 
 0 
 0 
 0 
 0 
 0 
 0 
 0 
 0 
 0 
 0 
 0 
 0 
 0 
 1 
 0 
 0 
 0 
 0 
 0 
 0 
 0 
 0 
 0 
 0 
 0 
 0 
 0 
 0 
 0 
 0 
 0 
 0 
 0 
 0 
 0 
 0 
 0 
 0 
 0 
 0 
 0 
 0 
 0 
 0 
 0 
 0 
 0 
 0 
 0 
 0 
 0 
 0 
 0 
 0 
 0 
 0 
 1 
 0 
 0 
 0 
 0 
 0 
 0 
 0 
 0 
 0 
 0 
 0 
 0 
 0 
 0 
 0 
 0 
 0 
 0 
 0 
 0 
 0 
 0 
 0 
 0 
 0 
 0 
 0 
 0 
 0 
 0 
 0 
 0 
 0 
 0 
 0 
 0 
 0 
 0 
 0 
 0 
 0 
 0 
 0 
 0 
 0 
 0 
 1 
 0 
 0 
 0 
 0 
 0 
 0 
 0 
 0 
 0 
 0 
 0 
 0 
 0 
 0 
 0 
 0 
 0 
 0 
 0 
 0 
 0 
 0 
 0 
 0 
 0 
 0 
 0 
 0 
 0 
 0 
 0 
 0 
 0 
 0 
 0 
 0 
 0 
 0 
 0 
 0 
 0 
 0 
 0 
 0 
 0 
 0 
 0 
 0 
 0 
 0 
 0 
 0 
 0 
 0 
 0 
 0 
 0 
 0 
 0 
 0 
 0 
 0 
 0 
 0 
 0 
 0 
 0 
 0 
 0 
 0 
 0 
 0 
 0 
 0 
 0 
 0 
 0 
 0 
 0 
 0 
 0 
 0 
 0 
 0 
 0 
 0 
 0 
 0 
 1 
 0 
 0 
 0 
 0 
 0 
 0 
 0 
 0 
 0 
 0 
 0 
 0 
 0 
 0 
 0 
 0 
 0 
 0 
 0 
 0 
 0 
 0 
 0 
 0 
 0 
 0 
 0 
 0 
 0 
 0 
 0 
 0 
 0 
 0 
 0 
 0 
 1 
 0 
 0 
 0 
 0 
 0 
 0 
 0 
 0 
 0 
 0 
 0 
 0 
 0 
 0 
 0 
 0 
 0 
 0 
 0 
 0 
 0 
 0 
 0 
 0 
 0 
 0 
 0 
 0 
 0 
 0 
 0 
 0 
 0 
 0 
 0 
 0 
 0 
 0 
 0 
 0 
 0 
 0 
 0 
 0 
 1 
 0 
 0 
 0 
 0 
 0 
 1 
 0 
 0 
 0 
 0 
 0 
 0 
 0 
 0 
 0 
 0 
 0 
 0 
 0 
 0 
 0 
 0 
 0 
 0 
 0 
 0 
 0 
 0 
 0 
 0 
 0 
 0 
 0 
 0 
 0 
 0 
 0 
 0 
 0 
 0 
 0 
 0 
 0 
 0 
 0 
 0 
 0 
 0 
 0 
 0 
 0 
 0 
 0 
 0 
 0 
 0 
 0 
 0 
 0 
 0 
 0 
 0 
 0 
 0 
 0 
 0 
 0 
 0 
 0 
 0 
 0 
 0 
 0 
 0 
 0 
 0 
 0 
 0 
 0 
 0 
 0 
 0 
 0 
 0 
 0 
 0 
 0 
 0 
 0 
 0 
 0 
 0 
 0 
 0 
 0 
 0 
 0 
 0 
 0 
 0 
 0 
 0 
 0 
 0 
 0 
 0 
 0 
 0 
 0 
 0 
 0 
 0 
 0 
 0 
 0 
 0 
 0 
 0 
 0 
 0 
 0 
 0 
 0 
 0 
 0 
 0 
 0 
 0 
 0 
 0 
 0 
 0 
 1 
 0 
 0 
 0 
 0 
 0 
 0 
 0 
 1 
 0 
 0 
 0 
 0 
 0 
 0 
 0 
 0 
 0 
 0 
 0 
 0 
 0 
 0 
 0 
 0 
 0 
 0 
 0 
 0 
 0 
 0 
 0 
 0 
 0 
 0 
 0 
 0 
 0 
 0 
 0 
 0 
 0 
 0 
 0 
 0 
 0 
 0 
 0 
 0 
 0 
 0 
 0 
 0 
 0 
 0 
 0 
 0 
 0 
 0 
 0 
 0 
 0 
 0 
 0 
 0 
 0 
 0 
 0 
 0 
 0 
 0 
 0 
 0 
 0 
 0 
 0 
 0 
 0 
 0 
 0 
 0 
 0 
 1 
 0 
 0 
 0 
 0 
 0 
 0 
 0 
 0 
 0 
 0 
 0 
 0 
 0 
 0 
 0 
 0 
 0 
 0 
 0 
 0 
 0 
 0 
 0 
 0 
 0 
 0 
 0 
 0 
 0 
 0 
 0 
 0 
 0 
 0 
 0 
 0 
 0 
 0 
 0 
 0 
 0 
 0 
 0 
 0 
 0 
 0 
 0 
 0 
 0 
 0 
 0 
 0 
 0 
 0 
 0 
 0 
 0 
 0 
 0 
 0 
 0 
 0 
 0 
 0 
 0 
 0 
 0 
 0 
 0 
 0 
 0 
 0 
 0 
 0 
 0 
 0 
 0 
 0 
 0 
 0 
 0 
 0 
 0 
 0 
 0 
 0 
 0 
 0 
 0 
 0 
 0 
 0 
 0 
 0 
 0 
 0 
 0 
 0 
 0 
 0 
 0 
 0 
 0 
 0 
 0 
 0 
 0 
 0 
 0 
 0 
 0 
 0 
 0 
 0 
 0 
 0 
 0 
 0 
 0 
 0 
 0 
 0 
 0 
 0 
 0 
 0 
 0 
 0 
 0 
 0 
 0 
 0 
 0 
 0 
 0 
 0 
 0 
 0 
 0 
 0 
 0 
 0 
 0 
 0 
 0 
 0 
 0 
 0 
 0 
 0 
 0 
 0 
 0 
 0 
 0 
 0 
 0 
 0 
 0 
 0 
 0 
 0 
 0 
 0 
 0 
 0 
 0 
 0 
 0 
 0 
 0 
 0 
 0 
 0 
 0 
 0 
 0 
 0 
 0 
 0 
 0 
 0 
 0 
 0 
 0 
 0 
 0 
 0 
 0 
 0 
 0 
 0 
 0 
 0 
 0 
 0 
 0 
 0 
 0 
 0 
 0 
 0 
 0 
 0 
 0 
 0 
 0 
 0 
 0 
 0 
 0 
 0 
 0 
 0 
 0 
 0 
 0 
 0 
 0 
 0 
 0 
 0 
 0 
 0 
 0 
 0 
 0 
 0 
 0 
 0 
 0 
 0 
 0 
 0 
 0 
 0 
 0 
 0 
 0 
 0 
 0 
 0 
 0 
 0 
 0 
 0 
 0 
 0 
 0 
 0 
 0 
 0 
 0 
 0 
 0 
 0 
 0 
 0 
 0 
 0 
 0 
 0 
 0 
 0 
 0 
 0 
 0 
 0 
 0 
 0 
 0 
 0 
 0 
 0 
 0 
 0 
 0 
 0 
 0 
 0 
 0 
 0 
 0 
 0 
 0 
 0 
 0 
 0 
 0 
 0 
 0 
 0 
 0 
 0 
 0 
 0 
 0 
 0 
 0 
 0 
 0 
 0 
 0 
 0 
 0 
 0 
 0 
 0 
 0 
 0 
 0 
 0 
 0 
 0 
 0 
 0 
 0 
 0 
 0 
 0 
 0 
 0 
 0 
 0 
 0 
 0 
 0 
 0 
 0 
 0 
 0 
 0 
 0 
 0 
 0 
 0 
 0 
 0 
 0 
 0 
 0 
 0 
 0 
 0 
 0 
 0 
 0 
 0 
 0 
 0 
 0 
 0 
 0 
 0 
 0 
 0 
 0 
 0 
 0 
 0 
 0 
 0 
 0 
 0 
 0 
 0 
 0 
 0 
 0 
 0 
 0 
 0 
 0 
 0 
 0 
 0 
 0 
 0 
 0 
 0 
 0 
 0 
 0 
 0 
 0 
 0 
 0 
 0 
 0 
 0 
 0 
 0 
 0 
 0 
 0 
 0 
 0 
 0 
 0 
 0 
 0 
 0 
 0 
 0 
 0 
 0 
 0 
 0 
 0 
 0 
 0 
 0 
 0 
 0 
 0 
 0 
 0 
 0 
 0 
 0 
 0 
 0 
 0 
 0 
 0 
 0 
 1 
 0 
 0 
 0 
 0 
 0 
 0 
 0 
 0 
 0 
 0 
 0 
 0 
 0 
 0 
 0 
 0 
 0 
 0 
 0 
 0 
 0 
 0 
 0 
 0 
 0 
 0 
 0 
 0 
 0 
 0 
 0 
 0 
 0 
 0 
 0 
 0 
 0 
 0 
 0 
 0 
 0 
 0 
 0 
 0 
 0 
 0 
 0 
 0 
 0 
 0 
 0 
 0 
 0 
 0 
 0 
 0 
 0 
 0 
 0 
 0 
 0 
 0 
 0 
 0 
 0 
 0 
 0 
 0 
 0 
 0 
 0 
 0 
 0 
 0 
 0 
 0 
 0 
 0 
 0 
 0 
 0 
 0 
 0 
 0 
 0 
 0 
 0 
 0 
 0 
 0 
 0 
 0 
 0 
 0 
 0 
 0 
 0 
 0 
 0 
 0 
 0 
 0 
 0 
 0 
 0 
 0 
 0 
 0 
 0 
 0 
 0 
 0 
 0 
 0 
 0 
 0 
 0 
 0 
 0 
 0 
 0 
 0 
 0 
 0 
 0 
 0 
 0 
 0 
 0 
 0 
 0 
 0 
 0 
 0 
 0 
 0 
 0 
 0 
 0 
 0 
 0 
 0 
 0 
 0 
 0 
 0 
 0 
 0 
 0 
 0 
 0 
 0 
 0 
 0 
 0 
 0 
 0 
 0 
 0 
 0 
 0 
 0 
 0 
 0 
 0 
 0 
 0 
 0 
 0 
 0 
 0 
 0 
 0 
 0 
 0 
 0 
 0 
 0 
 0 
 0 
 0 
 0 
 0 
 0 
 0 
 0 
 0 
 0 
 0 
 0 
 0 
 0 
 0 
 0 
 0 
 0 
 0 
 0 
 0 
 0 
 0 
 0 
 0 
 0 
 0 
 0 
 0 
 0 
 0 
 0 
 0 
 0 
 0 
 0 
 0 
 0 
 0 
 0 
 0 
 0 
 0 
 0 
 0 
 0 
 0 
 0 
 0 
 0 
 0 
 0 
 0 
 0 
 0 
 0 
 0 
 0 
 0 
 0 
 0 
 0 
 0 
 0 
 0 
 0 
 0 
 0 
 0 
 0 
 0 
 0 
 0 
 0 
 0 
 0 
 0 
 0 
 0 
 0 
 0 
 0 
 0 
 0 
 0 
 0 
 0 
 0 
 0 
 0 
 0 
 0 
 0 
 0 
 0 
 0 
 0 
 0 
 0 
 0 
 0 
 0 
 0 
 0 
 0 
 0 
 0 
 0 
 0 
 0 
 0 
 0 
 0 
 0 
 0 
 0 
 0 
 0 
 0 
 0 
 0 
 0 
 0 
 0 
 0 
 0 
 0 
 0 
 0 
 0 
 0 
 0 
 0 
 0 
 0 
 0 
 0 
 0 
 0 
 0 
 0 
 0 
 0 
 0 
 0 
 0 
 0 
 0 
 0 
 0 
 0 
 0 
 0 
 0 
 0 
 0 
 0 
 0 
 0 
 0 
 0 
 0 
 0 
 0 
 0 
 0 
 0 
 0 
 0 
 0 
 0 
 0 
 0 
 0 
 0 
 0 
 0 
 0 
 0 
 0 
 0 
 0 
 0 
 0 
 0 
 0 
 0 
 0 
 0 
 0 
 0 
 0 
 0 
 0 
 0 
 0 
 0 
 0 
 0 
 0 
 0 
 0 
 0 
 0 
 0 
 0 
 0 
 0 
 0 
 0 
 0 
 0 
 0 
 0 
 0 
 0 
 0 
 1 
 0 
 0 
 0 
 0 
 0 
 0 
 0 
 0 
 0 
 0 
 0 
 0 
 0 
 0 
 0 
 0 
 0 
 0 
 0 
 0 
 0 
 0 
 0 
 0 
 0 
 0 
 0 
 0 
 0 
 0 
 0 
 0 
 0 
 0 
 0 
 0 
 0 
 0 
 0 
 0 
 0 
 0 
 0 
 0 
 0 
 0 
 0 
 0 
 0 
 0 
 0 
 0 
 0 
 0 
 0 
 0 
 0 
 0 
 0 
 0 
 0 
 0 
 0 
 0 
 0 
 0 
 0 
 0 
 0 
 0 
 0 
 0 
 0 
 0 
 0 
 0 
 0 
 0 
 0 
 0 
 0 
 0 
 0 
 0 
 0 
 0 
 0 
 0 
 0 
 0 
 0 
 0 
 0 
 0 
 0 
 0 
 0 
 0 
 0 
 0 
 0 
 0 
 0 
 0 
 0 
 0 
 0 
 0 
 0 
 0 
 0 
 0 
 0 
 0 
 0 
 0 
 0 
 0 
 0 
 0 
 0 
 0 
 0 
 0 
 0 
 0 
 0 
 0 
 0 
 0 
 0 
 0 
 0 
 0 
 0 
 0 
 0 
 0 
 0 
 0 
 0 
 0 
 0 
 0 
 0 
 0 
 0 
 0 
 0 
 0 
 0 
 0 
 0 
 0 
 0 
 0 
 0 
 0 
 0 
 0 
 0 
 0 
 0 
 0 
 0 
 0 
 0 
 0 
 0 
 0 
 0 
 0 
 0 
 0 
 0 
 0 
 0 
 0 
 0 
 0 
 0 
 0 
 0 
 0 
 0 
 0 
 0 
 0 
 0 
 0 
 0 
 0 
 0 
 0 
 0 
 0 
 0 
 0 
 0 
 0 
 0 
 0 
 0 
 0 
 0 
 0 
 0 
 0 
 0 
 0 
 0 
 0 
 0 
 0 
 0 
 0 
 0 
 0 
 0 
 0 
 0 
 0 
 0 
 0 
 0 
 0 
 0 
 0 
 0 
 0 
 0 
 0 
 0 
 0 
 0 
 0 
 0 
 0 
 0 
 0 
 0 
 0 
 0 
 0 
 0 
 0 
 0 
 0 
 0 
 0 
 0 
 0 
 0 
 0 
 0 
 0 
 0 
 0 
 0 
 0 
 0 
 0 
 0 
 0 
 0 
 0 
 0 
 0 
 0 
 0 
 0 
 0 
 0 
 0 
 0 
 0 
 0 
 0 
 0 
 0 
