 0 
 0 
 0 
 0 
 0 
 0 
 0 
 0 
 0 
 0 
 0 
 0 
 0 
 0 
 0 
 0 
 0 
 0 
 0 
 0 
 0 
 1 
 1 
 0 
 1 
 4 
 5 
 6 
 4 
 9 
 16 
 19 
 24 
 23 
 24 
 35 
 40 
 41 
 50 
 50 
 54 
 64 
 63 
 69 
 50 
 89 
 84 
 83 
 79 
 77 
 84 
 76 
 90 
 78 
 82 
 73 
 100 
 90 
 101 
 71 
 86 
 80 
 100 
 107 
 102 
 84 
 91 
 83 
 105 
 89 
 104 
 104 
 108 
 109 
 103 
 97 
 108 
 113 
 112 
 109 
 117 
 134 
 126 
 131 
 136 
 160 
 138 
 178 
 159 
 177 
 183 
 206 
 198 
 219 
 261 
 240 
 240 
 233 
 261 
 218 
 228 
 219 
 237 
 201 
 176 
 175 
 205 
 169 
 153 
 181 
 165 
 161 
 154 
 140 
 147 
 147 
 145 
 132 
 135 
 132 
 127 
 126 
 128 
 139 
 134 
 119 
 139 
 131 
 122 
 123 
 128 
 124 
 126 
 114 
 103 
 116 
 120 
 97 
 110 
 113 
 123 
 127 
 116 
 135 
 116 
 131 
 126 
 118 
 136 
 136 
 126 
 139 
 115 
 127 
 142 
 122 
 120 
 139 
 128 
 119 
 159 
 106 
 140 
 130 
 135 
 118 
 114 
 126 
 112 
 137 
 121 
 130 
 136 
 127 
 115 
 120 
 116 
 119 
 137 
 130 
 137 
 124 
 111 
 136 
 132 
 132 
 126 
 136 
 114 
 125 
 115 
 122 
 139 
 135 
 138 
 122 
 140 
 135 
 130 
 144 
 167 
 125 
 130 
 157 
 143 
 171 
 143 
 159 
 155 
 141 
 140 
 158 
 139 
 127 
 165 
 152 
 155 
 168 
 149 
 154 
 141 
 136 
 147 
 146 
 159 
 141 
 140 
 134 
 139 
 148 
 137 
 163 
 140 
 159 
 129 
 146 
 135 
 125 
 123 
 133 
 130 
 128 
 136 
 145 
 110 
 150 
 121 
 125 
 133 
 151 
 142 
 127 
 134 
 121 
 134 
 111 
 120 
 103 
 127 
 122 
 129 
 110 
 106 
 136 
 114 
 128 
 118 
 120 
 130 
 119 
 120 
 128 
 125 
 96 
 128 
 115 
 120 
 120 
 130 
 113 
 105 
 111 
 107 
 102 
 114 
 109 
 106 
 122 
 103 
 116 
 110 
 111 
 119 
 88 
 98 
 95 
 112 
 95 
 97 
 98 
 95 
 103 
 101 
 92 
 106 
 104 
 109 
 102 
 79 
 83 
 86 
 107 
 78 
 90 
 88 
 87 
 86 
 83 
 90 
 86 
 89 
 63 
 81 
 66 
 97 
 88 
 94 
 81 
 94 
 74 
 88 
 81 
 78 
 88 
 76 
 77 
 87 
 74 
 85 
 84 
 94 
 82 
 82 
 72 
 79 
 81 
 76 
 85 
 91 
 76 
 80 
 63 
 81 
 62 
 68 
 75 
 76 
 82 
 67 
 81 
 72 
 69 
 69 
 72 
 70 
 78 
 70 
 78 
 88 
 72 
 62 
 71 
 75 
 68 
 50 
 82 
 68 
 65 
 52 
 73 
 49 
 64 
 60 
 65 
 56 
 75 
 55 
 68 
 50 
 58 
 50 
 55 
 62 
 38 
 38 
 60 
 55 
 53 
 61 
 47 
 54 
 48 
 58 
 48 
 43 
 46 
 36 
 47 
 46 
 46 
 50 
 34 
 39 
 54 
 58 
 42 
 40 
 43 
 47 
 48 
 47 
 42 
 54 
 54 
 40 
 46 
 42 
 47 
 49 
 38 
 44 
 41 
 46 
 34 
 34 
 48 
 42 
 51 
 40 
 33 
 40 
 34 
 41 
 45 
 36 
 49 
 33 
 43 
 28 
 25 
 32 
 37 
 27 
 38 
 37 
 34 
 43 
 38 
 48 
 44 
 42 
 41 
 40 
 36 
 33 
 46 
 43 
 43 
 45 
 38 
 31 
 41 
 40 
 48 
 42 
 48 
 39 
 55 
 45 
 48 
 39 
 51 
 40 
 41 
 47 
 42 
 34 
 42 
 39 
 33 
 48 
 41 
 48 
 51 
 39 
 44 
 36 
 37 
 42 
 29 
 34 
 46 
 56 
 45 
 45 
 49 
 38 
 45 
 49 
 44 
 49 
 52 
 38 
 52 
 41 
 43 
 59 
 46 
 48 
 45 
 37 
 42 
 54 
 52 
 55 
 48 
 53 
 49 
 57 
 54 
 47 
 51 
 59 
 62 
 45 
 54 
 63 
 54 
 72 
 58 
 67 
 68 
 62 
 70 
 74 
 75 
 82 
 70 
 100 
 100 
 86 
 94 
 97 
 111 
 123 
 116 
 126 
 121 
 128 
 132 
 150 
 166 
 152 
 190 
 167 
 172 
 180 
 210 
 217 
 181 
 216 
 226 
 203 
 200 
 243 
 234 
 243 
 257 
 269 
 245 
 263 
 258 
 242 
 261 
 254 
 256 
 238 
 262 
 259 
 231 
 231 
 252 
 230 
 226 
 229 
 221 
 226 
 213 
 216 
 182 
 187 
 184 
 165 
 165 
 172 
 165 
 146 
 149 
 146 
 136 
 126 
 93 
 90 
 98 
 107 
 94 
 84 
 78 
 73 
 80 
 52 
 56 
 56 
 52 
 42 
 41 
 39 
 39 
 29 
 37 
 33 
 27 
 22 
 18 
 16 
 17 
 23 
 12 
 18 
 25 
 16 
 19 
 15 
 11 
 19 
 12 
 22 
 17 
 15 
 13 
 9 
 11 
 19 
 17 
 10 
 11 
 19 
 18 
 8 
 13 
 9 
 11 
 12 
 12 
 18 
 19 
 17 
 20 
 11 
 12 
 16 
 19 
 9 
 13 
 12 
 20 
 9 
 12 
 13 
 13 
 15 
 18 
 15 
 10 
 16 
 11 
 13 
 15 
 18 
 21 
 10 
 16 
 12 
 13 
 13 
 14 
 15 
 14 
 8 
 19 
 11 
 15 
 10 
 11 
 12 
 14 
 8 
 17 
 9 
 15 
 8 
 15 
 16 
 14 
 19 
 14 
 14 
 18 
 7 
 11 
 16 
 13 
 13 
 16 
 11 
 9 
 15 
 11 
 12 
 15 
 12 
 17 
 7 
 20 
 8 
 14 
 9 
 16 
 12 
 13 
 10 
 11 
 9 
 15 
 9 
 13 
 13 
 15 
 14 
 15 
 14 
 16 
 14 
 12 
 12 
 10 
 5 
 17 
 7 
 6 
 15 
 11 
 19 
 11 
 16 
 10 
 15 
 7 
 16 
 9 
 15 
 9 
 11 
 16 
 20 
 15 
 17 
 9 
 13 
 13 
 18 
 15 
 9 
 16 
 16 
 8 
 12 
 9 
 15 
 17 
 18 
 9 
 14 
 12 
 11 
 14 
 16 
 19 
 11 
 15 
 14 
 12 
 13 
 16 
 12 
 9 
 10 
 7 
 12 
 16 
 7 
 14 
 7 
 5 
 11 
 16 
 12 
 23 
 15 
 9 
 6 
 14 
 16 
 13 
 11 
 12 
 12 
 11 
 8 
 18 
 16 
 11 
 9 
 11 
 14 
 12 
 8 
 14 
 11 
 11 
 16 
 16 
 15 
 8 
 10 
 13 
 10 
 15 
 10 
 14 
 10 
 8 
 12 
 15 
 10 
 7 
 12 
 12 
 18 
 14 
 15 
 9 
 9 
 12 
 14 
 10 
 14 
 16 
 11 
 15 
 10 
 15 
 16 
 7 
 17 
 13 
 12 
 7 
 17 
 18 
 16 
 11 
 16 
 8 
 15 
 13 
 15 
 10 
 20 
 14 
 12 
 17 
 9 
 9 
 14 
 8 
 18 
 16 
 21 
 16 
 15 
 13 
 13 
 17 
 7 
 10 
 13 
 8 
 21 
 12 
 12 
 11 
 12 
 9 
 12 
 15 
 13 
 15 
 19 
 13 
 12 
 17 
 11 
 15 
 17 
 8 
 13 
 11 
 18 
 9 
 17 
 10 
 14 
 11 
 10 
 11 
 17 
 15 
 12 
 9 
 14 
 13 
 10 
 16 
 12 
 18 
 14 
 12 
 16 
 12 
 12 
 11 
 12 
 14 
 9 
 10 
 13 
 13 
 12 
 13 
 15 
 5 
 16 
 15 
 21 
 12 
 15 
 13 
 13 
 16 
 12 
 15 
 10 
 13 
 14 
 15 
 16 
 14 
 15 
 16 
 11 
 8 
 11 
 13 
 5 
 10 
 13 
 8 
 11 
 17 
 14 
 18 
 21 
 13 
 13 
 12 
 13 
 13 
 22 
 19 
 15 
 11 
 16 
 11 
 12 
 13 
 19 
 7 
 13 
 15 
 11 
 15 
 18 
 9 
 18 
 17 
 17 
 10 
 11 
 15 
 7 
 11 
 13 
 19 
 9 
 10 
 15 
 18 
 14 
 15 
 17 
 14 
 22 
 11 
 11 
 18 
 13 
 13 
 17 
 11 
 19 
 12 
 15 
 17 
 13 
 20 
 11 
 12 
 16 
 12 
 16 
 12 
 10 
 17 
 15 
 18 
 7 
 6 
 13 
 8 
 17 
 20 
 10 
 8 
 20 
 15 
 19 
 15 
 12 
 11 
 15 
 17 
 15 
 14 
 14 
 22 
 16 
 11 
 14 
 9 
 12 
 21 
 17 
 15 
 18 
 13 
 13 
 14 
 15 
 13 
 13 
 19 
 20 
 17 
 16 
 20 
 14 
 15 
 19 
 15 
 16 
 14 
 14 
 11 
 23 
 14 
 16 
 7 
 13 
 10 
 12 
 21 
 11 
 14 
 13 
 9 
 17 
 8 
 14 
 14 
 17 
 16 
 7 
 15 
 18 
 16 
 8 
 15 
 15 
 18 
 17 
 16 
 14 
 5 
 12 
 11 
 20 
 10 
 14 
 20 
 14 
 10 
 12 
 19 
 17 
 10 
 12 
 15 
 16 
 16 
 4 
 13 
 8 
 10 
 7 
 12 
 10 
 12 
 10 
 17 
 10 
 14 
 14 
 14 
 7 
 9 
 9 
 10 
 17 
 13 
 7 
 11 
 6 
 11 
 6 
 7 
 9 
 10 
 9 
 10 
 12 
 11 
 4 
 7 
 6 
 5 
 13 
 5 
 7 
 13 
 3 
 5 
 9 
 0 
 5 
 4 
 9 
 9 
 8 
 6 
 6 
 3 
 6 
 6 
 6 
 7 
 8 
 7 
 8 
 3 
 6 
 4 
 3 
 2 
 9 
 6 
 3 
 5 
 8 
 6 
 3 
 2 
 7 
 7 
 5 
 6 
 4 
 2 
 8 
 4 
 8 
 5 
 7 
 8 
 6 
 2 
 6 
 3 
 3 
 4 
 4 
 5 
 5 
 8 
 3 
 6 
 2 
 5 
 4 
 3 
 3 
 3 
 3 
 4 
 4 
 6 
 0 
 5 
 6 
 1 
 7 
 3 
 2 
 2 
 4 
 4 
 3 
 5 
 6 
 3 
 1 
 3 
 7 
 8 
 4 
 6 
 3 
 5 
 3 
 4 
 3 
 3 
 4 
 3 
 4 
 12 
 7 
 3 
 5 
 6 
 3 
 5 
 1 
 2 
 0 
 3 
 4 
 3 
 5 
 5 
 6 
 7 
 6 
 2 
 1 
 3 
 2 
 3 
 6 
 2 
 7 
 3 
 6 
 4 
 4 
 8 
 2 
 6 
 0 
 3 
 2 
 3 
 4 
 9 
 11 
 3 
 4 
 3 
 1 
 2 
 3 
 3 
 5 
 1 
 1 
 2 
 2 
 4 
 4 
 5 
 6 
 7 
 9 
 7 
 5 
 8 
 4 
 6 
 4 
 8 
 6 
 8 
 6 
 11 
 9 
 7 
 3 
 3 
 12 
 8 
 9 
 7 
 12 
 16 
 15 
 10 
 14 
 15 
 7 
 13 
 15 
 14 
 18 
 15 
 16 
 19 
 22 
 19 
 18 
 23 
 27 
 22 
 19 
 28 
 32 
 34 
 28 
 24 
 25 
 23 
 22 
 38 
 23 
 27 
 27 
 29 
 31 
 26 
 31 
 35 
 33 
 31 
 38 
 32 
 40 
 37 
 39 
 27 
 47 
 39 
 43 
 41 
 45 
 35 
 45 
 46 
 36 
 42 
 46 
 48 
 42 
 32 
 45 
 44 
 37 
 52 
 41 
 42 
 42 
 34 
 42 
 40 
 39 
 36 
 41 
 31 
 36 
 33 
 37 
 36 
 36 
 39 
 26 
 35 
 33 
 39 
 31 
 36 
 41 
 32 
 23 
 34 
 28 
 33 
 27 
 15 
 24 
 26 
 30 
 19 
 17 
 21 
 22 
 18 
 23 
 11 
 14 
 9 
 16 
 18 
 13 
 13 
 12 
 16 
 11 
 12 
 9 
 8 
 7 
 7 
 10 
 10 
 5 
 16 
 2 
 12 
 7 
 9 
 7 
 8 
 7 
 4 
 6 
 5 
 3 
 3 
 5 
 2 
 5 
 3 
 4 
 2 
 5 
 3 
 1 
 2 
 1 
 2 
 0 
 2 
 3 
 2 
 1 
 0 
 0 
 0 
 2 
 2 
 5 
 1 
 0 
 2 
 2 
 0 
 0 
 3 
 0 
 4 
 0 
 0 
 0 
 0 
 0 
 1 
 3 
 1 
 1 
 0 
 0 
 2 
 1 
 1 
 0 
 0 
 1 
 1 
 0 
 1 
 0 
 0 
 1 
 0 
 0 
 0 
 0 
 0 
 1 
 1 
 0 
 0 
 0 
 0 
 0 
 0 
 0 
 0 
 0 
 0 
 0 
 0 
 0 
 1 
 0 
 0 
 0 
 0 
 0 
 0 
 1 
 0 
 1 
 1 
 0 
 0 
 0 
 0 
 0 
 1 
 0 
 0 
 0 
 1 
 0 
 1 
 1 
 0 
 0 
 0 
 0 
 0 
 2 
 0 
 1 
 0 
 0 
 0 
 0 
 2 
 1 
 1 
 0 
 0 
 1 
 2 
 1 
 1 
 0 
 0 
 1 
 1 
 1 
 1 
 0 
 0 
 0 
 2 
 0 
 0 
 0 
 0 
 0 
 0 
 0 
 0 
 0 
 3 
 0 
 2 
 0 
 1 
 1 
 0 
 0 
 1 
 0 
 0 
 0 
 2 
 2 
 0 
 0 
 0 
 0 
 0 
 0 
 1 
 0 
 0 
 0 
 1 
 0 
 1 
 1 
 1 
 0 
 0 
 0 
 2 
 0 
 0 
 0 
 0 
 1 
 0 
 2 
 0 
 0 
 0 
 0 
 0 
 0 
 0 
 0 
 0 
 0 
 0 
 0 
 1 
 0 
 0 
 0 
 1 
 0 
 0 
 0 
 0 
 0 
 0 
 1 
 0 
 0 
 0 
 0 
 1 
 0 
 0 
 0 
 0 
 0 
 2 
 0 
 0 
 0 
 0 
 2 
 0 
 0 
 0 
 0 
 0 
 0 
 0 
 0 
 0 
 0 
 0 
 1 
 0 
 0 
 0 
 0 
 0 
 1 
 0 
 0 
 0 
 0 
 0 
 0 
 0 
 0 
 0 
 0 
 0 
 1 
 0 
 0 
 0 
 0 
 0 
 0 
 1 
 0 
 0 
 0 
 1 
 0 
 0 
 0 
 0 
 0 
 0 
 0 
 1 
 0 
 0 
 0 
 0 
 0 
 0 
 0 
 0 
 0 
 0 
 0 
 0 
 0 
 0 
 1 
 0 
 0 
 0 
 0 
 0 
 0 
 1 
 0 
 0 
 0 
 0 
 0 
 0 
 1 
 0 
 1 
 0 
 1 
 1 
 0 
 0 
 1 
 2 
 0 
 0 
 0 
 0 
 0 
 0 
 0 
 0 
 1 
 0 
 0 
 0 
 0 
 0 
 0 
 0 
 0 
 0 
 0 
 0 
 0 
 0 
 0 
 0 
 0 
 1 
 0 
 1 
 0 
 0 
 0 
 0 
 0 
 0 
 0 
 0 
 0 
 0 
 1 
 0 
 0 
 0 
 0 
 0 
 0 
 0 
 0 
 0 
 0 
 0 
 0 
 0 
 0 
 0 
 0 
 0 
 0 
 0 
 0 
 0 
 0 
 0 
 0 
 0 
 0 
 0 
 1 
 0 
 0 
 0 
 0 
 0 
 0 
 0 
 0 
 0 
 0 
 0 
 0 
 0 
 0 
 0 
 0 
 0 
 1 
 0 
 0 
 0 
 0 
 0 
 0 
 0 
 0 
 0 
 0 
 0 
 0 
 0 
 0 
 0 
 0 
 0 
 0 
 0 
 0 
 0 
 0 
 0 
 0 
 0 
 1 
 0 
 0 
 0 
 0 
 0 
 1 
 0 
 0 
 0 
 0 
 1 
 0 
 0 
 0 
 0 
 0 
 0 
 0 
 0 
 0 
 1 
 0 
 0 
 0 
 0 
 1 
 0 
 0 
 0 
 0 
 0 
 0 
 0 
 0 
 0 
 0 
 1 
 1 
 1 
 0 
 0 
 0 
 0 
 0 
 0 
 0 
 1 
 0 
 0 
 1 
 0 
 0 
 0 
 0 
 0 
 0 
 0 
 1 
 0 
 0 
 0 
 0 
 0 
 0 
 0 
 0 
 0 
 0 
 0 
 0 
 0 
 0 
 1 
 0 
 0 
 0 
 0 
 0 
 0 
 1 
 1 
 0 
 0 
 0 
 0 
 0 
 0 
 0 
 0 
 0 
 0 
 0 
 0 
 0 
 0 
 0 
 0 
 0 
 0 
 0 
 0 
 0 
 0 
 0 
 0 
 0 
 0 
 0 
 0 
 0 
 0 
 0 
 0 
 0 
 0 
 1 
 0 
 0 
 0 
 1 
 0 
 1 
 0 
 0 
 0 
 0 
 0 
 0 
 0 
 0 
 0 
 0 
 0 
 0 
 1 
 0 
 0 
 0 
 0 
 0 
 1 
 0 
 1 
 0 
 0 
 0 
 0 
 0 
 0 
 0 
 0 
 1 
 0 
 0 
 0 
 1 
 0 
 0 
 0 
 0 
 0 
 0 
 1 
 0 
 0 
 0 
 0 
 0 
 0 
 0 
 0 
 0 
 0 
 0 
 0 
 0 
 0 
 0 
 0 
 0 
 0 
 0 
 0 
 0 
 0 
 0 
 0 
 0 
 0 
 0 
 0 
 0 
 0 
 0 
 0 
 0 
 0 
 0 
 0 
 0 
 0 
 0 
 0 
 0 
 0 
 0 
 0 
 0 
 0 
 0 
 0 
 0 
 0 
 0 
 0 
 1 
 0 
 0 
 0 
 0 
 0 
 0 
 0 
 0 
 0 
 0 
 0 
 0 
 0 
 0 
 0 
 0 
 0 
 0 
 0 
 0 
 0 
 0 
 0 
 0 
 0 
 0 
 0 
 0 
 0 
 0 
 0 
 0 
 0 
 0 
 0 
 0 
 0 
 0 
 0 
 1 
 0 
 0 
 0 
 0 
 0 
 0 
 0 
 0 
 1 
 0 
 0 
 0 
 0 
 0 
 0 
 0 
 0 
 0 
 0 
 0 
 0 
 0 
 0 
 0 
 0 
 0 
 0 
 0 
 0 
 0 
 0 
 0 
 0 
 0 
 0 
 0 
 0 
 0 
 0 
 0 
 0 
 0 
 0 
 1 
 0 
 0 
 0 
 0 
 0 
 0 
 0 
 0 
 0 
 0 
 0 
 0 
 0 
 0 
 0 
 0 
 0 
 1 
 0 
 0 
 0 
 0 
 0 
 0 
 0 
 0 
 0 
 0 
 0 
 0 
 0 
 0 
 0 
 0 
 0 
 0 
 0 
 0 
 0 
 0 
 0 
 0 
 0 
 0 
 0 
 0 
 0 
 0 
 0 
 0 
 0 
 0 
 0 
 0 
 0 
 0 
 0 
 0 
 0 
 0 
 0 
 0 
 0 
 0 
 0 
 0 
 0 
 0 
 0 
 0 
 0 
 0 
 0 
 0 
 0 
 0 
 0 
 0 
 0 
 0 
 0 
 1 
 0 
 0 
 0 
 0 
 0 
 0 
 0 
 0 
 0 
 0 
 0 
 0 
 0 
 0 
 0 
 0 
 0 
 0 
 0 
 0 
 0 
 0 
 0 
 0 
 0 
 0 
 0 
 0 
 0 
 1 
 0 
 0 
 0 
 0 
 0 
 0 
 0 
 0 
 0 
 0 
 0 
 0 
 0 
 0 
 0 
 0 
 0 
 0 
 0 
 0 
 0 
 0 
 0 
 0 
 0 
 0 
 0 
 0 
 1 
 0 
 0 
 0 
 0 
 0 
 0 
 0 
 0 
 0 
 0 
 0 
 0 
 0 
 0 
 0 
 0 
 0 
 0 
 0 
 0 
 0 
 0 
 0 
 0 
 0 
 0 
 0 
 0 
 0 
 0 
 0 
 0 
 0 
 0 
 0 
 0 
 0 
 0 
 0 
 0 
 0 
 0 
 0 
 0 
 0 
 0 
 0 
 0 
 1 
 0 
 0 
 0 
 0 
 0 
 0 
 0 
 0 
 1 
 0 
 0 
 0 
 0 
 0 
 0 
 0 
 0 
 0 
 0 
 0 
 0 
 0 
 0 
 0 
 0 
 0 
 0 
 0 
 0 
 0 
 0 
 0 
 0 
 0 
 1 
 0 
 0 
 0 
 0 
 0 
 0 
 0 
 0 
 0 
 0 
 0 
 0 
 0 
 0 
 0 
 0 
 0 
 0 
 0 
 0 
 0 
 0 
 0 
 0 
 0 
 1 
 0 
 0 
 0 
 0 
 0 
 0 
 0 
 0 
 0 
 0 
 0 
 0 
 0 
 0 
 0 
 0 
 0 
 0 
 0 
 0 
 0 
 0 
 0 
 0 
 0 
 0 
 0 
 0 
 0 
 0 
 0 
 0 
 0 
 0 
 0 
 0 
 0 
 0 
 0 
 0 
 0 
 0 
 0 
 0 
 0 
 0 
 0 
 0 
 0 
 0 
 0 
 0 
 0 
 0 
 0 
 0 
 0 
 0 
 0 
 0 
 0 
 0 
 1 
 0 
 0 
 1 
 0 
 0 
 0 
 0 
 0 
 0 
 0 
 0 
 0 
 0 
 0 
 0 
 0 
 0 
 0 
 0 
 0 
 0 
 0 
 0 
 0 
 0 
 0 
 0 
 0 
 0 
 0 
 0 
 0 
 0 
 0 
 0 
 0 
 0 
 0 
 0 
 0 
 0 
 0 
 0 
 0 
 0 
 0 
 0 
 0 
 0 
 0 
 0 
 0 
 0 
 0 
 0 
 0 
 0 
 0 
 0 
 0 
 0 
 0 
 0 
 0 
 2 
 0 
 0 
 0 
 0 
 0 
 0 
 0 
 0 
 0 
 0 
 0 
 0 
 0 
 0 
 0 
 0 
 0 
 0 
 1 
 0 
 0 
 0 
 0 
 0 
 0 
 0 
 0 
 0 
 0 
 0 
 0 
 0 
 0 
 0 
 0 
 0 
 0 
 0 
 0 
 0 
 0 
 1 
 0 
 0 
 0 
 0 
 0 
 0 
 0 
 0 
 0 
 0 
 0 
 0 
 0 
 0 
 0 
 0 
 0 
 0 
 0 
 0 
 0 
 0 
 0 
 0 
 0 
 0 
 0 
 0 
 0 
 0 
 0 
 0 
 0 
 0 
 0 
 0 
 0 
 0 
 0 
 0 
 0 
 0 
 0 
 0 
 0 
 0 
 0 
 0 
 0 
 0 
 0 
 0 
 0 
 0 
 0 
 0 
 0 
 0 
 0 
 0 
 0 
 0 
 0 
 0 
 0 
 0 
 0 
 0 
 0 
 0 
 0 
 0 
 0 
 0 
 0 
 0 
 0 
 0 
 0 
 0 
 0 
 0 
 0 
 0 
 0 
 1 
 0 
 0 
 0 
 0 
 0 
 0 
 0 
 0 
 0 
 0 
 0 
 0 
 0 
 0 
 0 
 0 
 0 
 0 
 0 
 0 
 0 
 0 
 0 
 0 
 0 
 0 
 0 
 0 
 0 
 0 
 0 
 0 
 0 
 0 
 0 
 0 
 0 
 0 
 0 
 0 
 0 
 0 
 0 
 0 
 0 
 0 
 0 
 0 
 0 
 0 
 0 
 0 
 0 
 0 
 0 
 0 
 0 
 0 
 0 
 0 
 0 
 0 
 0 
 0 
 0 
 0 
 0 
 0 
 0 
 0 
 0 
 0 
 0 
 0 
 0 
 0 
 0 
 0 
 0 
 0 
 0 
 0 
 0 
 0 
 0 
 0 
 0 
 0 
 0 
 0 
 0 
 0 
 0 
 0 
 0 
 1 
 0 
 0 
 0 
 0 
 1 
 0 
 0 
 0 
 0 
 0 
 0 
 0 
 0 
 0 
 0 
 0 
 0 
 0 
 0 
 0 
 0 
 0 
 0 
 0 
 0 
 1 
 0 
 0 
 0 
 0 
 0 
 0 
 0 
 0 
 0 
 0 
 0 
 0 
 0 
 0 
 0 
 0 
 0 
 0 
 0 
 0 
 0 
 0 
 0 
 0 
 0 
 0 
 0 
 0 
 0 
 0 
 0 
 0 
 0 
 0 
 0 
 0 
 0 
 0 
 0 
 0 
 0 
 0 
 0 
 0 
 0 
 0 
 1 
 0 
 0 
 1 
 0 
 0 
 0 
 0 
 0 
 0 
 0 
 0 
 0 
 0 
 0 
 0 
 0 
 0 
 0 
 0 
 0 
 0 
 0 
 0 
 0 
 0 
 0 
 0 
 0 
 1 
 0 
 0 
 0 
 0 
 0 
 0 
 0 
 0 
 0 
 0 
 0 
 0 
 0 
 0 
 0 
 0 
 0 
 0 
 0 
 0 
 0 
 0 
 0 
 0 
 0 
 0 
 0 
 0 
 0 
 0 
 0 
 0 
 0 
 0 
 0 
 0 
 0 
 0 
 0 
 0 
 0 
 0 
 0 
 0 
 0 
 0 
 0 
 0 
 0 
 0 
 0 
 0 
 0 
 0 
 0 
 0 
 0 
 0 
 0 
 0 
 0 
 0 
 0 
 0 
 0 
 0 
 0 
 0 
 0 
 0 
 0 
 0 
 0 
 0 
 0 
 0 
 0 
 0 
 0 
 0 
 0 
 0 
 0 
 0 
 0 
 0 
 0 
 0 
 0 
 0 
 0 
 0 
 0 
 0 
 0 
 0 
 0 
 0 
 0 
 0 
 0 
 0 
 0 
 0 
 0 
 0 
 0 
 0 
 0 
 0 
 0 
 0 
 0 
 0 
 0 
 0 
 0 
 0 
 0 
 0 
 0 
 0 
 0 
 0 
 0 
 0 
 0 
 0 
 0 
 0 
 0 
 0 
 0 
 0 
 0 
 0 
 0 
 0 
 0 
 0 
 0 
 0 
 0 
 0 
 0 
 0 
 0 
 0 
 0 
 0 
 0 
 0 
 0 
 0 
 0 
 0 
 0 
 0 
 0 
 0 
 0 
 0 
 0 
 0 
 0 
 0 
 0 
 0 
 0 
 0 
 0 
 0 
 0 
 0 
 0 
 0 
 0 
 0 
 0 
 0 
 0 
 0 
 0 
 0 
 0 
 0 
 0 
 0 
 0 
 0 
 0 
 0 
 0 
 0 
 0 
 0 
 0 
 0 
 0 
 0 
 0 
 0 
 0 
 0 
 0 
 0 
 0 
 0 
 0 
 0 
 0 
 0 
 0 
 0 
 0 
 0 
 0 
 0 
 0 
 0 
 0 
 0 
 0 
 0 
 0 
 0 
 0 
 0 
 0 
 0 
 0 
 0 
 0 
 0 
 0 
 0 
 0 
 0 
 0 
 0 
 0 
 0 
 0 
 0 
 0 
 0 
 0 
 0 
 0 
 0 
 0 
 0 
 0 
 0 
 0 
 0 
 0 
 0 
 0 
 0 
 0 
 0 
 0 
 0 
 0 
 0 
 0 
 0 
 0 
 0 
 0 
 0 
 0 
 0 
 0 
 0 
 0 
 0 
 0 
 0 
 0 
 0 
 0 
 0 
 0 
 0 
 0 
 0 
 0 
 0 
 0 
 0 
 0 
 0 
 0 
 0 
 0 
 0 
 0 
 0 
 0 
 0 
 0 
 0 
 0 
 0 
 0 
 0 
 0 
 0 
 0 
 0 
 0 
 0 
 0 
 0 
 0 
 0 
 0 
 0 
 0 
 0 
 0 
 0 
 0 
 0 
 0 
 0 
 0 
 0 
 0 
 0 
 0 
 0 
 0 
 0 
 0 
 0 
 0 
 0 
 0 
 0 
 0 
 0 
 0 
 0 
 0 
 0 
 0 
 0 
 0 
 0 
 0 
 0 
 0 
 0 
 0 
 0 
 0 
 0 
 0 
 0 
 0 
 0 
 0 
 0 
 0 
 0 
 0 
 0 
 0 
 0 
 0 
 0 
 0 
 0 
 0 
 0 
 0 
 0 
 0 
 0 
 0 
 0 
 0 
 0 
 0 
 0 
 0 
 0 
 0 
 0 
 0 
 0 
 0 
 0 
 0 
 0 
 0 
 0 
 0 
 0 
 0 
 0 
 0 
 0 
 0 
 0 
 0 
 0 
 0 
 0 
 0 
 0 
 0 
 0 
 0 
 0 
 0 
 0 
 0 
 0 
 0 
 0 
 0 
 0 
 0 
 0 
 0 
 0 
 0 
 0 
 0 
 0 
 0 
 0 
 0 
 0 
 0 
 0 
 0 
 0 
 0 
 0 
 0 
 0 
 0 
 0 
 0 
 0 
 0 
 0 
 0 
 0 
 0 
 0 
 0 
 0 
 0 
 0 
 0 
 0 
 0 
 0 
 0 
 0 
 0 
 0 
 0 
 0 
 0 
 0 
 0 
 0 
 0 
 0 
 0 
 0 
 0 
 0 
 0 
 0 
 0 
 0 
 0 
 0 
 0 
 0 
 0 
 0 
 0 
 0 
 0 
 0 
 0 
 0 
 0 
 0 
 0 
 0 
 0 
 0 
 0 
 0 
 0 
 0 
 0 
 0 
 0 
 0 
 0 
 0 
 1 
 0 
 0 
 0 
 0 
 0 
 0 
 0 
 0 
 0 
 0 
 0 
 0 
 0 
 0 
 0 
 0 
 0 
 0 
 0 
 0 
 0 
 0 
 0 
 0 
 0 
 0 
 0 
 0 
 0 
 0 
 0 
 0 
 0 
 0 
 0 
 0 
 0 
 0 
 0 
 0 
 0 
 0 
 0 
 0 
 0 
 0 
 0 
 0 
 0 
 0 
 0 
 0 
 0 
 0 
 0 
 0 
 0 
 0 
 0 
 0 
 0 
 0 
 0 
 0 
 0 
 0 
 0 
 0 
 0 
 0 
 0 
 0 
 0 
 0 
 0 
 0 
 0 
 0 
 0 
 0 
 0 
 0 
 0 
 0 
 0 
 0 
 0 
 0 
 0 
 0 
 0 
 0 
 0 
 0 
 0 
 0 
 0 
 0 
 0 
 0 
 0 
 0 
 0 
 0 
 0 
 0 
 0 
 0 
 0 
 0 
 0 
 0 
 0 
 0 
 0 
 0 
 0 
 0 
 0 
 0 
 0 
 0 
 0 
 0 
 0 
 0 
 0 
 0 
 0 
 0 
 0 
 0 
 0 
 0 
 0 
 0 
 0 
 0 
 0 
 0 
 0 
 0 
 0 
 0 
 0 
 0 
 0 
 0 
 0 
 0 
 0 
 0 
 0 
 0 
 0 
 0 
 0 
 0 
 0 
 0 
 0 
 0 
 0 
 0 
 0 
 0 
 0 
 0 
 0 
 0 
 0 
 0 
 0 
 0 
 0 
 0 
 0 
 0 
 0 
 0 
 0 
 0 
 0 
 0 
 0 
 0 
 0 
 0 
 0 
 0 
 0 
 0 
 0 
 0 
 0 
 0 
 0 
 0 
 0 
 0 
 0 
 0 
 0 
 0 
 0 
 0 
 0 
 0 
 0 
 0 
 0 
 0 
 0 
 0 
 0 
 0 
 0 
 0 
 0 
 0 
 0 
 0 
 0 
 0 
 0 
 0 
 0 
 0 
 0 
 0 
 0 
 0 
 0 
 0 
 0 
 0 
 0 
 0 
 0 
 0 
 0 
 0 
 0 
 0 
 0 
 0 
 0 
 0 
 0 
 0 
 0 
 0 
 0 
 0 
 0 
 0 
 0 
 0 
 0 
 0 
 0 
 0 
 0 
 0 
 0 
 0 
 0 
 0 
 0 
 0 
 0 
 0 
 0 
 0 
 0 
 0 
 0 
 0 
 0 
 0 
 0 
 0 
 0 
 0 
 0 
 0 
 0 
 0 
 0 
 0 
 0 
 0 
 0 
 0 
 0 
 0 
 0 
 0 
 0 
 0 
 0 
 0 
 0 
 0 
 0 
 0 
 0 
 0 
 0 
 0 
 0 
 0 
 0 
 0 
 0 
 0 
 0 
 0 
 0 
 0 
 0 
 0 
 0 
 0 
 0 
 0 
 0 
 0 
 0 
 0 
 0 
 0 
 0 
 0 
 0 
 0 
 0 
 0 
 0 
 0 
 0 
 0 
 0 
 0 
 0 
 0 
 0 
 0 
 0 
 0 
 0 
 0 
 0 
 0 
 0 
 0 
 0 
 0 
 0 
 0 
 0 
 0 
 0 
 0 
 0 
 0 
 0 
 0 
 0 
 0 
 0 
 0 
 0 
 0 
 0 
 0 
 0 
 0 
 0 
 0 
 0 
 0 
 0 
 0 
 0 
 0 
 0 
 0 
 0 
 0 
 0 
 0 
 0 
 0 
 0 
 0 
 0 
 0 
 0 
 0 
 0 
 0 
 0 
 0 
 0 
 0 
 0 
 0 
 0 
 0 
 0 
 0 
 0 
 0 
 0 
 0 
 0 
 0 
 0 
 0 
 0 
 0 
 0 
 0 
 0 
 0 
 0 
 0 
 0 
 0 
 0 
 0 
 0 
 0 
 0 
 0 
 0 
 0 
 0 
 0 
 0 
 0 
 0 
 0 
 0 
 0 
 0 
 0 
 0 
 0 
 0 
 0 
 0 
 0 
 0 
 0 
 0 
 0 
 0 
 0 
 0 
 0 
 0 
 0 
 0 
 0 
 0 
 0 
 0 
 0 
 0 
 0 
 0 
 0 
 0 
 0 
 0 
 0 
 0 
 0 
 0 
 0 
 0 
 0 
 0 
 0 
 0 
 0 
 0 
 0 
 0 
 0 
 0 
 0 
 0 
 0 
 0 
 0 
 0 
 0 
 0 
 0 
 0 
 0 
 0 
 0 
 0 
 0 
 0 
 0 
 0 
 0 
 0 
 0 
 0 
 0 
 0 
 0 
 0 
 0 
 0 
 0 
 0 
 0 
 0 
 0 
 0 
 0 
 0 
 0 
 0 
 0 
 0 
 0 
 0 
 0 
 0 
 0 
 0 
 0 
 0 
 0 
 0 
 0 
 0 
 0 
 0 
 0 
 0 
 0 
 0 
 0 
 0 
 0 
 0 
 0 
 0 
 0 
 0 
 0 
 0 
 0 
 0 
 0 
 0 
 0 
 0 
 0 
 0 
 0 
 0 
 0 
 0 
 0 
 0 
 0 
 0 
 0 
 0 
 0 
 0 
 0 
 0 
 0 
 0 
 0 
 0 
 0 
 0 
 0 
 0 
 0 
 0 
 0 
 0 
 0 
 0 
 0 
 0 
 0 
 0 
 0 
 0 
 0 
 0 
 0 
 0 
 0 
 0 
 0 
 0 
 0 
 0 
 0 
 0 
 0 
 0 
 0 
 0 
 0 
 0 
 0 
 0 
 0 
 0 
 0 
 0 
 0 
 0 
 0 
 0 
 0 
 0 
 0 
 0 
 0 
 0 
 0 
 0 
 0 
 0 
 0 
 0 
 0 
 0 
 0 
 0 
 0 
 0 
 0 
 0 
 0 
 0 
 0 
 0 
 0 
 0 
 0 
 0 
 0 
 0 
 0 
 0 
 0 
 0 
