 0 
 0 
 1 
 2 
 0 
 0 
 0 
 2 
 0 
 1 
 1 
 0 
 0 
 1 
 1 
 2 
 1 
 3 
 4 
 1 
 3 
 5 
 9 
 6 
 16 
 12 
 24 
 32 
 50 
 63 
 94 
 99 
 153 
 203 
 202 
 251 
 325 
 349 
 372 
 447 
 477 
 456 
 532 
 543 
 592 
 582 
 601 
 566 
 596 
 647 
 608 
 633 
 643 
 667 
 691 
 656 
 703 
 694 
 688 
 675 
 681 
 664 
 694 
 650 
 679 
 632 
 626 
 653 
 620 
 667 
 632 
 632 
 626 
 712 
 679 
 630 
 651 
 652 
 684 
 714 
 707 
 751 
 709 
 798 
 844 
 854 
 902 
 968 
 1049 
 1121 
 1206 
 1281 
 1386 
 1549 
 1459 
 1513 
 1610 
 1560 
 1576 
 1610 
 1588 
 1555 
 1566 
 1436 
 1441 
 1347 
 1313 
 1261 
 1157 
 1143 
 1176 
 1067 
 1010 
 994 
 954 
 912 
 916 
 815 
 818 
 760 
 722 
 662 
 633 
 627 
 579 
 640 
 600 
 626 
 614 
 603 
 590 
 540 
 563 
 588 
 569 
 592 
 588 
 520 
 572 
 598 
 564 
 581 
 570 
 546 
 594 
 575 
 584 
 621 
 557 
 591 
 642 
 561 
 573 
 538 
 521 
 590 
 572 
 554 
 576 
 590 
 569 
 556 
 629 
 611 
 576 
 556 
 589 
 585 
 594 
 576 
 534 
 582 
 562 
 586 
 585 
 566 
 572 
 560 
 577 
 596 
 608 
 585 
 610 
 597 
 587 
 584 
 568 
 557 
 557 
 585 
 644 
 541 
 610 
 611 
 576 
 631 
 584 
 593 
 614 
 606 
 626 
 629 
 618 
 610 
 657 
 647 
 645 
 676 
 680 
 631 
 648 
 696 
 650 
 689 
 654 
 736 
 692 
 639 
 659 
 663 
 660 
 666 
 702 
 726 
 713 
 656 
 710 
 702 
 595 
 624 
 726 
 721 
 678 
 656 
 688 
 690 
 666 
 679 
 685 
 679 
 723 
 644 
 717 
 689 
 646 
 702 
 722 
 759 
 710 
 697 
 712 
 686 
 666 
 702 
 719 
 702 
 654 
 753 
 722 
 673 
 686 
 720 
 683 
 726 
 738 
 680 
 765 
 729 
 702 
 709 
 697 
 681 
 693 
 690 
 674 
 736 
 696 
 691 
 715 
 664 
 738 
 704 
 634 
 668 
 779 
 682 
 697 
 709 
 712 
 709 
 741 
 727 
 639 
 673 
 653 
 662 
 733 
 667 
 716 
 687 
 699 
 744 
 730 
 673 
 727 
 694 
 634 
 681 
 699 
 676 
 708 
 750 
 672 
 700 
 728 
 671 
 717 
 651 
 734 
 658 
 673 
 693 
 729 
 652 
 682 
 673 
 693 
 689 
 678 
 674 
 660 
 669 
 661 
 696 
 707 
 693 
 681 
 684 
 642 
 685 
 667 
 713 
 655 
 704 
 660 
 715 
 687 
 714 
 707 
 678 
 667 
 688 
 670 
 657 
 621 
 700 
 707 
 691 
 679 
 717 
 652 
 690 
 660 
 709 
 637 
 683 
 708 
 703 
 657 
 622 
 665 
 669 
 694 
 642 
 658 
 650 
 665 
 670 
 604 
 643 
 595 
 611 
 585 
 636 
 570 
 573 
 581 
 556 
 526 
 515 
 537 
 513 
 516 
 485 
 519 
 482 
 480 
 466 
 484 
 436 
 494 
 434 
 477 
 455 
 437 
 458 
 389 
 393 
 402 
 407 
 410 
 367 
 394 
 413 
 418 
 382 
 405 
 392 
 387 
 362 
 366 
 406 
 384 
 373 
 356 
 364 
 327 
 375 
 367 
 354 
 363 
 320 
 381 
 309 
 328 
 371 
 334 
 330 
 320 
 313 
 337 
 323 
 315 
 361 
 318 
 341 
 352 
 309 
 345 
 297 
 300 
 304 
 316 
 301 
 343 
 293 
 296 
 302 
 301 
 301 
 286 
 308 
 314 
 270 
 308 
 324 
 299 
 295 
 299 
 278 
 296 
 307 
 293 
 294 
 326 
 290 
 262 
 309 
 302 
 265 
 287 
 283 
 306 
 276 
 299 
 309 
 340 
 279 
 293 
 277 
 283 
 250 
 266 
 278 
 258 
 270 
 276 
 284 
 256 
 282 
 323 
 301 
 266 
 294 
 268 
 269 
 282 
 295 
 277 
 274 
 266 
 303 
 273 
 263 
 285 
 251 
 298 
 257 
 237 
 263 
 258 
 256 
 280 
 280 
 271 
 301 
 279 
 290 
 280 
 273 
 255 
 260 
 287 
 272 
 294 
 289 
 291 
 303 
 322 
 304 
 306 
 296 
 344 
 356 
 353 
 338 
 398 
 376 
 423 
 440 
 493 
 452 
 548 
 567 
 583 
 634 
 660 
 702 
 763 
 784 
 821 
 944 
 977 
 1092 
 1155 
 1222 
 1299 
 1298 
 1403 
 1514 
 1566 
 1667 
 1715 
 1817 
 1985 
 2033 
 2151 
 2186 
 2361 
 2463 
 2657 
 2674 
 2714 
 2895 
 2889 
 2935 
 2975 
 3050 
 3166 
 3244 
 3349 
 3337 
 3354 
 3400 
 3384 
 3433 
 3360 
 3401 
 3360 
 3415 
 3371 
 3306 
 3327 
 3274 
 3276 
 3076 
 3003 
 3001 
 2919 
 2820 
 2711 
 2606 
 2555 
 2456 
 2370 
 2184 
 2146 
 2040 
 1946 
 1786 
 1791 
 1656 
 1522 
 1454 
 1391 
 1281 
 1208 
 1105 
 1082 
 1028 
 894 
 818 
 747 
 745 
 688 
 607 
 556 
 512 
 446 
 451 
 441 
 371 
 373 
 299 
 311 
 277 
 262 
 246 
 229 
 220 
 231 
 208 
 199 
 157 
 191 
 161 
 163 
 139 
 148 
 151 
 154 
 150 
 141 
 146 
 125 
 132 
 151 
 146 
 126 
 135 
 129 
 148 
 132 
 124 
 133 
 133 
 122 
 130 
 135 
 152 
 135 
 118 
 147 
 128 
 138 
 155 
 124 
 134 
 140 
 106 
 126 
 123 
 131 
 114 
 118 
 122 
 117 
 134 
 120 
 114 
 138 
 129 
 115 
 120 
 131 
 124 
 137 
 128 
 116 
 132 
 132 
 137 
 141 
 132 
 127 
 122 
 126 
 124 
 128 
 107 
 115 
 111 
 120 
 122 
 132 
 110 
 120 
 102 
 130 
 132 
 123 
 99 
 99 
 114 
 143 
 108 
 131 
 137 
 114 
 133 
 102 
 129 
 108 
 120 
 115 
 111 
 99 
 131 
 102 
 113 
 122 
 124 
 105 
 126 
 114 
 115 
 111 
 134 
 121 
 108 
 105 
 125 
 106 
 138 
 104 
 128 
 126 
 131 
 120 
 126 
 133 
 128 
 120 
 132 
 133 
 143 
 119 
 134 
 111 
 132 
 130 
 122 
 107 
 132 
 104 
 124 
 119 
 113 
 118 
 118 
 114 
 109 
 120 
 122 
 111 
 117 
 128 
 132 
 129 
 112 
 110 
 129 
 100 
 107 
 116 
 108 
 126 
 119 
 130 
 86 
 111 
 99 
 127 
 121 
 114 
 127 
 120 
 126 
 106 
 101 
 98 
 118 
 136 
 109 
 109 
 116 
 151 
 124 
 119 
 125 
 117 
 105 
 118 
 126 
 120 
 109 
 133 
 115 
 111 
 122 
 105 
 140 
 115 
 125 
 129 
 132 
 113 
 132 
 116 
 129 
 116 
 123 
 111 
 115 
 113 
 105 
 118 
 121 
 118 
 125 
 118 
 128 
 124 
 133 
 116 
 128 
 117 
 148 
 125 
 108 
 133 
 119 
 129 
 114 
 109 
 114 
 116 
 97 
 120 
 106 
 114 
 119 
 116 
 136 
 121 
 129 
 111 
 108 
 144 
 136 
 117 
 105 
 128 
 111 
 127 
 116 
 122 
 113 
 111 
 121 
 146 
 125 
 129 
 116 
 114 
 132 
 140 
 125 
 138 
 123 
 115 
 118 
 125 
 110 
 105 
 121 
 125 
 130 
 119 
 132 
 125 
 124 
 111 
 125 
 116 
 119 
 148 
 125 
 119 
 100 
 150 
 106 
 114 
 138 
 92 
 119 
 128 
 150 
 124 
 112 
 125 
 134 
 134 
 125 
 113 
 137 
 124 
 139 
 120 
 138 
 125 
 125 
 102 
 128 
 117 
 139 
 104 
 147 
 134 
 127 
 123 
 108 
 112 
 123 
 105 
 120 
 122 
 113 
 124 
 126 
 113 
 124 
 125 
 138 
 133 
 115 
 132 
 134 
 101 
 143 
 129 
 135 
 125 
 147 
 130 
 118 
 114 
 117 
 110 
 123 
 143 
 100 
 118 
 120 
 134 
 126 
 140 
 129 
 117 
 137 
 119 
 123 
 137 
 139 
 134 
 124 
 121 
 121 
 115 
 132 
 133 
 125 
 141 
 117 
 126 
 126 
 129 
 121 
 135 
 128 
 137 
 106 
 115 
 135 
 129 
 118 
 107 
 121 
 120 
 123 
 133 
 135 
 120 
 149 
 112 
 133 
 121 
 139 
 132 
 127 
 138 
 137 
 118 
 123 
 136 
 150 
 126 
 123 
 135 
 142 
 152 
 132 
 145 
 155 
 152 
 143 
 137 
 119 
 153 
 128 
 154 
 142 
 130 
 139 
 118 
 126 
 125 
 135 
 136 
 150 
 144 
 137 
 133 
 153 
 152 
 129 
 152 
 144 
 138 
 128 
 135 
 157 
 137 
 143 
 150 
 146 
 136 
 131 
 140 
 147 
 150 
 133 
 128 
 151 
 153 
 129 
 153 
 155 
 145 
 155 
 159 
 122 
 170 
 133 
 152 
 157 
 151 
 138 
 162 
 131 
 149 
 144 
 141 
 142 
 146 
 148 
 153 
 130 
 137 
 138 
 126 
 143 
 147 
 126 
 146 
 144 
 154 
 154 
 142 
 152 
 153 
 140 
 157 
 162 
 158 
 145 
 159 
 144 
 183 
 151 
 147 
 172 
 142 
 122 
 161 
 151 
 178 
 148 
 149 
 148 
 143 
 122 
 138 
 141 
 144 
 141 
 159 
 142 
 135 
 112 
 134 
 126 
 125 
 116 
 137 
 127 
 142 
 120 
 132 
 132 
 115 
 126 
 112 
 127 
 125 
 125 
 128 
 136 
 114 
 115 
 101 
 114 
 105 
 111 
 97 
 132 
 105 
 109 
 119 
 112 
 111 
 99 
 87 
 80 
 81 
 89 
 102 
 93 
 76 
 87 
 105 
 85 
 79 
 69 
 82 
 69 
 71 
 81 
 89 
 73 
 63 
 74 
 74 
 71 
 66 
 92 
 70 
 61 
 72 
 73 
 85 
 75 
 75 
 64 
 76 
 57 
 53 
 62 
 54 
 56 
 61 
 46 
 49 
 58 
 50 
 49 
 55 
 52 
 41 
 48 
 56 
 48 
 51 
 59 
 52 
 52 
 54 
 51 
 49 
 45 
 43 
 43 
 52 
 56 
 39 
 47 
 53 
 43 
 45 
 40 
 49 
 50 
 31 
 31 
 55 
 37 
 42 
 33 
 40 
 31 
 25 
 36 
 38 
 38 
 39 
 37 
 27 
 30 
 49 
 36 
 49 
 40 
 23 
 36 
 42 
 26 
 25 
 32 
 32 
 39 
 22 
 26 
 31 
 31 
 26 
 32 
 31 
 33 
 40 
 35 
 20 
 35 
 25 
 25 
 25 
 24 
 27 
 29 
 23 
 25 
 28 
 26 
 34 
 30 
 33 
 31 
 21 
 27 
 32 
 24 
 33 
 20 
 29 
 28 
 28 
 27 
 28 
 30 
 23 
 22 
 22 
 30 
 26 
 31 
 25 
 20 
 26 
 25 
 31 
 30 
 34 
 17 
 23 
 28 
 36 
 30 
 30 
 22 
 24 
 23 
 29 
 33 
 26 
 30 
 30 
 29 
 35 
 26 
 29 
 32 
 22 
 38 
 41 
 39 
 33 
 44 
 37 
 37 
 43 
 42 
 53 
 50 
 46 
 56 
 48 
 57 
 53 
 63 
 62 
 72 
 70 
 79 
 70 
 84 
 85 
 98 
 99 
 98 
 104 
 112 
 100 
 125 
 133 
 151 
 130 
 137 
 141 
 157 
 167 
 171 
 186 
 157 
 204 
 185 
 210 
 202 
 208 
 253 
 261 
 242 
 274 
 291 
 285 
 266 
 300 
 303 
 338 
 311 
 361 
 337 
 362 
 337 
 363 
 365 
 368 
 380 
 401 
 430 
 419 
 404 
 417 
 455 
 450 
 446 
 455 
 448 
 479 
 442 
 495 
 476 
 491 
 488 
 474 
 468 
 467 
 484 
 516 
 450 
 503 
 485 
 455 
 483 
 475 
 494 
 472 
 478 
 451 
 484 
 443 
 448 
 459 
 447 
 429 
 437 
 424 
 445 
 402 
 364 
 399 
 378 
 357 
 385 
 364 
 343 
 408 
 334 
 324 
 304 
 333 
 344 
 284 
 316 
 305 
 279 
 246 
 262 
 250 
 257 
 233 
 255 
 213 
 225 
 197 
 182 
 191 
 168 
 167 
 178 
 170 
 178 
 151 
 139 
 158 
 107 
 123 
 117 
 134 
 119 
 94 
 81 
 93 
 98 
 79 
 88 
 72 
 93 
 92 
 63 
 77 
 60 
 67 
 69 
 65 
 61 
 53 
 58 
 37 
 41 
 45 
 47 
 43 
 44 
 37 
 42 
 30 
 32 
 28 
 32 
 31 
 27 
 27 
 34 
 20 
 23 
 29 
 36 
 20 
 26 
 30 
 19 
 18 
 19 
 27 
 22 
 16 
 20 
 21 
 26 
 16 
 19 
 20 
 10 
 21 
 23 
 21 
 16 
 25 
 24 
 16 
 11 
 20 
 12 
 14 
 17 
 19 
 16 
 21 
 25 
 19 
 14 
 19 
 18 
 12 
 9 
 10 
 13 
 15 
 18 
 13 
 16 
 14 
 20 
 14 
 15 
 16 
 14 
 14 
 16 
 18 
 17 
 12 
 19 
 9 
 17 
 7 
 16 
 13 
 11 
 15 
 12 
 17 
 17 
 16 
 12 
 13 
 18 
 17 
 15 
 11 
 16 
 8 
 10 
 10 
 14 
 13 
 20 
 20 
 11 
 15 
 14 
 16 
 14 
 19 
 16 
 23 
 10 
 9 
 19 
 19 
 17 
 10 
 13 
 12 
 11 
 17 
 15 
 19 
 9 
 16 
 16 
 12 
 12 
 18 
 16 
 17 
 20 
 14 
 15 
 21 
 13 
 16 
 14 
 13 
 7 
 14 
 13 
 16 
 11 
 13 
 14 
 9 
 9 
 7 
 14 
 9 
 22 
 18 
 13 
 15 
 16 
 9 
 15 
 12 
 13 
 16 
 7 
 14 
 16 
 11 
 15 
 19 
 11 
 16 
 11 
 18 
 20 
 14 
 17 
 25 
 13 
 14 
 13 
 14 
 17 
 12 
 14 
 14 
 14 
 12 
 14 
 9 
 18 
 9 
 11 
 19 
 17 
 7 
 11 
 11 
 10 
 21 
 9 
 16 
 14 
 14 
 15 
 19 
 11 
 13 
 21 
 12 
 13 
 9 
 18 
 13 
 19 
 10 
 20 
 11 
 13 
 11 
 14 
 14 
 19 
 12 
 12 
 19 
 11 
 12 
 10 
 16 
 15 
 11 
 11 
 14 
 10 
 16 
 8 
 14 
 12 
 15 
 12 
 17 
 10 
 15 
 13 
 14 
 17 
 14 
 15 
 11 
 14 
 17 
 17 
 9 
 9 
 8 
 15 
 8 
 10 
 12 
 13 
 15 
 15 
 10 
 17 
 14 
 4 
 8 
 7 
 11 
 13 
 6 
 17 
 7 
 6 
 14 
 13 
 11 
 11 
 12 
 11 
 10 
 4 
 8 
 9 
 6 
 10 
 6 
 4 
 10 
 10 
 4 
 8 
 14 
 8 
 10 
 10 
 5 
 7 
 8 
 7 
 8 
 10 
 7 
 5 
 5 
 10 
 13 
 11 
 9 
 11 
 7 
 9 
 10 
 2 
 7 
 8 
 8 
 11 
 7 
 5 
 10 
 7 
 5 
 5 
 5 
 5 
 9 
 2 
 11 
 6 
 6 
 7 
 8 
 1 
 6 
 6 
 9 
 3 
 4 
 5 
 7 
 4 
 7 
 3 
 6 
 7 
 5 
 7 
 4 
 4 
 3 
 4 
 5 
 2 
 3 
 4 
 8 
 3 
 3 
 6 
 4 
 4 
 5 
 5 
 2 
 0 
 5 
 4 
 4 
 4 
 5 
 6 
 3 
 8 
 2 
 6 
 5 
 2 
 2 
 4 
 5 
 3 
 2 
 3 
 4 
 5 
 3 
 3 
 2 
 6 
 5 
 7 
 5 
 2 
 1 
 3 
 3 
 2 
 1 
 4 
 4 
 2 
 3 
 1 
 4 
 4 
 3 
 2 
 2 
 3 
 4 
 2 
 1 
 0 
 1 
 1 
 2 
 2 
 4 
 1 
 4 
 5 
 4 
 5 
 4 
 3 
 3 
 6 
 3 
 2 
 5 
 4 
 4 
 1 
 8 
 2 
 4 
 3 
 3 
 4 
 6 
 5 
 3 
 3 
 8 
 6 
 5 
 8 
 4 
 7 
 8 
 8 
 15 
 1 
 2 
 6 
 9 
 6 
 7 
 4 
 4 
 11 
 6 
 11 
 11 
 8 
 9 
 8 
 7 
 9 
 12 
 13 
 10 
 16 
 11 
 11 
 12 
 10 
 8 
 15 
 9 
 12 
 21 
 16 
 21 
 13 
 16 
 14 
 22 
 17 
 17 
 15 
 15 
 18 
 23 
 24 
 12 
 20 
 18 
 18 
 28 
 29 
 29 
 20 
 25 
 25 
 24 
 23 
 21 
 25 
 19 
 18 
 21 
 28 
 12 
 18 
 19 
 17 
 25 
 21 
 17 
 22 
 24 
 30 
 26 
 20 
 18 
 19 
 14 
 24 
 26 
 18 
 20 
 13 
 18 
 24 
 15 
 20 
 18 
 17 
 12 
 13 
 24 
 20 
 16 
 14 
 14 
 22 
 16 
 18 
 15 
 16 
 14 
 10 
 11 
 11 
 15 
 11 
 10 
 9 
 14 
 10 
 11 
 15 
 11 
 14 
 14 
 12 
 11 
 7 
 8 
 4 
 9 
 7 
 6 
 6 
 8 
 10 
 5 
 10 
 8 
 10 
 3 
 6 
 2 
 4 
 5 
 6 
 6 
 11 
 5 
 4 
 2 
 2 
 3 
 5 
 5 
 4 
 2 
 2 
 1 
 2 
 4 
 5 
 2 
 4 
 1 
 0 
 2 
 4 
 1 
 4 
 1 
 1 
 0 
 3 
 1 
 1 
 1 
 2 
 2 
 0 
 1 
 1 
 0 
 0 
 3 
 0 
 1 
 0 
 0 
 1 
 0 
 1 
 1 
 0 
 1 
 0 
 1 
 1 
 1 
 1 
 0 
 0 
 0 
 0 
 1 
 0 
 0 
 1 
 0 
 1 
 1 
 0 
 0 
 0 
 0 
 1 
 2 
 0 
 0 
 0 
 0 
 0 
 2 
 0 
 1 
 1 
 0 
 0 
 0 
 1 
 0 
 0 
 1 
 0 
 0 
 1 
 0 
 1 
 0 
 1 
 0 
 3 
 0 
 0 
 1 
 0 
 0 
 0 
 0 
 1 
 0 
 1 
 0 
 0 
 0 
 0 
 0 
 0 
 2 
 0 
 1 
 2 
 0 
 0 
 0 
 0 
 1 
 1 
 1 
 1 
 0 
 0 
 0 
 0 
 0 
 0 
 0 
 0 
 0 
 1 
 0 
 0 
 1 
 0 
 0 
 0 
 0 
 0 
 0 
 0 
 0 
 0 
 0 
 0 
 0 
 1 
 0 
 1 
 0 
 0 
 0 
 1 
 1 
 0 
 0 
 0 
 0 
 0 
 0 
 0 
 0 
 1 
 0 
 0 
 0 
 0 
 0 
 1 
 0 
 0 
 0 
 0 
 1 
 0 
 0 
 0 
 0 
 0 
 0 
 1 
 0 
 0 
 0 
 0 
 0 
 0 
 0 
 0 
 0 
 2 
 1 
 0 
 1 
 0 
 0 
 0 
 0 
 2 
 0 
 0 
 1 
 0 
 0 
 0 
 0 
 0 
 1 
 0 
 0 
 0 
 2 
 0 
 1 
 0 
 0 
 0 
 0 
 0 
 0 
 0 
 0 
 2 
 1 
 0 
 0 
 0 
 0 
 0 
 1 
 0 
 0 
 1 
 0 
 0 
 0 
 0 
 0 
 0 
 0 
 1 
 1 
 0 
 0 
 1 
 0 
 0 
 0 
 0 
 0 
 0 
 0 
 0 
 0 
 0 
 1 
 0 
 1 
 0 
 0 
 0 
 0 
 0 
 0 
 1 
 0 
 0 
 0 
 1 
 1 
 0 
 1 
 0 
 0 
 0 
 0 
 1 
 1 
 0 
 0 
 0 
 0 
 1 
 0 
 0 
 0 
 0 
 0 
 0 
 1 
 0 
 0 
 0 
 1 
 0 
 0 
 0 
 0 
 0 
 0 
 0 
 0 
 0 
 0 
 0 
 0 
 0 
 0 
 1 
 0 
 1 
 0 
 0 
 0 
 0 
 0 
 0 
 0 
 0 
 1 
 0 
 0 
 0 
 0 
 0 
 0 
 0 
 0 
 0 
 0 
 0 
 0 
 0 
 0 
 0 
 0 
 0 
 1 
 1 
 0 
 0 
 0 
 0 
 0 
 0 
 0 
 1 
 0 
 1 
 0 
 1 
 0 
 0 
 0 
 0 
 0 
 0 
 0 
 1 
 1 
 0 
 0 
 0 
 0 
 0 
 0 
 0 
 0 
 0 
 0 
 1 
 0 
 0 
 0 
 0 
 0 
 0 
 0 
 1 
 0 
 0 
 0 
 0 
 0 
 0 
 0 
 0 
 0 
 0 
 0 
 1 
 0 
 0 
 0 
 0 
 0 
 0 
 0 
 0 
 0 
 0 
 0 
 0 
 1 
 0 
 1 
 0 
 0 
 0 
 0 
 1 
 0 
 0 
 0 
 0 
 1 
 0 
 0 
 0 
 0 
 0 
 0 
 0 
 0 
 0 
 0 
 0 
 1 
 0 
 0 
 0 
 0 
 1 
 0 
 0 
 0 
 0 
 0 
 0 
 0 
 0 
 0 
 0 
 0 
 0 
 0 
 2 
 0 
 2 
 1 
 1 
 0 
 0 
 0 
 0 
 0 
 0 
 0 
 1 
 0 
 0 
 0 
 0 
 0 
 0 
 0 
 1 
 0 
 1 
 0 
 0 
 0 
 0 
 0 
 0 
 0 
 0 
 1 
 0 
 0 
 1 
 0 
 0 
 0 
 1 
 1 
 0 
 0 
 2 
 0 
 0 
 0 
 0 
 0 
 0 
 0 
 0 
 0 
 0 
 0 
 0 
 0 
 0 
 0 
 1 
 0 
 0 
 0 
 0 
 0 
 0 
 0 
 0 
 0 
 0 
 0 
 0 
 0 
 0 
 0 
 0 
 0 
 0 
 0 
 0 
 0 
 0 
 0 
 0 
 0 
 0 
 0 
 0 
 1 
 1 
 0 
 0 
 0 
 0 
 0 
 0 
 0 
 1 
 0 
 0 
 0 
 0 
 0 
 0 
 0 
 1 
 0 
 0 
 0 
 0 
 0 
 0 
 0 
 0 
 0 
 0 
 1 
 0 
 0 
 0 
 0 
 0 
 0 
 0 
 0 
 0 
 0 
 0 
 0 
 0 
 0 
 0 
 0 
 0 
 0 
 0 
 0 
 1 
 0 
 0 
 0 
 0 
 0 
 0 
 0 
 0 
 0 
 0 
 0 
 0 
 1 
 0 
 0 
 0 
 0 
 0 
 0 
 0 
 0 
 1 
 0 
 0 
 0 
 0 
 0 
 0 
 0 
 0 
 0 
 0 
 0 
 0 
 0 
 0 
 0 
 0 
 0 
 0 
 0 
 0 
 0 
 0 
 0 
 0 
 0 
 0 
 0 
 0 
 0 
 0 
 0 
 0 
 0 
 1 
 0 
 0 
 0 
 0 
 0 
 0 
 0 
 0 
 0 
 0 
 0 
 0 
 0 
 0 
 0 
 0 
 0 
 0 
 0 
 0 
 0 
 0 
 0 
 0 
 0 
 0 
 0 
 0 
 0 
 0 
 0 
 0 
 0 
 0 
 0 
 0 
 0 
 0 
 0 
 0 
 0 
 0 
 0 
 0 
 0 
 0 
 0 
 0 
 0 
 0 
 0 
 1 
 1 
 0 
 0 
 0 
 0 
 0 
 0 
 0 
 0 
 0 
 0 
 0 
 0 
 0 
 0 
 0 
 0 
 0 
 0 
 0 
 0 
 0 
 0 
 0 
 0 
 0 
 0 
 0 
 0 
 0 
 0 
 0 
 0 
 0 
 0 
 0 
 0 
 0 
 0 
 0 
 0 
 1 
 0 
 1 
 0 
 0 
 0 
 0 
 1 
 0 
 0 
 0 
 0 
 0 
 0 
 0 
 0 
 0 
 0 
 0 
 0 
 0 
 0 
 0 
 0 
 0 
 0 
 0 
 2 
 1 
 0 
 0 
 0 
 0 
 0 
 0 
 0 
 0 
 0 
 0 
 0 
 0 
 0 
 0 
 0 
 0 
 0 
 0 
 0 
 0 
 0 
 0 
 0 
 0 
 0 
 0 
 0 
 0 
 0 
 0 
 0 
 0 
 1 
 0 
 0 
 0 
 1 
 1 
 1 
 0 
 0 
 0 
 0 
 0 
 0 
 0 
 0 
 0 
 0 
 0 
 0 
 0 
 0 
 0 
 0 
 0 
 0 
 0 
 0 
 0 
 0 
 0 
 0 
 0 
 0 
 0 
 0 
 0 
 0 
 0 
 0 
 0 
 0 
 0 
 0 
 0 
 0 
 0 
 0 
 0 
 0 
 0 
 0 
 0 
 1 
 0 
 0 
 1 
 1 
 0 
 0 
 0 
 0 
 1 
 0 
 1 
 0 
 0 
 0 
 0 
 0 
 0 
 0 
 0 
 0 
 0 
 0 
 0 
 0 
 1 
 0 
 0 
 0 
 0 
 0 
 0 
 0 
 0 
 0 
 0 
 1 
 0 
 0 
 0 
 0 
 0 
 0 
 0 
 0 
 0 
 0 
 0 
 0 
 0 
 0 
 0 
 0 
 0 
 0 
 0 
 0 
 0 
 0 
 0 
 0 
 0 
 0 
 0 
 1 
 0 
 0 
 0 
 0 
 0 
 0 
 0 
 0 
 0 
 0 
 0 
 0 
 0 
 0 
 0 
 0 
 0 
 0 
 0 
 0 
 1 
 0 
 0 
 0 
 0 
 0 
 0 
 0 
 0 
 0 
 0 
 0 
 0 
 0 
 0 
 0 
 0 
 0 
 0 
 0 
 0 
 0 
 0 
 0 
 0 
 0 
 0 
 0 
 0 
 0 
 0 
 0 
 0 
 0 
 0 
 0 
 0 
 0 
 0 
 0 
 0 
 0 
 0 
 0 
 0 
 0 
 0 
 0 
 0 
 0 
 0 
 0 
 0 
 0 
 0 
 0 
 0 
 0 
 0 
 0 
 0 
 0 
 0 
 0 
 0 
 0 
 0 
 0 
 0 
 0 
 0 
 0 
 0 
 0 
 0 
 0 
 0 
 0 
 0 
 0 
 0 
 0 
 0 
 0 
 1 
 1 
 0 
 0 
 0 
 0 
 0 
 0 
 0 
 0 
 0 
 0 
 0 
 0 
 0 
 0 
 0 
 0 
 0 
 0 
 0 
 0 
 0 
 0 
 0 
 0 
 0 
 0 
 0 
 0 
 0 
 0 
 0 
 0 
 0 
 0 
 0 
 0 
 0 
 0 
 0 
 0 
 0 
 0 
 0 
 0 
 0 
 0 
 0 
 0 
 0 
 0 
 0 
 0 
 0 
 0 
 0 
 0 
 0 
 0 
 0 
 0 
 0 
 0 
 0 
 0 
 0 
 0 
 0 
 0 
 0 
 0 
 0 
 0 
 0 
 0 
 0 
 0 
 0 
 0 
 0 
 0 
 0 
 0 
 0 
 0 
 0 
 0 
 0 
 0 
 0 
 0 
 0 
 0 
 0 
 0 
 0 
 0 
 0 
 0 
 0 
 0 
 0 
 0 
 0 
 0 
 0 
 0 
 0 
 0 
 0 
 0 
 0 
 0 
 0 
 0 
 0 
 0 
 0 
 0 
 0 
 0 
 0 
 0 
 0 
 0 
 0 
 0 
 0 
 0 
 1 
 0 
 0 
 0 
 0 
 0 
 0 
 0 
 0 
 0 
 0 
 0 
 1 
 0 
 0 
 0 
 0 
 0 
 0 
 0 
 0 
 0 
 0 
 0 
 0 
 0 
 0 
 0 
 0 
 0 
 0 
 0 
 0 
 1 
 0 
 0 
 0 
 0 
 0 
 0 
 0 
 0 
 0 
 0 
 0 
 0 
 0 
 0 
 0 
 0 
 0 
 0 
 0 
 0 
 0 
 0 
 0 
 0 
 0 
 0 
 0 
 0 
 0 
 0 
 0 
 0 
 0 
 0 
 0 
 0 
 0 
 0 
 0 
 0 
 0 
 0 
 0 
 0 
 0 
 0 
 0 
 0 
 0 
 0 
 0 
 0 
 0 
 0 
 0 
 0 
 0 
 0 
 0 
 0 
 0 
 0 
 0 
 0 
 0 
 0 
 0 
 0 
 0 
 0 
 0 
 0 
 0 
 0 
 0 
 0 
 0 
 0 
 0 
 0 
 0 
 0 
 0 
 0 
 0 
 0 
 0 
 0 
 0 
 0 
 0 
 0 
 0 
 0 
 0 
 0 
 0 
 0 
 0 
 1 
 0 
 0 
 0 
 0 
 0 
 0 
 0 
 0 
 0 
 0 
 0 
 0 
 0 
 0 
 0 
 0 
 0 
 0 
 0 
 0 
 1 
 0 
 0 
 0 
 0 
 0 
 0 
 0 
 0 
 0 
 0 
 0 
 0 
 0 
 0 
 0 
 0 
 0 
 0 
 0 
 0 
 0 
 0 
 0 
 0 
 0 
 0 
 0 
 0 
 0 
 0 
 0 
 0 
 0 
 0 
 0 
 0 
 0 
 0 
 0 
 0 
 0 
 0 
 0 
 0 
 0 
 0 
 0 
 0 
 0 
 0 
 0 
 1 
 0 
 0 
 0 
 0 
 0 
 0 
 0 
 1 
 0 
 0 
 0 
 0 
 0 
 0 
 0 
 0 
 0 
 0 
 0 
 0 
 0 
 0 
 0 
 0 
 0 
 0 
 0 
 0 
 0 
 0 
 0 
 0 
 0 
 0 
 0 
 0 
 0 
 0 
 0 
 0 
 0 
 0 
 0 
 0 
 0 
 0 
 0 
 0 
 0 
 0 
 1 
 0 
 0 
 0 
 0 
 0 
 0 
 0 
 0 
 0 
 0 
 0 
 0 
 0 
 0 
 0 
 0 
 0 
 0 
 0 
 0 
 0 
 0 
 0 
 0 
 0 
 0 
 0 
 0 
 0 
 0 
 0 
 0 
 0 
 0 
 0 
 0 
 0 
 0 
 0 
 0 
 0 
 0 
 0 
 0 
 0 
 0 
 0 
 0 
 0 
 0 
 0 
 0 
 0 
 0 
 0 
 0 
 0 
 0 
 0 
 0 
 0 
 0 
 0 
 0 
 0 
 0 
 0 
 0 
 0 
 0 
 0 
 0 
 0 
 0 
 0 
 0 
 0 
 0 
 0 
 0 
 0 
 0 
 0 
 0 
 0 
 0 
 0 
 0 
 0 
 0 
 0 
 0 
 0 
 0 
 0 
 0 
 0 
 0 
 0 
 0 
 0 
 0 
 0 
 0 
 0 
 0 
 0 
 0 
 0 
 0 
 0 
 0 
 0 
 0 
 0 
 0 
 0 
 0 
 0 
 0 
 0 
 0 
 0 
 0 
 0 
 0 
 0 
 0 
 0 
 0 
 0 
 0 
 0 
 0 
 0 
 0 
 0 
 0 
 0 
 0 
 0 
 0 
 0 
 0 
 0 
 0 
 0 
 0 
 0 
 0 
 0 
 0 
 0 
 0 
 0 
 0 
 0 
 0 
 0 
 0 
 0 
 0 
 0 
 0 
 0 
 0 
 0 
 0 
 0 
 0 
 0 
 0 
 0 
 0 
 0 
 0 
 0 
 0 
 0 
 1 
 0 
 0 
 0 
 0 
 0 
 0 
 0 
 0 
 0 
 0 
 0 
 0 
 0 
 0 
 0 
 0 
 0 
 0 
 0 
 0 
 0 
 0 
 0 
 0 
 0 
 0 
 0 
 0 
 0 
 0 
 0 
 0 
 0 
 0 
 0 
 0 
 0 
 0 
 0 
 0 
 0 
 0 
 0 
 0 
 0 
 0 
 0 
 0 
 0 
 0 
 0 
 0 
 0 
 0 
 0 
 0 
 0 
 0 
 0 
 0 
 0 
 0 
 0 
 0 
 0 
 0 
 0 
 0 
 0 
 0 
 0 
 0 
 0 
 0 
 0 
 0 
 0 
 0 
 0 
 0 
 0 
 0 
 0 
 0 
 0 
 0 
 0 
 0 
 0 
 0 
 0 
 0 
 0 
 0 
 0 
 0 
 0 
 0 
 0 
 0 
 0 
 0 
 0 
 0 
 0 
 0 
 0 
 0 
 0 
 0 
 0 
 0 
 0 
 0 
 0 
 0 
 0 
 0 
 0 
 0 
 0 
 0 
 0 
 0 
 0 
 0 
 0 
 0 
 0 
 0 
 0 
 0 
 0 
 0 
 0 
 0 
 0 
 0 
 0 
 0 
 0 
 0 
 0 
 0 
 0 
 0 
 0 
 0 
 0 
 0 
 0 
 0 
 0 
 0 
 0 
 0 
 0 
 0 
 0 
 0 
 0 
 0 
 0 
 0 
 0 
 0 
 0 
 0 
 0 
 0 
 0 
 0 
 0 
 0 
 0 
 0 
 0 
 0 
 0 
 0 
 0 
 0 
 0 
 0 
 0 
 0 
 0 
 0 
 0 
 0 
 0 
 0 
 0 
 0 
 0 
 0 
 0 
 0 
 0 
 0 
 0 
 0 
 0 
 0 
 0 
 0 
 0 
 0 
 0 
 0 
 0 
 0 
 0 
 0 
 0 
 0 
 0 
 0 
 0 
 0 
 0 
 0 
 0 
 0 
 0 
 0 
 0 
 0 
 0 
 0 
 0 
 0 
 0 
 0 
 0 
 0 
 0 
 0 
 0 
 0 
 0 
 0 
 0 
 0 
 0 
 0 
 0 
 0 
 0 
 0 
 0 
 0 
 0 
 0 
 0 
 0 
 0 
 0 
 0 
 0 
 0 
 0 
 0 
 0 
 0 
 0 
 0 
 0 
 0 
 0 
 0 
 0 
 0 
 0 
 0 
 0 
 0 
 0 
 0 
 0 
 0 
 0 
 0 
 0 
 0 
 0 
 0 
 0 
 0 
 0 
 0 
 0 
 0 
 0 
 0 
 0 
 0 
 0 
 0 
 0 
 0 
 0 
 0 
 0 
 0 
 0 
 0 
 0 
 0 
 0 
 0 
 0 
 0 
 0 
 0 
 0 
 0 
 0 
 0 
 0 
 0 
 0 
 0 
 0 
 0 
 0 
 0 
 0 
 0 
 0 
 0 
 0 
 0 
 0 
 0 
 0 
 0 
 0 
 0 
 0 
 0 
 0 
 0 
 0 
 0 
 0 
 0 
 0 
 0 
 0 
 0 
 0 
 0 
 0 
 0 
 0 
 0 
 0 
 0 
 0 
 0 
 0 
 0 
 0 
 0 
 0 
 0 
 0 
 0 
 0 
 0 
 0 
 0 
 0 
 0 
 0 
 0 
 0 
 0 
 0 
 0 
 0 
 0 
 0 
 0 
 0 
 0 
 0 
 0 
 0 
 0 
 0 
 0 
 0 
 0 
 0 
 0 
 0 
 0 
 0 
 0 
