 0 
 0 
 0 
 0 
 0 
 0 
 0 
 0 
 1 
 1 
 1 
 2 
 1 
 1 
 0 
 1 
 1 
 0 
 2 
 5 
 5 
 7 
 6 
 8 
 8 
 15 
 15 
 29 
 41 
 60 
 75 
 93 
 141 
 149 
 187 
 241 
 301 
 330 
 333 
 406 
 383 
 467 
 433 
 458 
 482 
 540 
 566 
 518 
 545 
 556 
 553 
 616 
 576 
 629 
 585 
 589 
 605 
 614 
 630 
 664 
 590 
 623 
 590 
 585 
 615 
 637 
 571 
 650 
 571 
 548 
 599 
 610 
 573 
 625 
 610 
 606 
 628 
 602 
 562 
 569 
 607 
 617 
 674 
 688 
 697 
 741 
 761 
 852 
 869 
 1008 
 1063 
 1154 
 1169 
 1196 
 1277 
 1333 
 1328 
 1391 
 1423 
 1360 
 1368 
 1289 
 1241 
 1224 
 1245 
 1210 
 1099 
 1129 
 1006 
 955 
 941 
 885 
 906 
 867 
 834 
 825 
 766 
 722 
 694 
 637 
 605 
 630 
 570 
 609 
 576 
 541 
 536 
 507 
 502 
 533 
 535 
 493 
 527 
 500 
 546 
 522 
 565 
 598 
 529 
 513 
 553 
 525 
 531 
 513 
 507 
 521 
 533 
 542 
 496 
 540 
 494 
 507 
 537 
 499 
 523 
 514 
 529 
 554 
 528 
 474 
 553 
 521 
 510 
 529 
 495 
 477 
 534 
 540 
 513 
 499 
 473 
 534 
 546 
 522 
 507 
 530 
 564 
 490 
 521 
 493 
 493 
 461 
 526 
 558 
 552 
 523 
 522 
 517 
 509 
 503 
 535 
 520 
 551 
 565 
 556 
 557 
 537 
 545 
 573 
 576 
 596 
 536 
 620 
 560 
 591 
 588 
 602 
 602 
 614 
 596 
 586 
 650 
 614 
 630 
 629 
 596 
 596 
 629 
 589 
 619 
 611 
 630 
 637 
 585 
 606 
 645 
 615 
 635 
 636 
 623 
 632 
 591 
 571 
 619 
 605 
 614 
 570 
 594 
 606 
 612 
 640 
 621 
 621 
 628 
 607 
 580 
 581 
 601 
 620 
 611 
 511 
 634 
 629 
 591 
 595 
 559 
 607 
 591 
 655 
 626 
 657 
 616 
 584 
 568 
 634 
 583 
 613 
 620 
 608 
 633 
 606 
 598 
 610 
 592 
 644 
 566 
 595 
 643 
 665 
 604 
 582 
 640 
 625 
 643 
 608 
 612 
 611 
 625 
 632 
 613 
 579 
 607 
 628 
 600 
 625 
 586 
 626 
 593 
 596 
 613 
 602 
 570 
 602 
 612 
 633 
 607 
 615 
 594 
 633 
 592 
 599 
 559 
 634 
 581 
 590 
 578 
 592 
 595 
 594 
 599 
 590 
 584 
 572 
 583 
 625 
 615 
 588 
 635 
 585 
 535 
 589 
 570 
 555 
 627 
 545 
 642 
 617 
 549 
 596 
 587 
 588 
 635 
 624 
 621 
 569 
 628 
 633 
 625 
 631 
 652 
 638 
 600 
 584 
 595 
 604 
 609 
 645 
 648 
 618 
 586 
 613 
 618 
 639 
 645 
 605 
 613 
 666 
 585 
 611 
 609 
 568 
 574 
 589 
 591 
 619 
 586 
 554 
 642 
 534 
 586 
 545 
 564 
 534 
 524 
 520 
 527 
 517 
 539 
 492 
 499 
 472 
 459 
 478 
 476 
 428 
 451 
 476 
 430 
 484 
 434 
 416 
 456 
 382 
 367 
 414 
 391 
 392 
 407 
 412 
 452 
 353 
 374 
 359 
 373 
 370 
 370 
 377 
 342 
 380 
 370 
 376 
 325 
 357 
 346 
 344 
 395 
 344 
 325 
 354 
 308 
 335 
 347 
 333 
 328 
 313 
 333 
 355 
 311 
 356 
 337 
 324 
 307 
 335 
 320 
 306 
 314 
 332 
 321 
 309 
 336 
 335 
 302 
 317 
 303 
 348 
 340 
 319 
 319 
 311 
 295 
 311 
 326 
 282 
 280 
 331 
 286 
 342 
 328 
 273 
 323 
 286 
 283 
 282 
 276 
 310 
 315 
 281 
 285 
 295 
 295 
 273 
 311 
 298 
 285 
 305 
 298 
 267 
 296 
 289 
 301 
 281 
 299 
 273 
 301 
 285 
 287 
 288 
 299 
 285 
 292 
 245 
 281 
 286 
 293 
 297 
 311 
 259 
 311 
 290 
 302 
 284 
 255 
 279 
 280 
 269 
 265 
 236 
 277 
 296 
 290 
 256 
 284 
 290 
 270 
 290 
 299 
 274 
 307 
 273 
 282 
 295 
 266 
 293 
 281 
 312 
 268 
 305 
 301 
 302 
 287 
 294 
 330 
 320 
 345 
 314 
 380 
 385 
 378 
 386 
 402 
 453 
 494 
 478 
 491 
 523 
 612 
 621 
 662 
 673 
 712 
 758 
 853 
 911 
 926 
 1006 
 1099 
 1072 
 1253 
 1294 
 1354 
 1417 
 1498 
 1483 
 1650 
 1680 
 1847 
 1909 
 2017 
 2094 
 2133 
 2164 
 2304 
 2415 
 2408 
 2549 
 2553 
 2618 
 2714 
 2734 
 2819 
 2799 
 2953 
 2783 
 2954 
 2925 
 2948 
 2975 
 3008 
 2860 
 2998 
 2889 
 2836 
 2787 
 2869 
 2710 
 2803 
 2680 
 2534 
 2453 
 2496 
 2314 
 2299 
 2132 
 1999 
 1909 
 1971 
 1855 
 1725 
 1648 
 1634 
 1482 
 1352 
 1285 
 1230 
 1171 
 1129 
 1059 
 994 
 908 
 860 
 819 
 763 
 647 
 629 
 559 
 544 
 525 
 428 
 447 
 386 
 355 
 349 
 311 
 311 
 267 
 254 
 223 
 224 
 216 
 199 
 193 
 203 
 188 
 162 
 193 
 152 
 149 
 136 
 151 
 124 
 125 
 144 
 142 
 127 
 136 
 143 
 122 
 128 
 129 
 122 
 123 
 113 
 122 
 144 
 123 
 119 
 131 
 110 
 130 
 131 
 133 
 133 
 113 
 136 
 148 
 108 
 113 
 130 
 150 
 117 
 128 
 120 
 130 
 121 
 125 
 124 
 116 
 120 
 122 
 131 
 131 
 107 
 143 
 136 
 128 
 133 
 119 
 120 
 109 
 117 
 116 
 121 
 131 
 115 
 121 
 122 
 111 
 101 
 117 
 127 
 124 
 123 
 109 
 104 
 128 
 110 
 122 
 141 
 116 
 123 
 103 
 143 
 100 
 141 
 117 
 105 
 112 
 112 
 120 
 112 
 106 
 116 
 139 
 109 
 131 
 124 
 113 
 104 
 128 
 121 
 112 
 130 
 112 
 128 
 127 
 121 
 130 
 109 
 105 
 108 
 131 
 121 
 133 
 110 
 107 
 120 
 111 
 113 
 115 
 103 
 124 
 127 
 99 
 117 
 130 
 117 
 128 
 125 
 102 
 103 
 122 
 135 
 118 
 102 
 90 
 127 
 114 
 143 
 109 
 120 
 108 
 120 
 105 
 112 
 98 
 108 
 115 
 103 
 107 
 118 
 112 
 111 
 130 
 134 
 109 
 112 
 109 
 104 
 135 
 116 
 112 
 126 
 103 
 120 
 106 
 114 
 128 
 128 
 91 
 123 
 119 
 130 
 134 
 118 
 134 
 105 
 140 
 112 
 119 
 127 
 96 
 105 
 114 
 97 
 122 
 113 
 121 
 110 
 115 
 122 
 110 
 113 
 122 
 119 
 105 
 122 
 125 
 125 
 108 
 112 
 125 
 97 
 118 
 108 
 101 
 117 
 125 
 111 
 122 
 122 
 113 
 103 
 117 
 121 
 110 
 128 
 112 
 99 
 116 
 114 
 122 
 123 
 135 
 120 
 126 
 112 
 110 
 127 
 119 
 119 
 120 
 132 
 119 
 115 
 112 
 99 
 137 
 127 
 129 
 116 
 110 
 118 
 132 
 113 
 105 
 125 
 129 
 114 
 106 
 129 
 116 
 116 
 99 
 141 
 126 
 127 
 87 
 129 
 110 
 112 
 134 
 105 
 132 
 117 
 122 
 120 
 121 
 117 
 98 
 134 
 133 
 117 
 129 
 132 
 122 
 112 
 112 
 110 
 114 
 122 
 142 
 111 
 110 
 109 
 100 
 115 
 109 
 136 
 125 
 121 
 117 
 114 
 102 
 112 
 126 
 122 
 118 
 128 
 109 
 119 
 121 
 120 
 111 
 108 
 112 
 126 
 115 
 98 
 141 
 120 
 122 
 136 
 96 
 124 
 135 
 113 
 122 
 117 
 112 
 125 
 119 
 130 
 117 
 122 
 130 
 140 
 128 
 128 
 111 
 119 
 121 
 125 
 122 
 114 
 131 
 117 
 129 
 97 
 117 
 105 
 126 
 133 
 128 
 121 
 137 
 128 
 113 
 136 
 125 
 122 
 114 
 108 
 120 
 111 
 134 
 132 
 113 
 135 
 131 
 115 
 109 
 132 
 103 
 148 
 143 
 137 
 121 
 123 
 119 
 130 
 134 
 123 
 134 
 120 
 107 
 143 
 142 
 129 
 126 
 128 
 143 
 123 
 145 
 116 
 132 
 137 
 130 
 142 
 121 
 110 
 106 
 137 
 110 
 128 
 133 
 124 
 131 
 125 
 123 
 115 
 122 
 139 
 141 
 135 
 138 
 124 
 114 
 132 
 134 
 126 
 133 
 110 
 138 
 143 
 119 
 134 
 129 
 147 
 109 
 123 
 135 
 111 
 136 
 123 
 139 
 143 
 133 
 135 
 126 
 109 
 117 
 131 
 120 
 114 
 118 
 139 
 123 
 125 
 146 
 114 
 140 
 120 
 114 
 123 
 156 
 157 
 144 
 129 
 137 
 133 
 154 
 120 
 151 
 122 
 132 
 136 
 145 
 153 
 134 
 133 
 146 
 135 
 137 
 149 
 161 
 115 
 128 
 143 
 144 
 163 
 150 
 134 
 139 
 132 
 162 
 151 
 145 
 159 
 123 
 132 
 154 
 141 
 142 
 136 
 144 
 146 
 138 
 146 
 133 
 141 
 142 
 137 
 153 
 135 
 136 
 150 
 130 
 140 
 153 
 120 
 164 
 144 
 127 
 159 
 114 
 127 
 126 
 144 
 155 
 120 
 126 
 122 
 129 
 135 
 133 
 127 
 127 
 128 
 106 
 128 
 100 
 108 
 121 
 112 
 119 
 99 
 114 
 113 
 96 
 114 
 106 
 113 
 111 
 97 
 94 
 94 
 93 
 80 
 92 
 101 
 92 
 89 
 92 
 96 
 78 
 93 
 83 
 78 
 84 
 90 
 108 
 86 
 85 
 66 
 80 
 85 
 85 
 83 
 72 
 75 
 65 
 80 
 84 
 63 
 65 
 58 
 76 
 88 
 64 
 74 
 74 
 49 
 73 
 67 
 53 
 69 
 43 
 49 
 50 
 44 
 53 
 48 
 59 
 69 
 55 
 47 
 68 
 57 
 57 
 39 
 64 
 45 
 51 
 45 
 46 
 34 
 50 
 50 
 49 
 48 
 46 
 54 
 36 
 38 
 41 
 46 
 31 
 42 
 37 
 42 
 37 
 42 
 51 
 35 
 31 
 39 
 38 
 29 
 35 
 29 
 41 
 35 
 37 
 45 
 31 
 30 
 36 
 29 
 26 
 26 
 26 
 36 
 23 
 35 
 32 
 41 
 28 
 21 
 30 
 38 
 24 
 33 
 33 
 29 
 30 
 34 
 30 
 41 
 22 
 34 
 29 
 33 
 32 
 33 
 30 
 30 
 28 
 21 
 41 
 28 
 34 
 18 
 27 
 17 
 36 
 31 
 23 
 27 
 24 
 32 
 31 
 23 
 29 
 17 
 21 
 27 
 22 
 23 
 21 
 31 
 19 
 29 
 20 
 26 
 17 
 21 
 33 
 20 
 21 
 25 
 20 
 31 
 23 
 38 
 28 
 30 
 18 
 26 
 17 
 30 
 26 
 29 
 26 
 32 
 24 
 33 
 25 
 23 
 33 
 28 
 26 
 23 
 29 
 40 
 32 
 40 
 33 
 38 
 53 
 44 
 39 
 32 
 51 
 52 
 62 
 60 
 53 
 62 
 71 
 57 
 66 
 77 
 73 
 84 
 92 
 93 
 77 
 100 
 101 
 106 
 93 
 106 
 117 
 136 
 133 
 146 
 143 
 127 
 153 
 183 
 170 
 178 
 200 
 203 
 209 
 191 
 232 
 213 
 245 
 221 
 276 
 245 
 242 
 297 
 290 
 266 
 303 
 320 
 297 
 331 
 306 
 331 
 361 
 388 
 354 
 384 
 390 
 393 
 385 
 394 
 401 
 437 
 387 
 414 
 469 
 423 
 411 
 443 
 488 
 426 
 448 
 468 
 455 
 486 
 473 
 506 
 483 
 481 
 476 
 461 
 423 
 440 
 440 
 449 
 452 
 443 
 430 
 419 
 423 
 424 
 436 
 449 
 468 
 428 
 386 
 405 
 376 
 383 
 375 
 373 
 362 
 340 
 370 
 328 
 330 
 343 
 315 
 334 
 328 
 285 
 298 
 277 
 260 
 257 
 243 
 268 
 232 
 213 
 224 
 221 
 202 
 231 
 176 
 176 
 174 
 175 
 155 
 148 
 146 
 132 
 134 
 125 
 142 
 130 
 95 
 100 
 116 
 106 
 88 
 103 
 111 
 77 
 97 
 106 
 67 
 77 
 63 
 75 
 66 
 57 
 48 
 63 
 45 
 57 
 42 
 53 
 43 
 47 
 41 
 43 
 37 
 34 
 49 
 37 
 37 
 23 
 31 
 32 
 26 
 34 
 26 
 24 
 22 
 26 
 24 
 27 
 22 
 22 
 25 
 20 
 9 
 24 
 21 
 14 
 19 
 19 
 16 
 18 
 16 
 18 
 18 
 12 
 12 
 20 
 12 
 16 
 20 
 20 
 21 
 14 
 17 
 16 
 14 
 20 
 10 
 15 
 12 
 17 
 18 
 14 
 15 
 19 
 16 
 18 
 13 
 10 
 15 
 15 
 16 
 14 
 11 
 14 
 12 
 15 
 12 
 10 
 14 
 13 
 19 
 8 
 16 
 16 
 11 
 10 
 12 
 10 
 12 
 12 
 11 
 17 
 12 
 14 
 16 
 8 
 13 
 10 
 11 
 18 
 14 
 18 
 12 
 22 
 3 
 14 
 16 
 14 
 15 
 11 
 15 
 14 
 8 
 11 
 9 
 9 
 12 
 13 
 11 
 11 
 8 
 13 
 13 
 15 
 12 
 14 
 12 
 8 
 13 
 7 
 8 
 11 
 8 
 10 
 8 
 16 
 14 
 7 
 8 
 12 
 10 
 9 
 11 
 10 
 20 
 12 
 10 
 8 
 16 
 13 
 4 
 14 
 14 
 10 
 13 
 12 
 13 
 9 
 8 
 10 
 9 
 14 
 15 
 8 
 15 
 10 
 9 
 9 
 12 
 9 
 11 
 10 
 11 
 13 
 7 
 5 
 9 
 17 
 12 
 10 
 6 
 15 
 11 
 12 
 11 
 14 
 11 
 12 
 10 
 9 
 10 
 9 
 18 
 12 
 13 
 14 
 8 
 18 
 19 
 13 
 11 
 8 
 12 
 16 
 14 
 15 
 10 
 8 
 9 
 13 
 8 
 7 
 20 
 12 
 13 
 9 
 11 
 10 
 10 
 9 
 9 
 8 
 17 
 8 
 16 
 20 
 7 
 7 
 12 
 11 
 10 
 8 
 7 
 11 
 10 
 16 
 11 
 9 
 8 
 9 
 7 
 14 
 10 
 5 
 8 
 9 
 14 
 13 
 10 
 11 
 13 
 7 
 11 
 8 
 9 
 7 
 9 
 10 
 8 
 10 
 9 
 8 
 13 
 13 
 9 
 7 
 8 
 8 
 7 
 14 
 2 
 9 
 8 
 8 
 11 
 5 
 9 
 7 
 7 
 9 
 7 
 12 
 5 
 8 
 14 
 5 
 0 
 10 
 9 
 7 
 9 
 3 
 6 
 7 
 7 
 4 
 8 
 4 
 8 
 6 
 9 
 3 
 6 
 6 
 7 
 3 
 5 
 7 
 7 
 3 
 10 
 9 
 6 
 5 
 8 
 8 
 6 
 2 
 5 
 4 
 5 
 6 
 3 
 4 
 1 
 1 
 3 
 4 
 2 
 3 
 4 
 5 
 3 
 8 
 4 
 7 
 4 
 6 
 4 
 5 
 7 
 3 
 3 
 4 
 3 
 5 
 6 
 2 
 7 
 7 
 6 
 3 
 7 
 3 
 6 
 9 
 4 
 2 
 3 
 4 
 4 
 8 
 7 
 1 
 4 
 5 
 1 
 3 
 0 
 4 
 9 
 3 
 2 
 4 
 7 
 5 
 2 
 4 
 3 
 3 
 3 
 8 
 1 
 6 
 4 
 3 
 4 
 4 
 1 
 4 
 5 
 4 
 5 
 2 
 2 
 1 
 5 
 7 
 3 
 5 
 5 
 2 
 1 
 1 
 3 
 3 
 3 
 3 
 2 
 3 
 1 
 1 
 3 
 8 
 1 
 1 
 0 
 4 
 3 
 1 
 3 
 2 
 2 
 4 
 6 
 3 
 7 
 3 
 1 
 4 
 1 
 6 
 6 
 4 
 4 
 1 
 3 
 3 
 5 
 5 
 4 
 4 
 7 
 7 
 4 
 7 
 1 
 5 
 7 
 4 
 1 
 1 
 5 
 2 
 4 
 5 
 8 
 3 
 4 
 4 
 8 
 9 
 7 
 11 
 7 
 6 
 5 
 4 
 3 
 8 
 5 
 6 
 13 
 5 
 11 
 7 
 4 
 12 
 14 
 8 
 6 
 9 
 7 
 9 
 5 
 7 
 11 
 13 
 13 
 12 
 13 
 17 
 13 
 9 
 18 
 16 
 12 
 19 
 18 
 14 
 23 
 20 
 13 
 22 
 13 
 14 
 9 
 21 
 20 
 14 
 18 
 10 
 13 
 16 
 11 
 24 
 19 
 24 
 16 
 25 
 22 
 15 
 25 
 15 
 11 
 20 
 19 
 17 
 23 
 22 
 18 
 15 
 23 
 20 
 12 
 25 
 20 
 9 
 27 
 22 
 21 
 12 
 23 
 10 
 13 
 20 
 17 
 16 
 8 
 16 
 3 
 7 
 13 
 16 
 15 
 12 
 18 
 14 
 11 
 11 
 13 
 11 
 9 
 15 
 7 
 9 
 10 
 15 
 9 
 9 
 7 
 6 
 10 
 8 
 4 
 4 
 10 
 7 
 7 
 4 
 10 
 12 
 8 
 10 
 11 
 6 
 5 
 8 
 2 
 11 
 1 
 2 
 3 
 9 
 3 
 2 
 2 
 1 
 3 
 2 
 6 
 4 
 4 
 1 
 3 
 3 
 1 
 4 
 5 
 1 
 5 
 1 
 5 
 3 
 2 
 0 
 0 
 1 
 1 
 1 
 2 
 2 
 0 
 0 
 1 
 1 
 0 
 1 
 1 
 1 
 0 
 2 
 0 
 0 
 1 
 1 
 1 
 2 
 0 
 0 
 0 
 0 
 0 
 0 
 0 
 1 
 0 
 0 
 0 
 0 
 0 
 0 
 2 
 0 
 0 
 0 
 0 
 0 
 1 
 0 
 0 
 1 
 0 
 0 
 0 
 1 
 1 
 0 
 0 
 0 
 0 
 0 
 0 
 0 
 1 
 0 
 0 
 1 
 0 
 0 
 0 
 1 
 0 
 1 
 0 
 0 
 0 
 0 
 0 
 0 
 0 
 0 
 0 
 1 
 0 
 1 
 1 
 0 
 0 
 0 
 0 
 0 
 0 
 0 
 1 
 0 
 0 
 0 
 1 
 0 
 0 
 0 
 0 
 0 
 2 
 0 
 1 
 1 
 0 
 0 
 0 
 0 
 0 
 0 
 0 
 0 
 0 
 0 
 0 
 1 
 0 
 0 
 0 
 1 
 0 
 1 
 0 
 0 
 1 
 0 
 0 
 0 
 0 
 0 
 0 
 1 
 0 
 0 
 1 
 0 
 0 
 1 
 1 
 0 
 0 
 0 
 0 
 0 
 0 
 0 
 1 
 0 
 0 
 0 
 0 
 0 
 0 
 0 
 0 
 0 
 1 
 0 
 0 
 1 
 0 
 0 
 1 
 0 
 0 
 0 
 0 
 0 
 0 
 1 
 0 
 0 
 0 
 1 
 0 
 0 
 0 
 0 
 0 
 1 
 0 
 0 
 0 
 0 
 1 
 0 
 1 
 0 
 0 
 0 
 1 
 0 
 0 
 1 
 0 
 0 
 0 
 0 
 0 
 0 
 0 
 0 
 0 
 0 
 0 
 2 
 0 
 0 
 1 
 0 
 0 
 0 
 1 
 0 
 0 
 0 
 0 
 0 
 0 
 0 
 0 
 0 
 0 
 1 
 0 
 0 
 0 
 1 
 1 
 0 
 0 
 0 
 0 
 0 
 0 
 0 
 1 
 0 
 0 
 0 
 0 
 0 
 0 
 0 
 1 
 0 
 1 
 0 
 1 
 1 
 0 
 0 
 0 
 0 
 0 
 1 
 0 
 3 
 0 
 0 
 0 
 0 
 0 
 0 
 0 
 0 
 0 
 0 
 0 
 1 
 0 
 0 
 0 
 0 
 0 
 0 
 0 
 0 
 0 
 0 
 0 
 0 
 0 
 0 
 0 
 0 
 1 
 0 
 0 
 0 
 0 
 0 
 0 
 0 
 0 
 0 
 0 
 0 
 0 
 0 
 0 
 1 
 0 
 0 
 0 
 0 
 0 
 1 
 0 
 0 
 1 
 0 
 1 
 0 
 1 
 0 
 0 
 0 
 0 
 0 
 0 
 0 
 0 
 0 
 0 
 0 
 0 
 1 
 0 
 0 
 0 
 0 
 0 
 0 
 0 
 0 
 0 
 0 
 0 
 1 
 0 
 0 
 0 
 0 
 0 
 0 
 1 
 0 
 0 
 1 
 0 
 0 
 2 
 0 
 0 
 0 
 0 
 0 
 0 
 0 
 0 
 0 
 0 
 0 
 0 
 2 
 0 
 0 
 0 
 0 
 0 
 0 
 1 
 0 
 0 
 0 
 0 
 0 
 0 
 0 
 1 
 0 
 0 
 0 
 0 
 0 
 0 
 0 
 0 
 0 
 0 
 1 
 0 
 0 
 1 
 0 
 1 
 0 
 0 
 0 
 0 
 0 
 0 
 0 
 0 
 0 
 0 
 0 
 0 
 0 
 0 
 0 
 0 
 0 
 0 
 0 
 0 
 0 
 0 
 0 
 0 
 0 
 0 
 0 
 0 
 0 
 0 
 0 
 0 
 0 
 0 
 0 
 0 
 0 
 0 
 0 
 0 
 0 
 0 
 0 
 0 
 1 
 0 
 0 
 0 
 0 
 0 
 0 
 0 
 0 
 0 
 0 
 0 
 0 
 0 
 0 
 1 
 0 
 0 
 0 
 0 
 1 
 0 
 0 
 0 
 0 
 0 
 0 
 0 
 0 
 1 
 0 
 0 
 0 
 0 
 0 
 0 
 0 
 0 
 0 
 0 
 0 
 1 
 0 
 0 
 0 
 0 
 0 
 0 
 0 
 0 
 0 
 0 
 0 
 0 
 0 
 0 
 0 
 0 
 0 
 0 
 0 
 0 
 0 
 0 
 0 
 0 
 0 
 0 
 1 
 0 
 1 
 0 
 0 
 0 
 0 
 1 
 0 
 0 
 0 
 0 
 0 
 0 
 0 
 0 
 0 
 0 
 0 
 0 
 1 
 0 
 0 
 0 
 0 
 0 
 1 
 0 
 0 
 0 
 1 
 0 
 0 
 0 
 0 
 0 
 0 
 0 
 0 
 0 
 0 
 0 
 0 
 0 
 0 
 0 
 0 
 0 
 0 
 0 
 1 
 0 
 0 
 0 
 0 
 0 
 0 
 0 
 0 
 0 
 0 
 0 
 0 
 0 
 0 
 0 
 0 
 0 
 0 
 0 
 0 
 0 
 0 
 0 
 0 
 0 
 1 
 0 
 0 
 0 
 0 
 0 
 0 
 0 
 0 
 1 
 0 
 0 
 0 
 0 
 0 
 0 
 0 
 0 
 0 
 0 
 0 
 0 
 0 
 0 
 0 
 0 
 0 
 0 
 0 
 0 
 0 
 0 
 0 
 0 
 0 
 0 
 0 
 0 
 0 
 0 
 0 
 0 
 0 
 0 
 0 
 0 
 0 
 0 
 0 
 0 
 0 
 1 
 0 
 0 
 0 
 0 
 0 
 0 
 0 
 0 
 0 
 0 
 0 
 0 
 0 
 0 
 0 
 0 
 0 
 0 
 0 
 1 
 0 
 0 
 0 
 0 
 0 
 0 
 0 
 0 
 0 
 0 
 0 
 0 
 0 
 0 
 0 
 0 
 0 
 0 
 0 
 0 
 0 
 0 
 0 
 0 
 0 
 0 
 0 
 0 
 0 
 0 
 0 
 0 
 0 
 0 
 0 
 0 
 0 
 0 
 0 
 0 
 0 
 0 
 0 
 0 
 1 
 0 
 0 
 0 
 0 
 0 
 0 
 0 
 0 
 0 
 0 
 0 
 0 
 0 
 0 
 0 
 0 
 0 
 0 
 0 
 0 
 0 
 0 
 0 
 0 
 0 
 0 
 0 
 0 
 0 
 0 
 2 
 0 
 1 
 0 
 0 
 0 
 0 
 0 
 1 
 2 
 0 
 0 
 0 
 0 
 0 
 0 
 0 
 0 
 0 
 0 
 0 
 0 
 0 
 0 
 0 
 0 
 0 
 0 
 0 
 2 
 0 
 0 
 0 
 0 
 0 
 0 
 0 
 0 
 1 
 0 
 0 
 0 
 0 
 0 
 0 
 0 
 0 
 0 
 0 
 0 
 0 
 0 
 0 
 0 
 1 
 2 
 0 
 0 
 0 
 0 
 1 
 1 
 0 
 0 
 0 
 1 
 0 
 1 
 0 
 0 
 0 
 0 
 0 
 0 
 0 
 0 
 0 
 0 
 0 
 0 
 0 
 0 
 0 
 0 
 0 
 1 
 0 
 0 
 1 
 1 
 0 
 0 
 0 
 0 
 0 
 0 
 0 
 0 
 0 
 0 
 0 
 0 
 0 
 0 
 0 
 0 
 0 
 0 
 0 
 0 
 0 
 0 
 0 
 0 
 1 
 0 
 0 
 0 
 0 
 0 
 0 
 0 
 0 
 0 
 0 
 0 
 0 
 0 
 1 
 0 
 0 
 0 
 0 
 0 
 0 
 0 
 0 
 0 
 0 
 0 
 0 
 0 
 1 
 0 
 0 
 0 
 0 
 0 
 1 
 0 
 0 
 0 
 0 
 0 
 0 
 0 
 0 
 0 
 0 
 0 
 0 
 0 
 0 
 0 
 0 
 0 
 0 
 0 
 0 
 0 
 0 
 0 
 0 
 0 
 0 
 0 
 0 
 0 
 0 
 0 
 0 
 1 
 0 
 0 
 0 
 0 
 0 
 0 
 0 
 0 
 0 
 0 
 0 
 0 
 1 
 0 
 0 
 0 
 0 
 0 
 0 
 0 
 0 
 0 
 1 
 0 
 0 
 0 
 0 
 0 
 0 
 0 
 0 
 0 
 0 
 0 
 0 
 0 
 0 
 0 
 0 
 0 
 0 
 0 
 0 
 0 
 0 
 0 
 0 
 0 
 0 
 0 
 0 
 0 
 0 
 0 
 0 
 0 
 0 
 0 
 0 
 0 
 0 
 0 
 0 
 0 
 0 
 0 
 0 
 0 
 0 
 0 
 0 
 0 
 0 
 0 
 0 
 0 
 0 
 0 
 0 
 0 
 1 
 0 
 0 
 0 
 0 
 0 
 0 
 0 
 0 
 0 
 0 
 0 
 0 
 0 
 0 
 0 
 0 
 0 
 0 
 0 
 0 
 0 
 0 
 0 
 0 
 0 
 0 
 0 
 0 
 0 
 0 
 0 
 0 
 0 
 0 
 0 
 0 
 0 
 1 
 0 
 0 
 0 
 0 
 0 
 0 
 0 
 0 
 0 
 0 
 0 
 0 
 0 
 0 
 0 
 0 
 0 
 0 
 0 
 0 
 0 
 0 
 0 
 0 
 0 
 0 
 0 
 0 
 0 
 0 
 0 
 0 
 0 
 0 
 0 
 0 
 0 
 0 
 0 
 0 
 0 
 0 
 0 
 0 
 0 
 0 
 0 
 0 
 0 
 0 
 0 
 0 
 0 
 0 
 0 
 0 
 0 
 0 
 0 
 0 
 0 
 0 
 0 
 0 
 0 
 0 
 0 
 0 
 0 
 0 
 0 
 0 
 0 
 0 
 0 
 0 
 0 
 0 
 0 
 0 
 0 
 0 
 1 
 0 
 0 
 1 
 0 
 0 
 0 
 0 
 0 
 0 
 0 
 0 
 0 
 0 
 0 
 0 
 1 
 0 
 0 
 0 
 0 
 1 
 0 
 0 
 0 
 0 
 0 
 0 
 0 
 0 
 0 
 0 
 0 
 0 
 0 
 0 
 0 
 0 
 0 
 0 
 0 
 0 
 0 
 0 
 0 
 0 
 0 
 0 
 0 
 0 
 0 
 0 
 0 
 0 
 0 
 0 
 1 
 0 
 0 
 0 
 0 
 0 
 0 
 0 
 0 
 0 
 0 
 0 
 1 
 0 
 0 
 0 
 0 
 0 
 0 
 0 
 0 
 0 
 0 
 0 
 0 
 0 
 0 
 0 
 0 
 0 
 0 
 0 
 0 
 0 
 0 
 0 
 0 
 0 
 0 
 0 
 0 
 0 
 0 
 0 
 0 
 0 
 0 
 0 
 0 
 0 
 0 
 0 
 0 
 0 
 0 
 0 
 0 
 0 
 0 
 0 
 0 
 0 
 0 
 0 
 0 
 0 
 0 
 0 
 0 
 0 
 0 
 0 
 0 
 0 
 0 
 0 
 0 
 0 
 0 
 0 
 0 
 0 
 0 
 0 
 0 
 0 
 0 
 0 
 0 
 0 
 0 
 0 
 0 
 0 
 0 
 0 
 0 
 0 
 0 
 0 
 0 
 0 
 0 
 0 
 0 
 0 
 0 
 0 
 0 
 0 
 1 
 0 
 0 
 0 
 0 
 0 
 0 
 0 
 0 
 0 
 0 
 0 
 0 
 0 
 0 
 0 
 0 
 0 
 0 
 0 
 0 
 0 
 0 
 0 
 0 
 0 
 0 
 0 
 0 
 0 
 0 
 0 
 0 
 0 
 0 
 0 
 0 
 0 
 0 
 0 
 0 
 0 
 0 
 0 
 0 
 0 
 0 
 0 
 0 
 0 
 0 
 0 
 0 
 0 
 0 
 0 
 0 
 0 
 0 
 0 
 0 
 0 
 0 
 0 
 0 
 0 
 0 
 0 
 0 
 0 
 0 
 0 
 0 
 0 
 0 
 0 
 0 
 0 
 0 
 0 
 0 
 0 
 0 
 0 
 0 
 0 
 0 
 0 
 0 
 0 
 0 
 0 
 0 
 0 
 0 
 0 
 0 
 0 
 0 
 0 
 0 
 0 
 0 
 0 
 0 
 1 
 0 
 0 
 0 
 0 
 0 
 0 
 0 
 0 
 0 
 0 
 0 
 0 
 0 
 0 
 0 
 0 
 0 
 0 
 0 
 0 
 0 
 0 
 0 
 0 
 0 
 0 
 0 
 0 
 0 
 1 
 0 
 0 
 0 
 0 
 0 
 0 
 0 
 0 
 0 
 0 
 0 
 0 
 0 
 0 
 0 
 0 
 0 
 0 
 0 
 0 
 0 
 0 
 0 
 0 
 1 
 0 
 0 
 0 
 0 
 0 
 0 
 0 
 0 
 0 
 0 
 0 
 0 
 0 
 0 
 0 
 0 
 0 
 0 
 0 
 0 
 0 
 0 
 0 
 0 
 0 
 0 
 0 
 0 
 0 
 0 
 0 
 0 
 0 
 0 
 0 
 1 
 0 
 0 
 0 
 0 
 0 
 0 
 0 
 0 
 0 
 0 
 1 
 0 
 0 
 0 
 0 
 0 
 0 
 0 
 0 
 0 
 0 
 0 
 0 
 0 
 0 
 0 
 0 
 0 
 0 
 0 
 0 
 0 
 0 
 0 
 0 
 0 
 0 
 0 
 0 
 0 
 0 
 0 
 0 
 0 
 0 
 0 
 0 
 0 
 0 
 0 
 0 
 0 
 0 
 0 
 0 
 0 
 0 
 0 
 0 
 0 
 0 
 0 
 0 
 0 
 0 
 0 
 0 
 0 
 0 
 0 
 0 
 0 
 0 
 0 
 0 
 0 
 0 
 0 
 0 
 0 
 0 
 0 
 0 
 0 
 0 
 0 
 0 
 0 
 0 
 0 
 0 
 0 
 0 
 0 
 0 
 0 
 0 
 0 
 0 
 0 
 0 
 0 
 0 
 0 
 0 
 0 
 0 
 0 
 0 
 0 
 0 
 0 
 0 
 0 
 0 
 0 
 0 
 0 
 0 
 0 
 0 
 0 
 0 
 0 
 0 
 0 
 0 
 0 
 0 
 0 
 0 
 0 
 0 
 0 
 0 
 0 
 0 
 0 
 0 
 0 
 0 
 0 
 0 
 0 
 0 
 0 
 0 
 0 
 0 
 0 
 0 
 0 
 0 
 0 
 0 
 0 
 0 
 0 
 0 
 0 
 0 
 0 
 0 
 0 
 0 
 0 
 0 
 0 
 0 
 0 
 0 
 0 
 0 
 0 
 0 
 0 
 0 
 0 
 0 
 0 
 0 
 0 
 0 
 0 
 0 
 0 
 0 
 0 
 0 
 0 
 0 
 0 
 0 
 0 
 0 
 0 
 0 
 0 
 0 
 0 
 0 
 0 
 0 
 0 
 0 
 0 
 0 
 1 
 0 
 0 
 0 
 0 
 0 
 0 
 0 
 0 
 0 
 0 
 0 
 0 
 0 
 0 
 0 
 0 
 0 
 0 
 0 
 0 
 0 
 0 
 0 
 0 
 0 
 0 
 0 
 0 
 0 
 0 
 0 
 0 
 0 
 0 
 0 
 0 
 0 
 0 
 0 
 0 
 0 
 0 
 0 
 0 
 0 
 0 
 0 
 0 
 0 
 0 
 0 
 0 
 0 
 0 
 0 
 0 
 0 
 0 
 0 
 0 
 0 
 0 
 0 
 0 
 0 
 0 
 0 
 0 
 0 
 0 
 0 
 0 
 0 
 0 
 0 
 0 
 0 
 0 
 0 
 0 
 0 
 0 
 0 
 0 
 0 
 0 
 0 
 0 
 0 
 0 
 0 
 0 
 0 
 0 
 0 
 0 
 0 
 0 
 0 
 0 
 0 
 0 
 0 
 0 
 0 
 0 
 0 
 0 
 0 
 0 
 0 
 0 
 0 
 0 
 0 
 0 
 0 
 0 
 0 
 0 
 0 
 0 
 0 
 0 
 0 
 0 
 0 
 0 
 1 
 0 
 0 
 0 
 0 
 0 
 0 
 0 
 0 
 0 
 0 
 0 
 0 
 0 
 0 
 0 
 0 
 0 
 0 
 1 
 0 
 0 
 0 
 0 
 0 
 0 
 0 
 0 
 0 
 0 
 0 
 0 
 0 
 0 
 0 
 0 
 0 
 0 
 0 
 0 
 0 
 0 
 0 
 0 
 0 
 0 
 0 
 0 
 0 
 0 
 0 
 0 
 0 
 0 
 0 
 0 
 0 
 0 
 0 
 0 
 0 
 0 
 0 
 0 
 0 
 0 
 0 
 0 
 0 
 0 
 0 
 0 
 0 
 0 
 0 
 0 
 0 
 0 
 0 
 0 
 0 
 0 
 0 
 0 
 0 
 0 
 0 
 0 
 0 
 0 
 0 
 0 
 0 
 0 
 0 
 0 
 0 
 0 
 0 
 0 
 0 
 0 
 0 
 0 
 0 
 0 
 0 
 0 
 0 
 0 
 0 
 0 
 0 
 0 
 0 
 0 
 0 
 0 
 0 
 0 
 0 
 0 
 0 
 0 
 0 
 0 
 0 
 0 
 0 
 0 
 0 
 0 
 0 
 0 
 0 
 0 
 0 
 0 
 0 
 0 
 0 
 0 
 0 
 0 
 0 
 0 
 0 
 0 
 0 
 0 
