 1 
 0 
 0 
 0 
 1 
 0 
 0 
 1 
 0 
 2 
 1 
 0 
 0 
 0 
 1 
 0 
 0 
 1 
 1 
 1 
 3 
 3 
 2 
 3 
 10 
 10 
 28 
 42 
 39 
 53 
 60 
 95 
 120 
 149 
 181 
 200 
 248 
 275 
 273 
 279 
 359 
 418 
 400 
 410 
 438 
 454 
 483 
 482 
 453 
 485 
 528 
 523 
 518 
 526 
 540 
 545 
 526 
 534 
 552 
 476 
 535 
 549 
 519 
 511 
 545 
 521 
 493 
 531 
 563 
 534 
 534 
 491 
 526 
 489 
 525 
 499 
 507 
 531 
 568 
 538 
 578 
 558 
 574 
 597 
 599 
 682 
 711 
 746 
 746 
 834 
 893 
 908 
 986 
 1000 
 1044 
 1060 
 1077 
 1117 
 1123 
 1126 
 1145 
 1054 
 1074 
 1016 
 1016 
 992 
 951 
 872 
 864 
 837 
 764 
 843 
 774 
 692 
 654 
 693 
 666 
 640 
 632 
 592 
 568 
 576 
 497 
 518 
 489 
 492 
 491 
 455 
 476 
 492 
 444 
 464 
 477 
 505 
 509 
 486 
 494 
 468 
 485 
 453 
 500 
 482 
 455 
 492 
 452 
 434 
 456 
 440 
 514 
 475 
 508 
 465 
 432 
 472 
 455 
 476 
 474 
 441 
 491 
 493 
 474 
 489 
 467 
 508 
 468 
 458 
 436 
 482 
 477 
 458 
 462 
 454 
 445 
 492 
 494 
 479 
 465 
 479 
 444 
 518 
 463 
 435 
 448 
 504 
 481 
 465 
 465 
 476 
 504 
 514 
 516 
 470 
 491 
 515 
 453 
 476 
 468 
 465 
 494 
 522 
 473 
 522 
 510 
 514 
 494 
 515 
 548 
 521 
 493 
 555 
 529 
 540 
 518 
 530 
 579 
 551 
 549 
 562 
 544 
 559 
 552 
 511 
 538 
 513 
 546 
 562 
 549 
 513 
 536 
 569 
 507 
 537 
 542 
 531 
 544 
 537 
 546 
 525 
 538 
 544 
 521 
 531 
 506 
 507 
 500 
 537 
 521 
 548 
 508 
 509 
 496 
 523 
 563 
 532 
 533 
 529 
 506 
 538 
 518 
 522 
 503 
 574 
 536 
 544 
 504 
 563 
 516 
 528 
 517 
 523 
 506 
 537 
 535 
 547 
 558 
 528 
 573 
 552 
 500 
 528 
 553 
 505 
 497 
 538 
 542 
 495 
 520 
 523 
 571 
 515 
 478 
 547 
 551 
 524 
 511 
 503 
 504 
 530 
 537 
 530 
 510 
 546 
 510 
 556 
 529 
 554 
 544 
 531 
 553 
 553 
 533 
 507 
 525 
 566 
 529 
 520 
 478 
 539 
 576 
 560 
 535 
 562 
 540 
 526 
 496 
 550 
 575 
 527 
 503 
 494 
 556 
 520 
 527 
 543 
 515 
 578 
 554 
 529 
 509 
 510 
 524 
 507 
 569 
 545 
 513 
 510 
 495 
 540 
 525 
 562 
 603 
 539 
 525 
 558 
 529 
 517 
 553 
 526 
 554 
 549 
 538 
 527 
 528 
 526 
 514 
 565 
 534 
 505 
 555 
 503 
 519 
 477 
 534 
 485 
 522 
 525 
 482 
 535 
 553 
 494 
 484 
 453 
 495 
 460 
 489 
 485 
 469 
 441 
 449 
 447 
 405 
 468 
 428 
 432 
 404 
 418 
 388 
 415 
 400 
 390 
 401 
 400 
 357 
 345 
 386 
 358 
 389 
 372 
 373 
 368 
 353 
 369 
 320 
 371 
 339 
 352 
 352 
 327 
 342 
 346 
 361 
 327 
 305 
 346 
 327 
 348 
 324 
 342 
 345 
 324 
 322 
 326 
 328 
 331 
 323 
 356 
 300 
 318 
 306 
 328 
 335 
 308 
 292 
 297 
 265 
 300 
 313 
 306 
 296 
 336 
 337 
 302 
 279 
 291 
 321 
 300 
 315 
 309 
 350 
 305 
 305 
 279 
 285 
 306 
 311 
 328 
 339 
 287 
 283 
 330 
 305 
 311 
 263 
 296 
 303 
 300 
 295 
 267 
 273 
 266 
 328 
 288 
 272 
 299 
 292 
 264 
 296 
 300 
 279 
 299 
 294 
 314 
 301 
 289 
 278 
 281 
 272 
 262 
 285 
 309 
 285 
 313 
 315 
 272 
 258 
 273 
 269 
 279 
 307 
 300 
 323 
 303 
 266 
 270 
 284 
 276 
 266 
 292 
 269 
 264 
 273 
 266 
 297 
 280 
 291 
 281 
 239 
 279 
 303 
 281 
 277 
 278 
 296 
 316 
 265 
 305 
 281 
 313 
 266 
 298 
 329 
 351 
 278 
 317 
 325 
 328 
 340 
 375 
 359 
 382 
 411 
 459 
 459 
 464 
 474 
 504 
 582 
 578 
 609 
 668 
 694 
 742 
 763 
 836 
 884 
 921 
 976 
 1058 
 1102 
 1193 
 1278 
 1292 
 1382 
 1424 
 1497 
 1542 
 1581 
 1707 
 1717 
 1870 
 1927 
 1931 
 1978 
 2134 
 2192 
 2186 
 2153 
 2292 
 2308 
 2387 
 2358 
 2447 
 2413 
 2446 
 2583 
 2550 
 2654 
 2448 
 2487 
 2518 
 2537 
 2469 
 2349 
 2423 
 2339 
 2218 
 2257 
 2166 
 2172 
 2182 
 1930 
 1937 
 1864 
 1753 
 1624 
 1640 
 1585 
 1542 
 1327 
 1347 
 1253 
 1178 
 1116 
 1046 
 930 
 957 
 831 
 801 
 812 
 757 
 633 
 612 
 568 
 566 
 486 
 470 
 451 
 367 
 376 
 366 
 305 
 281 
 284 
 256 
 247 
 216 
 220 
 208 
 179 
 186 
 182 
 178 
 165 
 175 
 153 
 159 
 152 
 145 
 155 
 130 
 153 
 128 
 131 
 128 
 123 
 139 
 141 
 130 
 138 
 136 
 122 
 125 
 112 
 117 
 109 
 122 
 136 
 119 
 104 
 100 
 150 
 111 
 122 
 120 
 108 
 116 
 109 
 132 
 116 
 106 
 128 
 119 
 105 
 125 
 121 
 127 
 130 
 115 
 116 
 129 
 129 
 99 
 120 
 137 
 113 
 127 
 111 
 121 
 129 
 142 
 115 
 121 
 102 
 110 
 123 
 131 
 114 
 110 
 111 
 111 
 106 
 125 
 99 
 105 
 119 
 126 
 111 
 132 
 111 
 116 
 141 
 109 
 106 
 104 
 104 
 126 
 112 
 111 
 104 
 117 
 122 
 134 
 98 
 113 
 106 
 121 
 118 
 102 
 98 
 122 
 126 
 117 
 102 
 114 
 112 
 113 
 111 
 114 
 119 
 127 
 108 
 120 
 100 
 105 
 127 
 96 
 103 
 124 
 108 
 110 
 99 
 132 
 97 
 117 
 122 
 107 
 104 
 117 
 106 
 123 
 119 
 115 
 120 
 109 
 115 
 110 
 121 
 107 
 107 
 125 
 98 
 113 
 104 
 107 
 105 
 114 
 128 
 122 
 119 
 116 
 120 
 116 
 136 
 105 
 125 
 122 
 100 
 108 
 120 
 124 
 105 
 100 
 113 
 109 
 134 
 99 
 122 
 111 
 145 
 105 
 120 
 98 
 120 
 112 
 97 
 124 
 99 
 92 
 112 
 113 
 111 
 130 
 107 
 117 
 133 
 109 
 111 
 121 
 105 
 123 
 126 
 116 
 107 
 105 
 106 
 121 
 110 
 104 
 134 
 118 
 117 
 120 
 110 
 116 
 108 
 118 
 107 
 89 
 120 
 106 
 113 
 120 
 104 
 113 
 100 
 116 
 120 
 113 
 117 
 115 
 130 
 110 
 120 
 132 
 121 
 119 
 119 
 110 
 111 
 134 
 106 
 113 
 98 
 93 
 123 
 113 
 104 
 118 
 108 
 98 
 106 
 128 
 98 
 126 
 118 
 104 
 111 
 127 
 114 
 107 
 115 
 95 
 131 
 102 
 134 
 113 
 125 
 107 
 114 
 111 
 117 
 112 
 115 
 113 
 101 
 101 
 92 
 125 
 116 
 99 
 136 
 110 
 114 
 99 
 119 
 122 
 110 
 107 
 99 
 108 
 112 
 121 
 106 
 108 
 138 
 117 
 117 
 99 
 110 
 103 
 120 
 116 
 115 
 98 
 122 
 124 
 139 
 108 
 115 
 89 
 124 
 116 
 116 
 115 
 111 
 110 
 95 
 97 
 117 
 114 
 111 
 107 
 109 
 117 
 105 
 106 
 111 
 122 
 107 
 108 
 123 
 119 
 104 
 108 
 123 
 112 
 112 
 118 
 98 
 120 
 111 
 116 
 125 
 126 
 133 
 111 
 132 
 113 
 128 
 112 
 112 
 116 
 114 
 120 
 105 
 117 
 112 
 122 
 102 
 124 
 103 
 108 
 119 
 107 
 113 
 130 
 121 
 104 
 143 
 137 
 128 
 122 
 117 
 129 
 119 
 146 
 130 
 107 
 121 
 120 
 107 
 112 
 121 
 136 
 118 
 113 
 107 
 120 
 140 
 105 
 124 
 136 
 116 
 122 
 129 
 105 
 105 
 113 
 129 
 100 
 114 
 121 
 141 
 119 
 124 
 116 
 129 
 126 
 129 
 111 
 105 
 119 
 116 
 120 
 123 
 107 
 132 
 105 
 125 
 125 
 106 
 109 
 118 
 138 
 123 
 132 
 135 
 110 
 130 
 139 
 130 
 97 
 116 
 146 
 121 
 116 
 119 
 126 
 126 
 135 
 128 
 111 
 116 
 137 
 142 
 142 
 137 
 117 
 134 
 140 
 134 
 129 
 124 
 122 
 125 
 121 
 125 
 135 
 146 
 100 
 134 
 135 
 142 
 152 
 133 
 153 
 165 
 143 
 131 
 125 
 139 
 126 
 139 
 131 
 147 
 130 
 138 
 147 
 124 
 143 
 146 
 136 
 137 
 137 
 118 
 140 
 129 
 109 
 148 
 136 
 161 
 139 
 132 
 158 
 156 
 130 
 156 
 139 
 141 
 149 
 155 
 142 
 129 
 142 
 129 
 120 
 129 
 157 
 148 
 163 
 152 
 139 
 118 
 134 
 122 
 143 
 144 
 116 
 128 
 116 
 118 
 123 
 130 
 113 
 118 
 126 
 128 
 110 
 131 
 118 
 101 
 108 
 115 
 105 
 109 
 111 
 115 
 95 
 105 
 107 
 105 
 106 
 90 
 92 
 88 
 73 
 109 
 78 
 91 
 79 
 87 
 96 
 85 
 87 
 78 
 77 
 98 
 84 
 83 
 91 
 81 
 79 
 72 
 78 
 71 
 69 
 65 
 65 
 50 
 84 
 65 
 59 
 64 
 56 
 50 
 63 
 66 
 63 
 52 
 55 
 41 
 55 
 49 
 36 
 57 
 66 
 70 
 67 
 52 
 46 
 56 
 42 
 55 
 62 
 47 
 62 
 28 
 63 
 51 
 49 
 50 
 37 
 40 
 47 
 47 
 34 
 45 
 42 
 48 
 43 
 45 
 23 
 36 
 38 
 44 
 45 
 50 
 49 
 50 
 39 
 38 
 43 
 36 
 36 
 38 
 39 
 35 
 32 
 41 
 40 
 36 
 43 
 28 
 46 
 29 
 30 
 35 
 27 
 32 
 30 
 26 
 36 
 23 
 30 
 34 
 32 
 35 
 34 
 40 
 36 
 30 
 41 
 26 
 40 
 33 
 38 
 35 
 21 
 29 
 28 
 22 
 18 
 26 
 31 
 30 
 21 
 22 
 27 
 23 
 27 
 28 
 26 
 20 
 29 
 28 
 29 
 26 
 34 
 19 
 29 
 22 
 30 
 19 
 17 
 20 
 23 
 30 
 21 
 24 
 30 
 24 
 30 
 24 
 18 
 17 
 26 
 29 
 23 
 13 
 21 
 19 
 25 
 33 
 22 
 20 
 23 
 22 
 27 
 26 
 21 
 29 
 18 
 30 
 21 
 26 
 25 
 30 
 29 
 31 
 35 
 30 
 25 
 34 
 32 
 27 
 27 
 42 
 37 
 35 
 39 
 33 
 35 
 37 
 51 
 37 
 61 
 49 
 51 
 53 
 49 
 71 
 73 
 70 
 78 
 72 
 82 
 99 
 93 
 111 
 99 
 133 
 119 
 114 
 124 
 126 
 124 
 151 
 121 
 152 
 171 
 181 
 167 
 205 
 200 
 202 
 197 
 210 
 235 
 202 
 226 
 253 
 228 
 270 
 297 
 276 
 264 
 295 
 313 
 295 
 337 
 313 
 333 
 336 
 304 
 380 
 389 
 354 
 362 
 404 
 416 
 368 
 364 
 370 
 415 
 408 
 405 
 393 
 425 
 432 
 441 
 475 
 431 
 407 
 461 
 415 
 406 
 417 
 462 
 407 
 436 
 420 
 393 
 427 
 453 
 398 
 443 
 404 
 428 
 409 
 392 
 412 
 404 
 405 
 407 
 378 
 377 
 364 
 332 
 336 
 360 
 311 
 314 
 343 
 304 
 307 
 344 
 266 
 292 
 287 
 277 
 256 
 294 
 242 
 226 
 234 
 211 
 205 
 218 
 228 
 217 
 212 
 222 
 176 
 161 
 148 
 153 
 144 
 150 
 138 
 133 
 133 
 121 
 131 
 108 
 96 
 107 
 92 
 93 
 84 
 116 
 88 
 93 
 76 
 63 
 72 
 57 
 54 
 56 
 51 
 46 
 63 
 72 
 49 
 63 
 38 
 50 
 37 
 37 
 33 
 39 
 29 
 38 
 25 
 28 
 28 
 20 
 32 
 28 
 20 
 29 
 29 
 13 
 29 
 25 
 24 
 20 
 25 
 17 
 13 
 19 
 22 
 16 
 17 
 18 
 13 
 17 
 14 
 13 
 16 
 12 
 16 
 11 
 12 
 14 
 17 
 12 
 9 
 15 
 6 
 8 
 12 
 16 
 11 
 9 
 14 
 15 
 8 
 12 
 3 
 13 
 13 
 11 
 13 
 11 
 6 
 13 
 14 
 7 
 12 
 11 
 7 
 16 
 8 
 8 
 16 
 10 
 7 
 16 
 8 
 9 
 9 
 9 
 13 
 8 
 14 
 8 
 7 
 14 
 10 
 7 
 5 
 13 
 8 
 8 
 11 
 5 
 10 
 14 
 16 
 10 
 9 
 9 
 3 
 9 
 13 
 6 
 8 
 8 
 8 
 8 
 9 
 8 
 6 
 13 
 7 
 12 
 8 
 9 
 9 
 8 
 5 
 4 
 12 
 10 
 11 
 7 
 9 
 9 
 11 
 8 
 10 
 11 
 10 
 9 
 12 
 17 
 12 
 8 
 10 
 9 
 12 
 8 
 9 
 12 
 6 
 10 
 6 
 11 
 6 
 9 
 4 
 11 
 11 
 9 
 11 
 7 
 5 
 9 
 3 
 9 
 11 
 10 
 13 
 8 
 10 
 16 
 18 
 16 
 14 
 17 
 10 
 10 
 6 
 14 
 13 
 9 
 6 
 11 
 7 
 12 
 14 
 14 
 9 
 8 
 7 
 10 
 15 
 11 
 7 
 10 
 7 
 13 
 6 
 5 
 11 
 11 
 11 
 8 
 2 
 10 
 9 
 12 
 4 
 10 
 10 
 13 
 5 
 7 
 7 
 8 
 10 
 6 
 13 
 9 
 9 
 4 
 4 
 12 
 13 
 13 
 7 
 11 
 9 
 9 
 11 
 8 
 6 
 14 
 9 
 9 
 10 
 9 
 15 
 12 
 6 
 10 
 9 
 7 
 7 
 5 
 10 
 7 
 5 
 4 
 8 
 10 
 7 
 8 
 3 
 11 
 6 
 10 
 6 
 7 
 7 
 7 
 11 
 7 
 5 
 8 
 2 
 7 
 10 
 8 
 6 
 6 
 9 
 9 
 8 
 7 
 6 
 10 
 9 
 6 
 6 
 6 
 6 
 6 
 7 
 8 
 10 
 8 
 5 
 7 
 6 
 5 
 8 
 4 
 3 
 6 
 3 
 7 
 9 
 2 
 6 
 4 
 5 
 3 
 4 
 7 
 7 
 4 
 10 
 6 
 2 
 10 
 5 
 8 
 3 
 7 
 4 
 2 
 4 
 9 
 5 
 1 
 2 
 10 
 6 
 2 
 3 
 5 
 5 
 3 
 8 
 4 
 7 
 4 
 4 
 5 
 1 
 1 
 6 
 1 
 2 
 3 
 4 
 4 
 2 
 4 
 0 
 4 
 4 
 2 
 2 
 5 
 3 
 5 
 2 
 5 
 5 
 4 
 6 
 1 
 2 
 4 
 0 
 4 
 1 
 2 
 4 
 1 
 2 
 4 
 6 
 4 
 4 
 3 
 4 
 4 
 5 
 2 
 8 
 1 
 3 
 2 
 2 
 0 
 3 
 5 
 3 
 1 
 5 
 2 
 2 
 6 
 6 
 3 
 3 
 2 
 1 
 3 
 1 
 1 
 2 
 3 
 2 
 3 
 2 
 4 
 2 
 5 
 1 
 3 
 3 
 3 
 4 
 2 
 0 
 2 
 4 
 4 
 2 
 3 
 0 
 2 
 2 
 3 
 2 
 3 
 1 
 4 
 5 
 3 
 2 
 2 
 2 
 4 
 3 
 1 
 7 
 4 
 2 
 5 
 3 
 4 
 2 
 2 
 2 
 2 
 5 
 3 
 8 
 2 
 2 
 4 
 8 
 2 
 1 
 4 
 2 
 3 
 6 
 4 
 0 
 1 
 5 
 7 
 6 
 4 
 8 
 3 
 3 
 7 
 6 
 3 
 4 
 7 
 4 
 4 
 5 
 9 
 7 
 6 
 8 
 10 
 5 
 7 
 9 
 10 
 15 
 8 
 10 
 6 
 7 
 9 
 9 
 5 
 9 
 9 
 10 
 11 
 12 
 14 
 11 
 8 
 9 
 6 
 8 
 11 
 9 
 8 
 10 
 13 
 10 
 17 
 10 
 14 
 16 
 11 
 11 
 14 
 11 
 13 
 19 
 10 
 14 
 11 
 13 
 16 
 13 
 16 
 13 
 13 
 16 
 10 
 11 
 14 
 13 
 8 
 18 
 16 
 15 
 18 
 13 
 22 
 8 
 20 
 13 
 19 
 9 
 13 
 9 
 13 
 10 
 14 
 5 
 11 
 8 
 7 
 17 
 7 
 15 
 7 
 10 
 12 
 7 
 7 
 12 
 9 
 4 
 5 
 7 
 7 
 4 
 6 
 7 
 9 
 3 
 3 
 3 
 9 
 6 
 5 
 5 
 4 
 7 
 2 
 5 
 9 
 1 
 6 
 5 
 3 
 4 
 2 
 3 
 4 
 1 
 5 
 3 
 1 
 2 
 1 
 2 
 3 
 7 
 1 
 1 
 2 
 3 
 3 
 6 
 2 
 2 
 2 
 2 
 2 
 2 
 2 
 1 
 0 
 1 
 0 
 0 
 1 
 2 
 3 
 2 
 4 
 0 
 0 
 1 
 0 
 2 
 0 
 0 
 0 
 1 
 0 
 1 
 0 
 1 
 2 
 0 
 2 
 1 
 0 
 1 
 0 
 0 
 0 
 1 
 1 
 0 
 1 
 0 
 0 
 0 
 0 
 1 
 0 
 0 
 1 
 0 
 0 
 1 
 0 
 0 
 0 
 0 
 0 
 1 
 0 
 1 
 0 
 0 
 0 
 0 
 0 
 1 
 0 
 0 
 0 
 0 
 0 
 0 
 0 
 0 
 0 
 0 
 0 
 0 
 1 
 0 
 0 
 0 
 0 
 0 
 1 
 0 
 0 
 0 
 0 
 0 
 0 
 1 
 0 
 0 
 0 
 0 
 0 
 0 
 0 
 0 
 0 
 0 
 0 
 0 
 0 
 0 
 0 
 1 
 0 
 0 
 0 
 0 
 0 
 0 
 1 
 0 
 0 
 0 
 0 
 0 
 0 
 0 
 0 
 0 
 2 
 0 
 0 
 1 
 0 
 0 
 0 
 0 
 0 
 0 
 0 
 0 
 0 
 1 
 1 
 0 
 0 
 0 
 0 
 0 
 1 
 0 
 0 
 0 
 1 
 1 
 1 
 1 
 0 
 0 
 0 
 0 
 1 
 0 
 0 
 0 
 0 
 0 
 0 
 0 
 0 
 0 
 0 
 0 
 1 
 1 
 0 
 0 
 0 
 0 
 1 
 0 
 0 
 0 
 0 
 0 
 1 
 0 
 0 
 0 
 0 
 0 
 0 
 1 
 0 
 1 
 1 
 0 
 0 
 0 
 0 
 0 
 0 
 0 
 0 
 0 
 0 
 0 
 0 
 0 
 0 
 0 
 0 
 0 
 0 
 0 
 0 
 0 
 1 
 0 
 0 
 0 
 0 
 0 
 0 
 0 
 1 
 1 
 1 
 1 
 0 
 0 
 0 
 1 
 0 
 0 
 0 
 0 
 0 
 1 
 0 
 0 
 0 
 0 
 0 
 1 
 0 
 0 
 0 
 0 
 0 
 0 
 0 
 0 
 0 
 0 
 0 
 0 
 0 
 0 
 0 
 0 
 0 
 0 
 0 
 0 
 1 
 0 
 1 
 0 
 0 
 0 
 1 
 0 
 1 
 1 
 0 
 0 
 0 
 1 
 0 
 0 
 1 
 0 
 0 
 0 
 0 
 0 
 0 
 1 
 0 
 0 
 0 
 0 
 0 
 0 
 0 
 0 
 0 
 0 
 0 
 0 
 0 
 1 
 0 
 0 
 0 
 0 
 0 
 1 
 0 
 0 
 0 
 0 
 0 
 1 
 0 
 0 
 0 
 0 
 0 
 0 
 0 
 0 
 1 
 1 
 0 
 0 
 0 
 0 
 1 
 0 
 0 
 0 
 0 
 0 
 0 
 0 
 0 
 0 
 0 
 0 
 1 
 1 
 0 
 0 
 0 
 0 
 0 
 0 
 0 
 0 
 0 
 0 
 0 
 0 
 0 
 0 
 0 
 0 
 0 
 0 
 0 
 0 
 0 
 1 
 0 
 0 
 0 
 0 
 0 
 0 
 0 
 0 
 0 
 0 
 0 
 0 
 0 
 0 
 0 
 0 
 0 
 1 
 1 
 0 
 0 
 0 
 0 
 0 
 0 
 0 
 0 
 0 
 0 
 0 
 0 
 0 
 0 
 1 
 0 
 0 
 0 
 0 
 0 
 0 
 0 
 0 
 0 
 0 
 0 
 0 
 0 
 0 
 1 
 1 
 0 
 0 
 1 
 0 
 0 
 0 
 0 
 0 
 1 
 0 
 0 
 0 
 0 
 0 
 0 
 0 
 1 
 0 
 0 
 0 
 0 
 0 
 0 
 0 
 0 
 1 
 0 
 0 
 0 
 0 
 0 
 0 
 0 
 0 
 1 
 0 
 0 
 0 
 0 
 0 
 0 
 1 
 0 
 0 
 0 
 0 
 0 
 0 
 0 
 0 
 0 
 0 
 0 
 0 
 0 
 0 
 0 
 0 
 0 
 0 
 0 
 0 
 0 
 0 
 0 
 0 
 0 
 0 
 0 
 0 
 0 
 0 
 0 
 0 
 0 
 0 
 0 
 0 
 2 
 0 
 0 
 0 
 0 
 0 
 0 
 0 
 0 
 1 
 0 
 0 
 0 
 0 
 0 
 0 
 0 
 0 
 0 
 0 
 0 
 0 
 0 
 0 
 0 
 0 
 0 
 0 
 0 
 0 
 0 
 0 
 0 
 0 
 0 
 0 
 0 
 0 
 0 
 0 
 0 
 1 
 0 
 0 
 0 
 0 
 0 
 0 
 1 
 0 
 0 
 0 
 1 
 0 
 0 
 0 
 0 
 0 
 0 
 0 
 0 
 0 
 0 
 0 
 0 
 0 
 0 
 0 
 0 
 0 
 0 
 0 
 0 
 0 
 0 
 0 
 0 
 0 
 0 
 0 
 0 
 0 
 0 
 0 
 0 
 1 
 0 
 0 
 0 
 0 
 0 
 0 
 0 
 0 
 0 
 0 
 0 
 0 
 0 
 0 
 0 
 0 
 0 
 0 
 0 
 0 
 0 
 0 
 0 
 0 
 0 
 0 
 0 
 1 
 0 
 0 
 1 
 0 
 0 
 0 
 0 
 0 
 0 
 1 
 0 
 1 
 0 
 0 
 0 
 0 
 0 
 0 
 0 
 0 
 0 
 0 
 1 
 0 
 0 
 0 
 0 
 0 
 0 
 1 
 0 
 0 
 1 
 0 
 0 
 0 
 0 
 0 
 0 
 0 
 0 
 0 
 0 
 0 
 0 
 0 
 0 
 0 
 0 
 0 
 0 
 0 
 0 
 0 
 0 
 0 
 0 
 0 
 0 
 0 
 0 
 0 
 0 
 0 
 0 
 0 
 0 
 0 
 0 
 0 
 0 
 0 
 0 
 1 
 1 
 0 
 0 
 0 
 0 
 0 
 0 
 0 
 0 
 0 
 0 
 0 
 1 
 0 
 0 
 0 
 0 
 0 
 0 
 0 
 0 
 0 
 0 
 0 
 0 
 0 
 0 
 0 
 0 
 0 
 0 
 0 
 0 
 0 
 0 
 0 
 0 
 0 
 0 
 0 
 0 
 0 
 0 
 0 
 0 
 0 
 0 
 0 
 0 
 0 
 0 
 0 
 0 
 0 
 0 
 0 
 0 
 0 
 0 
 0 
 0 
 0 
 0 
 0 
 1 
 0 
 0 
 0 
 0 
 0 
 0 
 0 
 1 
 0 
 0 
 0 
 0 
 0 
 0 
 0 
 0 
 0 
 0 
 0 
 2 
 0 
 0 
 1 
 1 
 0 
 0 
 0 
 0 
 0 
 0 
 0 
 0 
 0 
 0 
 0 
 0 
 0 
 0 
 1 
 0 
 0 
 0 
 0 
 0 
 0 
 1 
 0 
 0 
 0 
 0 
 0 
 0 
 0 
 0 
 0 
 0 
 0 
 0 
 0 
 0 
 0 
 1 
 0 
 0 
 0 
 0 
 0 
 0 
 1 
 0 
 0 
 0 
 0 
 0 
 0 
 1 
 0 
 0 
 0 
 0 
 0 
 0 
 0 
 0 
 0 
 0 
 0 
 0 
 0 
 0 
 0 
 0 
 0 
 0 
 0 
 0 
 0 
 0 
 0 
 0 
 0 
 0 
 0 
 0 
 1 
 0 
 0 
 0 
 0 
 2 
 0 
 0 
 0 
 0 
 0 
 0 
 0 
 0 
 0 
 0 
 0 
 0 
 0 
 1 
 0 
 0 
 0 
 0 
 0 
 0 
 0 
 0 
 0 
 0 
 0 
 0 
 0 
 0 
 0 
 0 
 0 
 0 
 0 
 0 
 0 
 0 
 0 
 0 
 0 
 0 
 0 
 0 
 0 
 0 
 0 
 0 
 0 
 0 
 0 
 0 
 0 
 0 
 0 
 0 
 0 
 0 
 0 
 0 
 0 
 0 
 0 
 0 
 0 
 1 
 0 
 0 
 0 
 0 
 0 
 0 
 0 
 0 
 0 
 0 
 0 
 0 
 0 
 0 
 0 
 0 
 0 
 0 
 0 
 0 
 0 
 0 
 0 
 0 
 0 
 0 
 0 
 0 
 1 
 0 
 0 
 0 
 0 
 0 
 0 
 0 
 0 
 0 
 0 
 0 
 0 
 0 
 0 
 0 
 0 
 0 
 0 
 0 
 0 
 0 
 0 
 0 
 0 
 0 
 0 
 0 
 0 
 0 
 0 
 0 
 0 
 0 
 0 
 0 
 0 
 0 
 0 
 0 
 0 
 0 
 0 
 0 
 0 
 0 
 0 
 0 
 0 
 0 
 0 
 0 
 0 
 0 
 0 
 0 
 0 
 0 
 0 
 0 
 0 
 0 
 0 
 0 
 0 
 0 
 0 
 0 
 0 
 0 
 0 
 0 
 0 
 0 
 0 
 0 
 0 
 0 
 0 
 0 
 0 
 0 
 0 
 0 
 0 
 0 
 0 
 0 
 0 
 0 
 0 
 0 
 0 
 0 
 0 
 0 
 0 
 0 
 0 
 0 
 0 
 0 
 0 
 0 
 0 
 0 
 0 
 0 
 0 
 0 
 0 
 0 
 0 
 0 
 0 
 0 
 0 
 0 
 0 
 0 
 0 
 0 
 0 
 0 
 0 
 0 
 0 
 1 
 0 
 0 
 0 
 0 
 0 
 0 
 0 
 0 
 0 
 0 
 1 
 0 
 0 
 0 
 0 
 0 
 0 
 0 
 0 
 0 
 0 
 0 
 0 
 0 
 0 
 0 
 0 
 0 
 0 
 0 
 0 
 0 
 0 
 0 
 0 
 0 
 0 
 0 
 1 
 0 
 0 
 0 
 0 
 0 
 0 
 0 
 0 
 0 
 0 
 0 
 0 
 0 
 0 
 0 
 0 
 0 
 0 
 0 
 0 
 0 
 0 
 0 
 0 
 0 
 0 
 0 
 0 
 0 
 0 
 0 
 0 
 0 
 0 
 0 
 0 
 0 
 0 
 0 
 0 
 0 
 0 
 0 
 0 
 0 
 0 
 0 
 0 
 0 
 0 
 0 
 0 
 0 
 0 
 0 
 0 
 0 
 0 
 0 
 0 
 0 
 0 
 0 
 0 
 0 
 0 
 0 
 0 
 0 
 0 
 0 
 0 
 0 
 0 
 0 
 0 
 0 
 0 
 0 
 0 
 0 
 0 
 0 
 0 
 0 
 0 
 0 
 0 
 0 
 0 
 0 
 0 
 0 
 0 
 0 
 0 
 0 
 0 
 0 
 0 
 0 
 0 
 0 
 0 
 0 
 0 
 0 
 0 
 0 
 0 
 0 
 0 
 0 
 0 
 0 
 0 
 0 
 0 
 0 
 0 
 0 
 0 
 0 
 0 
 0 
 0 
 0 
 0 
 0 
 0 
 0 
 0 
 0 
 0 
 0 
 0 
 0 
 0 
 0 
 0 
 0 
 0 
 0 
 0 
 0 
 0 
 0 
 0 
 0 
 0 
 0 
 0 
 0 
 0 
 0 
 0 
 0 
 0 
 0 
 0 
 0 
 0 
 0 
 0 
 0 
 0 
 0 
 0 
 0 
 0 
 0 
 0 
 0 
 0 
 0 
 0 
 0 
 0 
 0 
 0 
 0 
 0 
 0 
 0 
 0 
 0 
 0 
 0 
 0 
 0 
 0 
 0 
 0 
 0 
 0 
 0 
 0 
 0 
 0 
 0 
 0 
 0 
 0 
 0 
 0 
 0 
 0 
 0 
 0 
 0 
 0 
 0 
 0 
 0 
 1 
 0 
 0 
 0 
 0 
 0 
 0 
 0 
 0 
 0 
 0 
 0 
 0 
 0 
 0 
 0 
 0 
 0 
 0 
 0 
 0 
 0 
 0 
 0 
 0 
 0 
 0 
 0 
 0 
 0 
 0 
 0 
 0 
 0 
 0 
 0 
 0 
 0 
 0 
 0 
 0 
 0 
 0 
 0 
 0 
 0 
 1 
 0 
 0 
 0 
 0 
 0 
 0 
 0 
 0 
 0 
 0 
 0 
 0 
 0 
 0 
 0 
 0 
 0 
 0 
 0 
 0 
 0 
 0 
 0 
 0 
 0 
 0 
 0 
 0 
 0 
 0 
 0 
 0 
 0 
 0 
 0 
 0 
 0 
 0 
 0 
 0 
 0 
 0 
 0 
 0 
 0 
 0 
 0 
 0 
 0 
 0 
 0 
 0 
 0 
 0 
 0 
 0 
 0 
 0 
 0 
 0 
 0 
 0 
 0 
 0 
 0 
 0 
 0 
 0 
 0 
 0 
 0 
 0 
 0 
 0 
 0 
 0 
 0 
 0 
 0 
 0 
 0 
 0 
 0 
 0 
 0 
 0 
 0 
 0 
 0 
 0 
 0 
 0 
 0 
 0 
 0 
 0 
 0 
 0 
 0 
 0 
 0 
 0 
 0 
 0 
 0 
 0 
 0 
 0 
 0 
 0 
 0 
 0 
 0 
 0 
 0 
 0 
 0 
 0 
 0 
 0 
 0 
 0 
 0 
 0 
 0 
 0 
 0 
 0 
 0 
 0 
 0 
 0 
 0 
 0 
 0 
 0 
 0 
 0 
 0 
 0 
 0 
 0 
 0 
 0 
 0 
 0 
 0 
 0 
 0 
 0 
 0 
 0 
 0 
 0 
 0 
 0 
 0 
 0 
 0 
 0 
 0 
 0 
 0 
 0 
 0 
 0 
 0 
 0 
 0 
 0 
 0 
 0 
 0 
 0 
 0 
 0 
 0 
 0 
 0 
 0 
 0 
 0 
 0 
 0 
 0 
 0 
 0 
 0 
 0 
 0 
 0 
 0 
 0 
 0 
 0 
 0 
 0 
 0 
 1 
 0 
 0 
 0 
 0 
 0 
 0 
 0 
 0 
 0 
 0 
 0 
 0 
 0 
 0 
 0 
 0 
 0 
 0 
 0 
 0 
 0 
 0 
 0 
 0 
 0 
 0 
 0 
 0 
 0 
 0 
 0 
 0 
 0 
 0 
 0 
 0 
 0 
 0 
 0 
 0 
 0 
 0 
 0 
 0 
 0 
 0 
 0 
 0 
 0 
 0 
 0 
 0 
 0 
 0 
 0 
 0 
 0 
 0 
 0 
 0 
 0 
 0 
 0 
 0 
 0 
 0 
 0 
 0 
 0 
 0 
 0 
 0 
 0 
 0 
 0 
 0 
 0 
 0 
 0 
 0 
 0 
 0 
 0 
 0 
 0 
 0 
 0 
 0 
 0 
 0 
 0 
 0 
 0 
 0 
 0 
 0 
 0 
 0 
 0 
 0 
 0 
 0 
 0 
 0 
 0 
 0 
 0 
 0 
 0 
 0 
 0 
 0 
 0 
 0 
 0 
 0 
 0 
 0 
 0 
 0 
 0 
 0 
 0 
 0 
 0 
 0 
 0 
 0 
 0 
 0 
 0 
 0 
 0 
 0 
 0 
 0 
 0 
 0 
 0 
 0 
 0 
 0 
 0 
 0 
 0 
 0 
 0 
 0 
 0 
 0 
 0 
 0 
 0 
 0 
 0 
 0 
 0 
 0 
 0 
 0 
 0 
 0 
 0 
 0 
 0 
 0 
 0 
 0 
 0 
 0 
 0 
 0 
 0 
 0 
 0 
 0 
 0 
 0 
 0 
 0 
 1 
 0 
 0 
 0 
 0 
 0 
 0 
 0 
 0 
 0 
 0 
 0 
 0 
 0 
 0 
 0 
 0 
 0 
 0 
 0 
 0 
 0 
 0 
 0 
 0 
 0 
 0 
 0 
 0 
 0 
 0 
 0 
 0 
 0 
 0 
 0 
 0 
 0 
 0 
 0 
 0 
 0 
 0 
 0 
 0 
 0 
 0 
 0 
 0 
 0 
 0 
 0 
 0 
 0 
 0 
 0 
 0 
 0 
 0 
 0 
 0 
 0 
 0 
 0 
 0 
 0 
 0 
 0 
 0 
 0 
 0 
 0 
 0 
 0 
 0 
 0 
 0 
 0 
 0 
 0 
 0 
 0 
 0 
 0 
 0 
 0 
 0 
 0 
 0 
 0 
 0 
 0 
 0 
 0 
 0 
 0 
 0 
 0 
 0 
 0 
 0 
 0 
 0 
 0 
 0 
 0 
 0 
 0 
 0 
 0 
 0 
 0 
 0 
 0 
 0 
 0 
 0 
 0 
 0 
 0 
 0 
 0 
 1 
 0 
 0 
 0 
 0 
 0 
 0 
 0 
 0 
 0 
 0 
 0 
 0 
 0 
 0 
 0 
 0 
 0 
 0 
 0 
 0 
 0 
 0 
 0 
 0 
 0 
 0 
 0 
 0 
 0 
 0 
 0 
 0 
 0 
 0 
 0 
 0 
 0 
 0 
 0 
 0 
 0 
 0 
 0 
 0 
 0 
 0 
 0 
 0 
 0 
 0 
 0 
 0 
 0 
 0 
 0 
 0 
 0 
 0 
 0 
 0 
 0 
 0 
 0 
 0 
 0 
 0 
 0 
 0 
 0 
 0 
 0 
 0 
 0 
 0 
 0 
 0 
 0 
 0 
 0 
 0 
 0 
 0 
 0 
 0 
 0 
 0 
 0 
 0 
 0 
 0 
 0 
 0 
 0 
 0 
 0 
 0 
 0 
 0 
