 0 
 0 
 0 
 0 
 0 
 0 
 0 
 0 
 0 
 1 
 0 
 0 
 1 
 1 
 0 
 0 
 0 
 1 
 0 
 2 
 1 
 2 
 3 
 4 
 6 
 15 
 11 
 27 
 36 
 45 
 69 
 87 
 89 
 137 
 169 
 173 
 201 
 213 
 260 
 329 
 324 
 337 
 383 
 372 
 365 
 375 
 432 
 413 
 425 
 439 
 469 
 442 
 427 
 482 
 473 
 506 
 471 
 442 
 452 
 461 
 488 
 435 
 512 
 455 
 465 
 437 
 462 
 467 
 416 
 453 
 477 
 474 
 489 
 478 
 464 
 491 
 471 
 490 
 451 
 484 
 453 
 493 
 488 
 492 
 505 
 575 
 593 
 628 
 659 
 735 
 746 
 767 
 792 
 910 
 894 
 883 
 948 
 1009 
 973 
 936 
 929 
 925 
 886 
 868 
 835 
 829 
 790 
 791 
 730 
 668 
 707 
 668 
 675 
 636 
 605 
 596 
 591 
 550 
 575 
 504 
 474 
 444 
 446 
 462 
 426 
 437 
 413 
 436 
 420 
 437 
 485 
 432 
 419 
 383 
 421 
 378 
 393 
 380 
 407 
 412 
 392 
 417 
 423 
 398 
 417 
 421 
 452 
 409 
 411 
 452 
 411 
 441 
 390 
 394 
 423 
 413 
 432 
 423 
 415 
 419 
 391 
 392 
 420 
 424 
 412 
 419 
 414 
 448 
 387 
 456 
 398 
 411 
 408 
 436 
 409 
 423 
 457 
 413 
 386 
 433 
 469 
 443 
 437 
 410 
 450 
 404 
 398 
 398 
 450 
 430 
 422 
 470 
 399 
 452 
 446 
 466 
 434 
 464 
 434 
 457 
 481 
 482 
 407 
 471 
 441 
 517 
 453 
 480 
 480 
 466 
 486 
 482 
 502 
 470 
 518 
 493 
 526 
 500 
 477 
 482 
 460 
 485 
 523 
 451 
 497 
 472 
 489 
 473 
 453 
 464 
 490 
 474 
 480 
 475 
 487 
 478 
 475 
 481 
 439 
 491 
 469 
 487 
 424 
 490 
 455 
 464 
 423 
 488 
 447 
 443 
 477 
 450 
 480 
 456 
 481 
 477 
 473 
 470 
 463 
 487 
 443 
 464 
 413 
 484 
 464 
 489 
 457 
 444 
 482 
 436 
 461 
 472 
 437 
 468 
 465 
 512 
 457 
 454 
 443 
 474 
 483 
 432 
 424 
 419 
 461 
 462 
 479 
 447 
 494 
 439 
 451 
 423 
 491 
 452 
 445 
 459 
 465 
 421 
 485 
 464 
 458 
 462 
 464 
 477 
 445 
 455 
 419 
 455 
 470 
 487 
 476 
 451 
 449 
 428 
 446 
 435 
 430 
 430 
 443 
 426 
 443 
 469 
 466 
 478 
 412 
 463 
 479 
 418 
 473 
 411 
 443 
 439 
 420 
 475 
 418 
 461 
 470 
 464 
 455 
 456 
 485 
 468 
 483 
 464 
 458 
 476 
 465 
 467 
 425 
 500 
 485 
 453 
 463 
 468 
 516 
 451 
 449 
 483 
 460 
 438 
 496 
 477 
 465 
 452 
 471 
 453 
 479 
 471 
 446 
 469 
 466 
 428 
 462 
 427 
 456 
 448 
 420 
 439 
 418 
 434 
 469 
 412 
 410 
 401 
 404 
 428 
 392 
 418 
 411 
 381 
 367 
 370 
 356 
 350 
 372 
 355 
 366 
 338 
 308 
 332 
 349 
 350 
 320 
 348 
 312 
 330 
 320 
 345 
 324 
 306 
 330 
 353 
 316 
 291 
 303 
 290 
 299 
 296 
 274 
 327 
 330 
 287 
 303 
 317 
 342 
 318 
 298 
 273 
 300 
 295 
 290 
 324 
 299 
 312 
 297 
 261 
 305 
 297 
 293 
 274 
 301 
 302 
 270 
 290 
 275 
 295 
 266 
 274 
 311 
 324 
 300 
 274 
 273 
 289 
 295 
 280 
 285 
 252 
 293 
 256 
 291 
 281 
 268 
 296 
 265 
 274 
 270 
 284 
 258 
 283 
 264 
 270 
 270 
 297 
 264 
 290 
 280 
 256 
 273 
 284 
 293 
 302 
 267 
 281 
 274 
 285 
 259 
 305 
 270 
 280 
 248 
 267 
 280 
 271 
 285 
 280 
 269 
 280 
 259 
 263 
 251 
 289 
 264 
 278 
 271 
 263 
 246 
 287 
 238 
 282 
 295 
 293 
 264 
 271 
 267 
 261 
 283 
 256 
 261 
 283 
 252 
 257 
 263 
 278 
 309 
 305 
 292 
 263 
 300 
 272 
 268 
 283 
 302 
 289 
 311 
 302 
 279 
 308 
 301 
 273 
 291 
 339 
 280 
 320 
 313 
 321 
 344 
 321 
 383 
 364 
 367 
 444 
 454 
 433 
 448 
 478 
 502 
 543 
 548 
 531 
 603 
 619 
 649 
 765 
 812 
 799 
 867 
 867 
 946 
 1039 
 1020 
 1138 
 1182 
 1209 
 1265 
 1318 
 1404 
 1443 
 1498 
 1550 
 1520 
 1611 
 1739 
 1870 
 1801 
 1747 
 1880 
 1985 
 1936 
 2011 
 2115 
 2050 
 2087 
 2064 
 2034 
 2112 
 2134 
 2161 
 1982 
 2098 
 2036 
 2051 
 1980 
 2091 
 1944 
 1921 
 1833 
 1855 
 1755 
 1657 
 1667 
 1598 
 1522 
 1474 
 1419 
 1400 
 1312 
 1314 
 1156 
 1144 
 1060 
 1032 
 1001 
 911 
 835 
 782 
 789 
 702 
 685 
 618 
 545 
 541 
 505 
 449 
 428 
 409 
 361 
 363 
 341 
 269 
 308 
 287 
 237 
 241 
 203 
 208 
 195 
 179 
 167 
 153 
 142 
 148 
 172 
 155 
 162 
 131 
 141 
 123 
 123 
 118 
 128 
 136 
 120 
 112 
 116 
 134 
 115 
 128 
 124 
 125 
 116 
 132 
 132 
 91 
 120 
 113 
 119 
 128 
 107 
 129 
 100 
 104 
 115 
 138 
 108 
 106 
 119 
 105 
 127 
 105 
 103 
 126 
 118 
 104 
 107 
 96 
 119 
 123 
 100 
 102 
 117 
 125 
 107 
 132 
 121 
 110 
 125 
 113 
 104 
 127 
 124 
 91 
 100 
 119 
 118 
 133 
 114 
 120 
 100 
 109 
 122 
 129 
 112 
 120 
 128 
 118 
 124 
 106 
 105 
 110 
 93 
 95 
 124 
 103 
 107 
 109 
 120 
 106 
 106 
 114 
 100 
 108 
 112 
 104 
 77 
 102 
 92 
 106 
 99 
 102 
 122 
 121 
 115 
 124 
 111 
 105 
 113 
 92 
 118 
 115 
 120 
 97 
 93 
 88 
 105 
 98 
 125 
 110 
 94 
 112 
 105 
 89 
 124 
 128 
 107 
 114 
 133 
 115 
 107 
 81 
 119 
 118 
 114 
 100 
 114 
 102 
 102 
 114 
 100 
 129 
 97 
 118 
 108 
 103 
 103 
 107 
 91 
 91 
 104 
 122 
 103 
 118 
 99 
 104 
 111 
 89 
 111 
 92 
 106 
 108 
 110 
 129 
 108 
 99 
 116 
 117 
 98 
 93 
 117 
 91 
 120 
 130 
 103 
 118 
 103 
 92 
 113 
 110 
 117 
 110 
 121 
 102 
 109 
 101 
 100 
 96 
 102 
 111 
 111 
 100 
 109 
 112 
 100 
 110 
 108 
 107 
 97 
 114 
 101 
 85 
 114 
 105 
 128 
 120 
 110 
 95 
 81 
 112 
 106 
 115 
 101 
 112 
 110 
 125 
 110 
 108 
 116 
 117 
 109 
 115 
 106 
 97 
 102 
 104 
 117 
 97 
 106 
 90 
 109 
 105 
 101 
 115 
 110 
 131 
 101 
 94 
 98 
 120 
 128 
 87 
 109 
 86 
 93 
 137 
 104 
 113 
 109 
 116 
 112 
 120 
 132 
 113 
 110 
 113 
 99 
 115 
 100 
 123 
 110 
 105 
 106 
 118 
 110 
 111 
 94 
 110 
 105 
 113 
 114 
 117 
 85 
 113 
 106 
 124 
 118 
 112 
 124 
 107 
 112 
 113 
 115 
 105 
 106 
 110 
 106 
 102 
 93 
 134 
 115 
 100 
 99 
 109 
 121 
 107 
 125 
 114 
 106 
 114 
 137 
 100 
 127 
 99 
 121 
 117 
 107 
 113 
 111 
 114 
 100 
 112 
 114 
 130 
 106 
 103 
 117 
 108 
 91 
 103 
 105 
 115 
 132 
 114 
 110 
 101 
 128 
 102 
 100 
 98 
 78 
 97 
 114 
 112 
 88 
 95 
 96 
 114 
 96 
 123 
 116 
 140 
 115 
 104 
 96 
 119 
 109 
 110 
 92 
 117 
 107 
 120 
 123 
 120 
 99 
 116 
 108 
 126 
 105 
 114 
 120 
 118 
 111 
 129 
 120 
 108 
 99 
 107 
 99 
 116 
 117 
 124 
 133 
 127 
 121 
 118 
 112 
 118 
 101 
 121 
 104 
 92 
 120 
 99 
 122 
 119 
 115 
 114 
 110 
 134 
 107 
 120 
 117 
 142 
 115 
 123 
 120 
 118 
 119 
 96 
 140 
 121 
 124 
 94 
 112 
 132 
 117 
 111 
 120 
 134 
 125 
 113 
 131 
 117 
 122 
 107 
 108 
 135 
 132 
 121 
 139 
 109 
 141 
 109 
 114 
 128 
 116 
 117 
 131 
 118 
 111 
 120 
 122 
 107 
 130 
 116 
 129 
 127 
 127 
 119 
 126 
 96 
 135 
 122 
 141 
 111 
 121 
 139 
 120 
 123 
 132 
 122 
 129 
 121 
 123 
 125 
 126 
 124 
 124 
 124 
 132 
 125 
 123 
 148 
 120 
 118 
 144 
 139 
 128 
 111 
 119 
 121 
 132 
 149 
 133 
 118 
 143 
 135 
 141 
 130 
 118 
 143 
 125 
 122 
 143 
 114 
 111 
 134 
 122 
 130 
 137 
 111 
 127 
 128 
 134 
 143 
 127 
 104 
 121 
 125 
 130 
 122 
 117 
 121 
 99 
 128 
 113 
 122 
 100 
 118 
 135 
 105 
 127 
 116 
 138 
 129 
 113 
 100 
 96 
 118 
 107 
 118 
 104 
 116 
 89 
 107 
 89 
 95 
 93 
 100 
 101 
 107 
 120 
 126 
 93 
 103 
 97 
 89 
 95 
 75 
 106 
 84 
 84 
 97 
 83 
 81 
 76 
 90 
 83 
 77 
 66 
 82 
 74 
 87 
 75 
 68 
 71 
 60 
 65 
 67 
 49 
 59 
 69 
 68 
 73 
 48 
 72 
 62 
 52 
 54 
 58 
 47 
 52 
 54 
 50 
 55 
 50 
 68 
 47 
 51 
 36 
 47 
 48 
 75 
 45 
 53 
 57 
 43 
 34 
 55 
 43 
 51 
 51 
 45 
 42 
 50 
 50 
 46 
 47 
 37 
 40 
 39 
 46 
 40 
 39 
 32 
 34 
 37 
 35 
 32 
 37 
 37 
 30 
 34 
 38 
 34 
 46 
 39 
 39 
 26 
 24 
 29 
 34 
 29 
 30 
 29 
 38 
 33 
 36 
 37 
 27 
 34 
 31 
 42 
 30 
 26 
 38 
 27 
 33 
 31 
 37 
 21 
 21 
 26 
 31 
 25 
 23 
 27 
 26 
 24 
 25 
 24 
 25 
 32 
 30 
 23 
 32 
 35 
 32 
 24 
 23 
 28 
 33 
 23 
 36 
 29 
 19 
 19 
 22 
 30 
 20 
 22 
 23 
 25 
 18 
 29 
 24 
 28 
 19 
 20 
 24 
 39 
 28 
 26 
 21 
 16 
 24 
 15 
 25 
 22 
 20 
 28 
 21 
 32 
 22 
 27 
 26 
 19 
 19 
 15 
 24 
 28 
 18 
 19 
 17 
 23 
 35 
 26 
 20 
 31 
 27 
 19 
 27 
 30 
 22 
 34 
 34 
 28 
 21 
 41 
 41 
 47 
 45 
 54 
 38 
 51 
 49 
 53 
 29 
 62 
 59 
 70 
 58 
 66 
 66 
 79 
 83 
 73 
 80 
 99 
 104 
 87 
 109 
 104 
 106 
 113 
 114 
 125 
 135 
 129 
 144 
 148 
 146 
 161 
 165 
 163 
 177 
 190 
 208 
 193 
 211 
 241 
 209 
 234 
 238 
 254 
 217 
 241 
 347 
 276 
 292 
 278 
 282 
 321 
 312 
 337 
 367 
 332 
 339 
 339 
 346 
 347 
 389 
 334 
 380 
 391 
 405 
 428 
 399 
 369 
 417 
 413 
 398 
 388 
 418 
 373 
 420 
 423 
 435 
 375 
 407 
 394 
 375 
 390 
 421 
 412 
 426 
 392 
 365 
 396 
 391 
 397 
 386 
 401 
 356 
 365 
 356 
 332 
 334 
 321 
 336 
 327 
 331 
 308 
 305 
 257 
 278 
 284 
 259 
 262 
 229 
 261 
 268 
 238 
 228 
 243 
 214 
 194 
 194 
 200 
 181 
 168 
 177 
 175 
 193 
 176 
 137 
 146 
 137 
 144 
 120 
 133 
 109 
 99 
 120 
 119 
 96 
 93 
 102 
 74 
 87 
 79 
 70 
 78 
 69 
 66 
 75 
 78 
 66 
 61 
 61 
 54 
 43 
 48 
 48 
 41 
 41 
 41 
 30 
 34 
 32 
 27 
 32 
 28 
 26 
 35 
 24 
 25 
 23 
 19 
 21 
 19 
 23 
 17 
 21 
 15 
 11 
 14 
 12 
 16 
 19 
 18 
 18 
 11 
 12 
 7 
 10 
 12 
 8 
 8 
 18 
 18 
 8 
 11 
 8 
 11 
 9 
 8 
 7 
 3 
 8 
 9 
 9 
 9 
 8 
 8 
 12 
 6 
 4 
 13 
 4 
 8 
 8 
 7 
 16 
 9 
 16 
 7 
 15 
 4 
 12 
 6 
 7 
 4 
 6 
 8 
 7 
 10 
 7 
 9 
 8 
 13 
 3 
 14 
 7 
 7 
 9 
 9 
 5 
 5 
 10 
 7 
 7 
 16 
 14 
 12 
 12 
 3 
 8 
 6 
 10 
 9 
 9 
 4 
 11 
 10 
 22 
 9 
 3 
 5 
 7 
 5 
 4 
 2 
 13 
 5 
 9 
 9 
 15 
 10 
 13 
 6 
 7 
 6 
 6 
 11 
 8 
 6 
 5 
 10 
 10 
 7 
 3 
 11 
 9 
 7 
 5 
 8 
 9 
 11 
 4 
 4 
 8 
 6 
 11 
 4 
 10 
 11 
 6 
 9 
 6 
 7 
 10 
 6 
 4 
 11 
 4 
 12 
 10 
 6 
 7 
 5 
 5 
 8 
 15 
 5 
 11 
 9 
 11 
 3 
 9 
 6 
 6 
 9 
 14 
 10 
 7 
 4 
 5 
 6 
 8 
 6 
 12 
 12 
 6 
 6 
 4 
 5 
 7 
 11 
 6 
 7 
 8 
 6 
 12 
 7 
 5 
 10 
 6 
 15 
 5 
 7 
 4 
 6 
 6 
 8 
 7 
 6 
 11 
 5 
 6 
 11 
 8 
 4 
 10 
 6 
 9 
 10 
 7 
 3 
 6 
 7 
 6 
 2 
 10 
 4 
 5 
 8 
 6 
 4 
 12 
 8 
 3 
 10 
 10 
 8 
 9 
 7 
 10 
 9 
 6 
 9 
 4 
 8 
 5 
 9 
 7 
 5 
 2 
 8 
 3 
 4 
 5 
 3 
 5 
 7 
 4 
 4 
 7 
 4 
 11 
 4 
 5 
 5 
 8 
 3 
 4 
 6 
 4 
 7 
 6 
 8 
 2 
 6 
 9 
 2 
 7 
 8 
 8 
 5 
 6 
 5 
 5 
 5 
 6 
 3 
 6 
 15 
 8 
 4 
 7 
 7 
 9 
 3 
 6 
 9 
 6 
 4 
 6 
 2 
 5 
 1 
 1 
 3 
 2 
 4 
 7 
 5 
 0 
 5 
 3 
 2 
 8 
 4 
 3 
 8 
 5 
 3 
 5 
 1 
 2 
 2 
 3 
 5 
 4 
 5 
 5 
 5 
 2 
 4 
 4 
 3 
 4 
 3 
 2 
 4 
 6 
 3 
 1 
 2 
 6 
 2 
 5 
 3 
 1 
 2 
 3 
 4 
 3 
 2 
 4 
 4 
 3 
 4 
 1 
 3 
 3 
 3 
 4 
 3 
 2 
 3 
 2 
 8 
 4 
 4 
 2 
 5 
 3 
 3 
 4 
 1 
 4 
 3 
 3 
 1 
 2 
 0 
 5 
 3 
 0 
 6 
 3 
 2 
 4 
 4 
 1 
 1 
 4 
 3 
 0 
 4 
 1 
 2 
 1 
 1 
 2 
 4 
 1 
 1 
 1 
 1 
 2 
 5 
 1 
 3 
 0 
 3 
 4 
 2 
 3 
 1 
 4 
 0 
 1 
 1 
 0 
 4 
 1 
 0 
 4 
 2 
 4 
 2 
 3 
 2 
 1 
 1 
 3 
 3 
 7 
 4 
 6 
 2 
 1 
 2 
 3 
 3 
 3 
 1 
 2 
 3 
 2 
 2 
 4 
 5 
 6 
 2 
 2 
 2 
 6 
 2 
 4 
 2 
 3 
 6 
 2 
 8 
 2 
 3 
 3 
 4 
 3 
 4 
 4 
 3 
 3 
 5 
 6 
 4 
 3 
 3 
 3 
 7 
 7 
 7 
 8 
 3 
 8 
 6 
 12 
 5 
 6 
 6 
 6 
 11 
 4 
 8 
 10 
 6 
 10 
 6 
 10 
 11 
 7 
 8 
 13 
 12 
 12 
 10 
 8 
 11 
 13 
 12 
 15 
 8 
 14 
 13 
 11 
 15 
 12 
 12 
 11 
 9 
 8 
 17 
 13 
 6 
 4 
 17 
 13 
 15 
 9 
 6 
 10 
 9 
 12 
 10 
 16 
 11 
 15 
 7 
 11 
 9 
 8 
 6 
 13 
 8 
 8 
 10 
 8 
 8 
 4 
 12 
 9 
 9 
 11 
 7 
 9 
 8 
 15 
 12 
 6 
 5 
 6 
 4 
 9 
 8 
 2 
 6 
 7 
 4 
 5 
 8 
 9 
 4 
 6 
 6 
 0 
 2 
 2 
 7 
 10 
 6 
 5 
 1 
 3 
 8 
 0 
 2 
 1 
 1 
 4 
 0 
 2 
 4 
 5 
 3 
 2 
 1 
 4 
 1 
 3 
 1 
 2 
 2 
 4 
 3 
 3 
 3 
 1 
 1 
 1 
 1 
 1 
 2 
 0 
 0 
 1 
 2 
 1 
 1 
 0 
 0 
 1 
 1 
 1 
 0 
 1 
 0 
 0 
 0 
 0 
 0 
 0 
 0 
 1 
 1 
 1 
 0 
 2 
 0 
 0 
 0 
 0 
 0 
 0 
 0 
 0 
 1 
 1 
 0 
 0 
 0 
 0 
 1 
 0 
 0 
 0 
 0 
 0 
 0 
 0 
 0 
 0 
 0 
 0 
 0 
 0 
 0 
 0 
 1 
 1 
 1 
 0 
 0 
 1 
 1 
 0 
 1 
 0 
 0 
 0 
 0 
 0 
 1 
 0 
 0 
 1 
 0 
 0 
 0 
 0 
 0 
 0 
 0 
 0 
 0 
 1 
 0 
 0 
 0 
 0 
 0 
 0 
 0 
 0 
 0 
 0 
 0 
 0 
 0 
 0 
 0 
 0 
 0 
 1 
 0 
 0 
 0 
 0 
 0 
 0 
 0 
 0 
 0 
 0 
 1 
 1 
 1 
 0 
 0 
 0 
 0 
 1 
 0 
 1 
 0 
 0 
 0 
 0 
 1 
 0 
 0 
 0 
 0 
 0 
 0 
 0 
 0 
 0 
 0 
 0 
 0 
 1 
 0 
 0 
 0 
 0 
 0 
 0 
 0 
 1 
 0 
 0 
 0 
 0 
 0 
 0 
 1 
 0 
 1 
 1 
 0 
 0 
 0 
 0 
 0 
 0 
 0 
 0 
 1 
 0 
 0 
 0 
 0 
 0 
 0 
 0 
 1 
 1 
 0 
 0 
 0 
 1 
 0 
 1 
 0 
 0 
 0 
 0 
 0 
 0 
 0 
 0 
 0 
 0 
 0 
 0 
 0 
 1 
 0 
 0 
 0 
 0 
 0 
 1 
 0 
 1 
 0 
 1 
 0 
 0 
 0 
 0 
 0 
 0 
 0 
 0 
 0 
 1 
 0 
 0 
 0 
 0 
 0 
 0 
 0 
 0 
 0 
 0 
 0 
 0 
 1 
 0 
 0 
 0 
 0 
 0 
 0 
 0 
 0 
 0 
 0 
 0 
 1 
 0 
 1 
 0 
 0 
 0 
 0 
 0 
 0 
 0 
 0 
 0 
 0 
 0 
 0 
 0 
 0 
 0 
 0 
 0 
 0 
 0 
 0 
 0 
 1 
 0 
 0 
 0 
 0 
 0 
 0 
 0 
 0 
 0 
 0 
 0 
 0 
 1 
 0 
 0 
 0 
 0 
 1 
 0 
 0 
 0 
 0 
 0 
 0 
 0 
 0 
 0 
 0 
 0 
 0 
 0 
 1 
 0 
 0 
 0 
 0 
 0 
 1 
 0 
 0 
 0 
 0 
 0 
 0 
 0 
 0 
 0 
 0 
 0 
 0 
 1 
 0 
 0 
 0 
 0 
 0 
 0 
 0 
 0 
 1 
 0 
 0 
 0 
 1 
 0 
 0 
 0 
 0 
 0 
 0 
 0 
 0 
 1 
 0 
 0 
 0 
 0 
 0 
 0 
 0 
 0 
 1 
 1 
 2 
 0 
 0 
 0 
 0 
 0 
 0 
 0 
 0 
 0 
 0 
 0 
 0 
 0 
 0 
 0 
 0 
 1 
 0 
 0 
 0 
 0 
 0 
 0 
 0 
 0 
 0 
 0 
 0 
 0 
 1 
 1 
 0 
 0 
 0 
 0 
 0 
 0 
 1 
 0 
 0 
 0 
 1 
 1 
 0 
 0 
 0 
 1 
 0 
 0 
 0 
 0 
 0 
 1 
 0 
 0 
 0 
 0 
 0 
 0 
 1 
 0 
 0 
 0 
 0 
 0 
 0 
 0 
 0 
 0 
 0 
 0 
 0 
 0 
 1 
 0 
 0 
 0 
 0 
 0 
 0 
 0 
 0 
 0 
 0 
 0 
 0 
 0 
 0 
 1 
 0 
 0 
 0 
 0 
 0 
 0 
 0 
 0 
 0 
 0 
 1 
 0 
 0 
 0 
 0 
 0 
 0 
 0 
 0 
 0 
 0 
 1 
 0 
 0 
 0 
 0 
 0 
 0 
 0 
 0 
 0 
 0 
 0 
 0 
 0 
 0 
 0 
 0 
 0 
 0 
 0 
 1 
 1 
 1 
 0 
 0 
 0 
 0 
 0 
 0 
 0 
 0 
 0 
 0 
 0 
 0 
 0 
 0 
 1 
 0 
 0 
 0 
 0 
 0 
 0 
 0 
 0 
 0 
 0 
 0 
 0 
 0 
 0 
 0 
 0 
 0 
 0 
 1 
 0 
 0 
 0 
 0 
 0 
 0 
 0 
 0 
 0 
 0 
 0 
 0 
 0 
 0 
 0 
 0 
 0 
 0 
 0 
 0 
 1 
 0 
 0 
 0 
 0 
 0 
 2 
 0 
 0 
 0 
 1 
 1 
 0 
 0 
 0 
 0 
 0 
 0 
 0 
 0 
 0 
 0 
 0 
 0 
 1 
 0 
 0 
 1 
 0 
 0 
 0 
 0 
 0 
 0 
 0 
 0 
 0 
 0 
 0 
 0 
 0 
 0 
 0 
 0 
 0 
 0 
 0 
 0 
 0 
 0 
 0 
 0 
 0 
 0 
 0 
 0 
 0 
 1 
 0 
 0 
 0 
 0 
 0 
 0 
 0 
 0 
 0 
 0 
 0 
 1 
 0 
 0 
 0 
 0 
 0 
 0 
 0 
 0 
 0 
 0 
 0 
 0 
 0 
 0 
 0 
 0 
 0 
 0 
 0 
 0 
 0 
 0 
 0 
 0 
 0 
 0 
 0 
 0 
 0 
 0 
 0 
 0 
 0 
 0 
 0 
 0 
 0 
 0 
 0 
 0 
 0 
 0 
 0 
 0 
 0 
 0 
 0 
 1 
 0 
 0 
 0 
 0 
 0 
 1 
 0 
 0 
 0 
 0 
 0 
 0 
 0 
 0 
 0 
 0 
 0 
 0 
 0 
 0 
 0 
 0 
 0 
 0 
 0 
 0 
 0 
 0 
 0 
 0 
 0 
 0 
 0 
 0 
 0 
 0 
 0 
 0 
 0 
 0 
 0 
 0 
 0 
 0 
 0 
 0 
 0 
 0 
 0 
 0 
 0 
 0 
 0 
 0 
 1 
 0 
 0 
 0 
 0 
 0 
 0 
 0 
 0 
 0 
 0 
 0 
 0 
 0 
 0 
 0 
 0 
 0 
 0 
 0 
 0 
 0 
 0 
 0 
 0 
 0 
 0 
 0 
 0 
 0 
 0 
 0 
 0 
 0 
 0 
 0 
 0 
 0 
 0 
 1 
 0 
 0 
 0 
 0 
 0 
 0 
 0 
 0 
 0 
 0 
 0 
 0 
 0 
 0 
 0 
 0 
 0 
 0 
 0 
 0 
 0 
 0 
 0 
 0 
 0 
 0 
 0 
 0 
 0 
 0 
 0 
 0 
 0 
 0 
 0 
 0 
 0 
 0 
 0 
 0 
 0 
 0 
 0 
 0 
 0 
 0 
 0 
 0 
 1 
 0 
 0 
 0 
 0 
 0 
 0 
 0 
 0 
 1 
 1 
 0 
 0 
 0 
 0 
 0 
 0 
 0 
 0 
 0 
 0 
 0 
 0 
 0 
 0 
 0 
 0 
 0 
 1 
 0 
 0 
 0 
 0 
 1 
 1 
 0 
 0 
 0 
 1 
 0 
 0 
 0 
 0 
 0 
 0 
 1 
 0 
 0 
 0 
 0 
 0 
 0 
 0 
 0 
 0 
 0 
 0 
 0 
 0 
 0 
 0 
 0 
 0 
 0 
 0 
 0 
 0 
 0 
 0 
 0 
 1 
 0 
 0 
 0 
 0 
 0 
 0 
 0 
 0 
 0 
 0 
 0 
 0 
 0 
 0 
 0 
 0 
 0 
 0 
 0 
 0 
 0 
 0 
 0 
 0 
 0 
 0 
 0 
 0 
 0 
 0 
 0 
 0 
 0 
 0 
 0 
 0 
 0 
 0 
 0 
 0 
 0 
 0 
 1 
 0 
 0 
 0 
 0 
 0 
 0 
 0 
 0 
 0 
 0 
 0 
 0 
 0 
 0 
 0 
 0 
 0 
 0 
 0 
 0 
 0 
 0 
 0 
 0 
 0 
 0 
 0 
 0 
 0 
 0 
 0 
 0 
 0 
 0 
 0 
 0 
 0 
 0 
 0 
 0 
 0 
 0 
 0 
 0 
 0 
 0 
 0 
 0 
 0 
 0 
 0 
 0 
 0 
 0 
 0 
 0 
 0 
 0 
 0 
 0 
 0 
 0 
 0 
 0 
 0 
 0 
 0 
 0 
 0 
 0 
 0 
 0 
 0 
 0 
 0 
 0 
 0 
 0 
 0 
 0 
 0 
 0 
 0 
 0 
 0 
 0 
 0 
 0 
 0 
 0 
 0 
 0 
 0 
 0 
 0 
 0 
 0 
 0 
 0 
 1 
 0 
 0 
 0 
 0 
 0 
 0 
 0 
 0 
 0 
 0 
 0 
 0 
 0 
 0 
 0 
 0 
 0 
 0 
 0 
 0 
 0 
 0 
 0 
 0 
 0 
 0 
 0 
 0 
 0 
 0 
 0 
 0 
 0 
 0 
 0 
 0 
 0 
 0 
 0 
 0 
 0 
 0 
 0 
 0 
 0 
 0 
 0 
 0 
 0 
 0 
 0 
 0 
 0 
 0 
 0 
 0 
 0 
 0 
 0 
 0 
 0 
 0 
 0 
 0 
 0 
 0 
 0 
 0 
 0 
 0 
 0 
 0 
 0 
 0 
 0 
 0 
 0 
 0 
 0 
 0 
 0 
 0 
 0 
 0 
 0 
 0 
 0 
 0 
 0 
 0 
 0 
 0 
 0 
 0 
 0 
 0 
 0 
 0 
 0 
 0 
 0 
 0 
 0 
 0 
 0 
 0 
 0 
 0 
 0 
 0 
 0 
 0 
 0 
 0 
 0 
 0 
 0 
 0 
 0 
 0 
 0 
 0 
 0 
 0 
 0 
 0 
 0 
 0 
 0 
 0 
 0 
 0 
 0 
 0 
 0 
 0 
 0 
 0 
 0 
 0 
 0 
 0 
 0 
 0 
 0 
 0 
 0 
 0 
 0 
 0 
 0 
 0 
 0 
 0 
 0 
 0 
 1 
 0 
 0 
 0 
 0 
 0 
 0 
 0 
 0 
 0 
 0 
 0 
 0 
 0 
 0 
 0 
 0 
 0 
 0 
 0 
 0 
 0 
 0 
 0 
 0 
 0 
 0 
 0 
 0 
 0 
 0 
 0 
 0 
 0 
 0 
 0 
 0 
 0 
 0 
 0 
 0 
 0 
 0 
 0 
 0 
 0 
 0 
 0 
 0 
 0 
 0 
 0 
 0 
 0 
 0 
 0 
 0 
 0 
 0 
 0 
 0 
 0 
 0 
 0 
 0 
 0 
 0 
 0 
 0 
 0 
 0 
 0 
 0 
 0 
 0 
 0 
 0 
 0 
 0 
 0 
 0 
 0 
 0 
 0 
 0 
 0 
 0 
 0 
 0 
 0 
 0 
 0 
 0 
 0 
 0 
 0 
 0 
 0 
 0 
 0 
 0 
 0 
 0 
 0 
 0 
 0 
 0 
 0 
 0 
 0 
 0 
 0 
 0 
 0 
 0 
 0 
 0 
 0 
 0 
 0 
 0 
 0 
 0 
 0 
 0 
 0 
 0 
 0 
 0 
 0 
 0 
 0 
 0 
 0 
 0 
 0 
 0 
 0 
 0 
 0 
 0 
 0 
 0 
 0 
 0 
 0 
 0 
 0 
 0 
 0 
 0 
 0 
 0 
 0 
 0 
 0 
 0 
 0 
 0 
 0 
 0 
 0 
 0 
 0 
 0 
 0 
 0 
 0 
 0 
 0 
 0 
 0 
 0 
 0 
 0 
 0 
 0 
 0 
 0 
 0 
 0 
 0 
 0 
 0 
 0 
 0 
 0 
 0 
 0 
 0 
 0 
 0 
 0 
 0 
 0 
 0 
 0 
 0 
 0 
 0 
 0 
 0 
 0 
 0 
 0 
 0 
 0 
 0 
 0 
 0 
 0 
 0 
 0 
 0 
 0 
 0 
 0 
 0 
 0 
 0 
 0 
 0 
 0 
 0 
 1 
 0 
 0 
 0 
 0 
 0 
 0 
 0 
 0 
 0 
 0 
 0 
 0 
 0 
 0 
 0 
 0 
 0 
 0 
 0 
 0 
 0 
 0 
 0 
 0 
 0 
 0 
 0 
 0 
 0 
 0 
 0 
 0 
 0 
 0 
 0 
 0 
 0 
 0 
 0 
 0 
 0 
 0 
 0 
 0 
 0 
 0 
 0 
 0 
 0 
 0 
 0 
 0 
 0 
 0 
 0 
 0 
 0 
 0 
 0 
 0 
 0 
 0 
 0 
 0 
 0 
 0 
 0 
 0 
 0 
 0 
 0 
 0 
 0 
 0 
 0 
 0 
 0 
 0 
 0 
 0 
 0 
 0 
 0 
 0 
 0 
 0 
 0 
 0 
 0 
 0 
 0 
 0 
 0 
 0 
 0 
 0 
 0 
 0 
 0 
 0 
 0 
 0 
 0 
 0 
 0 
 0 
 0 
 0 
 0 
 0 
 0 
 0 
 0 
 0 
 0 
 0 
 0 
 0 
 0 
 0 
 0 
 0 
 0 
 0 
 0 
 0 
 0 
 0 
 0 
 0 
 0 
 0 
 0 
 0 
 0 
 0 
 0 
 0 
 0 
 0 
 0 
 0 
 0 
 0 
 0 
 0 
 0 
 0 
 0 
 0 
 0 
 0 
 0 
 0 
 0 
 0 
 0 
 0 
 0 
 0 
 0 
 0 
 0 
 0 
 0 
 0 
 0 
 0 
 0 
 0 
 0 
 0 
 0 
 0 
 0 
 0 
 0 
 0 
 0 
 0 
 0 
 0 
 0 
 0 
 0 
 0 
 0 
 0 
 0 
 0 
 0 
 0 
 0 
 0 
 0 
 0 
 0 
 0 
 0 
 0 
 0 
 0 
 0 
 0 
 0 
 0 
 0 
 0 
 0 
 0 
 0 
 0 
 0 
 0 
 0 
 0 
 0 
 0 
 0 
 0 
 0 
 0 
 0 
 0 
 0 
 0 
 0 
 0 
 0 
 0 
 0 
 0 
 0 
 0 
 0 
 0 
 0 
 0 
 0 
 0 
 0 
 0 
 0 
 0 
 0 
 0 
 0 
 0 
 0 
 0 
 0 
 0 
 0 
 0 
 0 
 0 
 0 
 0 
 0 
 0 
 0 
 0 
 0 
 0 
 0 
 0 
 0 
 0 
 0 
 0 
 0 
 0 
 0 
 0 
 0 
 0 
 0 
 0 
 0 
 0 
 0 
 0 
 0 
 0 
 0 
 0 
 0 
 0 
 0 
 0 
 0 
 0 
 0 
 0 
 0 
 0 
 0 
 0 
 0 
 0 
 0 
 0 
 0 
 0 
 0 
 0 
 0 
 0 
 0 
 0 
 0 
 0 
 0 
 0 
 0 
 0 
 0 
 0 
 0 
 0 
 0 
 0 
 0 
 0 
 0 
 0 
 0 
 0 
 0 
 0 
 0 
 0 
 0 
 0 
 0 
 0 
 0 
 0 
 0 
 0 
 0 
 0 
 0 
 0 
 0 
 0 
 0 
 0 
 0 
 0 
 0 
 0 
 0 
 0 
 0 
 0 
 0 
 0 
 0 
 0 
 0 
 0 
 0 
 0 
 0 
 0 
 0 
 0 
 0 
 0 
 0 
 0 
 0 
 0 
 0 
 0 
 0 
 0 
 0 
 0 
 0 
 0 
 0 
 0 
 0 
 0 
 0 
 0 
 0 
 0 
 0 
 0 
 0 
 0 
 0 
 0 
 0 
 0 
 0 
 0 
 0 
 0 
 0 
 0 
 0 
 0 
 0 
 0 
 0 
 0 
 0 
 0 
 0 
 0 
 0 
 0 
 0 
 0 
 0 
 0 
 0 
 0 
 0 
 0 
 0 
 0 
 0 
 0 
 0 
 0 
 0 
 0 
 0 
 0 
 0 
 0 
 0 
 0 
 0 
 0 
 0 
 0 
 0 
 0 
 0 
 0 
 0 
 0 
 0 
 0 
 0 
 0 
 0 
 0 
 0 
 0 
 0 
 0 
 0 
 0 
 0 
 0 
 0 
 0 
 0 
 0 
 0 
 0 
 0 
 0 
 0 
 0 
 0 
 0 
 0 
 0 
 0 
 0 
 0 
 0 
 0 
 0 
 0 
 0 
 0 
 0 
 0 
 0 
 0 
 0 
 0 
 0 
 0 
 0 
 0 
 0 
 0 
 0 
 0 
 0 
 0 
 0 
 0 
 0 
 0 
 0 
 0 
 0 
 0 
 0 
 0 
 0 
 0 
 0 
 0 
 0 
 0 
 0 
 0 
 0 
 0 
 0 
 0 
 0 
 0 
 0 
 0 
 0 
 0 
 0 
 0 
 0 
 0 
 0 
 0 
 0 
 0 
 0 
 0 
 0 
 0 
 0 
 0 
 0 
 0 
 0 
 0 
 0 
 0 
 0 
 0 
 0 
 0 
 0 
 0 
 0 
 0 
 0 
 0 
 0 
 0 
 0 
 0 
 0 
 0 
 0 
 0 
 0 
 0 
 0 
 0 
 0 
 0 
 0 
 0 
 0 
 0 
 0 
 0 
 0 
 0 
 0 
