 0 
 0 
 1 
 0 
 0 
 0 
 0 
 0 
 0 
 0 
 0 
 0 
 3 
 1 
 1 
 0 
 3 
 1 
 0 
 0 
 1 
 2 
 3 
 6 
 10 
 13 
 25 
 23 
 43 
 47 
 62 
 80 
 97 
 125 
 148 
 169 
 193 
 205 
 260 
 271 
 273 
 307 
 352 
 342 
 321 
 344 
 353 
 388 
 382 
 381 
 402 
 405 
 415 
 368 
 468 
 406 
 389 
 372 
 424 
 455 
 429 
 425 
 433 
 422 
 384 
 442 
 417 
 398 
 425 
 400 
 451 
 367 
 444 
 422 
 427 
 436 
 400 
 423 
 403 
 442 
 436 
 431 
 409 
 467 
 481 
 523 
 525 
 517 
 563 
 592 
 641 
 726 
 725 
 768 
 844 
 789 
 885 
 809 
 868 
 854 
 826 
 834 
 779 
 811 
 773 
 704 
 763 
 648 
 663 
 624 
 646 
 608 
 569 
 563 
 536 
 568 
 459 
 489 
 463 
 458 
 428 
 423 
 450 
 438 
 379 
 381 
 398 
 400 
 350 
 396 
 405 
 385 
 378 
 399 
 392 
 380 
 407 
 364 
 357 
 369 
 343 
 382 
 384 
 371 
 384 
 367 
 393 
 394 
 397 
 393 
 375 
 385 
 366 
 356 
 412 
 377 
 348 
 370 
 423 
 368 
 391 
 387 
 365 
 361 
 398 
 379 
 391 
 386 
 408 
 390 
 393 
 392 
 372 
 385 
 372 
 408 
 379 
 349 
 394 
 384 
 370 
 391 
 397 
 408 
 365 
 375 
 363 
 376 
 404 
 388 
 390 
 373 
 397 
 409 
 380 
 421 
 384 
 426 
 422 
 425 
 444 
 430 
 401 
 427 
 437 
 413 
 430 
 415 
 466 
 403 
 474 
 474 
 452 
 440 
 417 
 471 
 471 
 451 
 445 
 446 
 418 
 460 
 434 
 448 
 443 
 443 
 430 
 438 
 430 
 453 
 426 
 431 
 425 
 438 
 407 
 413 
 424 
 422 
 413 
 413 
 433 
 405 
 455 
 394 
 420 
 441 
 444 
 391 
 415 
 431 
 423 
 393 
 436 
 401 
 422 
 444 
 381 
 422 
 422 
 441 
 376 
 429 
 414 
 395 
 401 
 429 
 418 
 365 
 436 
 413 
 392 
 423 
 460 
 406 
 409 
 407 
 404 
 395 
 381 
 406 
 463 
 389 
 458 
 398 
 410 
 404 
 437 
 376 
 408 
 414 
 381 
 420 
 399 
 377 
 389 
 430 
 383 
 425 
 383 
 420 
 396 
 420 
 385 
 400 
 407 
 381 
 401 
 428 
 402 
 391 
 383 
 408 
 390 
 395 
 392 
 399 
 369 
 389 
 438 
 436 
 362 
 384 
 375 
 408 
 402 
 413 
 437 
 400 
 370 
 405 
 425 
 396 
 408 
 387 
 411 
 407 
 401 
 436 
 427 
 426 
 399 
 371 
 437 
 449 
 415 
 384 
 399 
 408 
 370 
 413 
 432 
 415 
 403 
 403 
 423 
 436 
 386 
 423 
 421 
 418 
 449 
 443 
 444 
 435 
 425 
 431 
 409 
 419 
 439 
 452 
 430 
 384 
 427 
 383 
 385 
 409 
 426 
 422 
 413 
 403 
 374 
 380 
 377 
 359 
 379 
 370 
 369 
 385 
 336 
 371 
 336 
 344 
 351 
 345 
 320 
 314 
 352 
 318 
 323 
 340 
 314 
 324 
 333 
 290 
 295 
 310 
 283 
 315 
 288 
 295 
 277 
 321 
 342 
 290 
 299 
 311 
 248 
 276 
 300 
 306 
 278 
 300 
 288 
 261 
 271 
 300 
 299 
 288 
 286 
 245 
 309 
 289 
 267 
 298 
 251 
 259 
 267 
 256 
 263 
 278 
 257 
 276 
 243 
 291 
 251 
 245 
 302 
 267 
 235 
 296 
 299 
 243 
 286 
 251 
 287 
 277 
 252 
 238 
 251 
 274 
 291 
 276 
 286 
 232 
 266 
 276 
 285 
 269 
 253 
 255 
 279 
 248 
 231 
 266 
 268 
 268 
 274 
 260 
 233 
 292 
 275 
 257 
 274 
 262 
 297 
 268 
 274 
 273 
 239 
 252 
 283 
 265 
 279 
 284 
 271 
 273 
 244 
 242 
 259 
 249 
 276 
 256 
 260 
 256 
 243 
 256 
 253 
 245 
 291 
 250 
 256 
 257 
 237 
 251 
 244 
 257 
 259 
 276 
 298 
 236 
 246 
 256 
 242 
 232 
 264 
 263 
 252 
 254 
 245 
 262 
 295 
 287 
 290 
 268 
 269 
 254 
 275 
 277 
 275 
 268 
 273 
 302 
 293 
 278 
 301 
 303 
 289 
 305 
 325 
 319 
 361 
 368 
 361 
 359 
 427 
 406 
 444 
 479 
 482 
 512 
 598 
 623 
 652 
 654 
 657 
 708 
 743 
 785 
 856 
 886 
 904 
 928 
 1004 
 1063 
 1121 
 1158 
 1236 
 1264 
 1260 
 1362 
 1378 
 1505 
 1381 
 1445 
 1565 
 1621 
 1581 
 1681 
 1661 
 1710 
 1799 
 1763 
 1780 
 1757 
 1755 
 1750 
 1780 
 1746 
 1879 
 1748 
 1769 
 1714 
 1715 
 1745 
 1739 
 1632 
 1635 
 1587 
 1543 
 1452 
 1431 
 1398 
 1325 
 1258 
 1226 
 1172 
 1089 
 1095 
 1056 
 999 
 887 
 876 
 821 
 810 
 689 
 699 
 647 
 591 
 618 
 494 
 522 
 458 
 462 
 403 
 363 
 380 
 328 
 326 
 294 
 253 
 256 
 257 
 209 
 246 
 194 
 166 
 211 
 168 
 152 
 139 
 142 
 166 
 149 
 121 
 133 
 134 
 108 
 131 
 129 
 154 
 139 
 122 
 104 
 109 
 122 
 145 
 117 
 127 
 105 
 131 
 131 
 112 
 117 
 98 
 104 
 113 
 100 
 112 
 122 
 127 
 113 
 103 
 98 
 110 
 109 
 93 
 108 
 103 
 105 
 76 
 112 
 112 
 110 
 101 
 102 
 103 
 110 
 113 
 104 
 106 
 117 
 96 
 106 
 105 
 112 
 113 
 112 
 107 
 121 
 106 
 104 
 107 
 100 
 115 
 97 
 110 
 115 
 108 
 94 
 106 
 110 
 96 
 108 
 97 
 110 
 131 
 98 
 94 
 102 
 110 
 89 
 100 
 99 
 122 
 87 
 113 
 110 
 110 
 106 
 84 
 110 
 97 
 129 
 116 
 117 
 115 
 111 
 92 
 105 
 113 
 110 
 91 
 107 
 87 
 107 
 97 
 101 
 105 
 119 
 83 
 91 
 118 
 115 
 123 
 109 
 91 
 102 
 122 
 101 
 109 
 106 
 121 
 91 
 121 
 112 
 116 
 103 
 113 
 114 
 107 
 102 
 100 
 72 
 114 
 103 
 97 
 104 
 114 
 98 
 122 
 90 
 101 
 104 
 124 
 83 
 102 
 123 
 102 
 114 
 121 
 108 
 99 
 89 
 108 
 108 
 114 
 96 
 89 
 109 
 106 
 106 
 106 
 107 
 116 
 96 
 106 
 104 
 107 
 129 
 99 
 103 
 101 
 107 
 116 
 79 
 112 
 103 
 105 
 126 
 113 
 98 
 101 
 108 
 111 
 102 
 98 
 104 
 104 
 111 
 98 
 117 
 102 
 112 
 101 
 116 
 97 
 102 
 97 
 97 
 118 
 89 
 103 
 98 
 107 
 104 
 86 
 95 
 117 
 107 
 104 
 112 
 103 
 95 
 102 
 93 
 93 
 112 
 117 
 99 
 124 
 97 
 81 
 104 
 92 
 101 
 95 
 102 
 100 
 121 
 103 
 112 
 102 
 85 
 90 
 105 
 119 
 100 
 108 
 120 
 110 
 89 
 113 
 92 
 88 
 95 
 107 
 101 
 101 
 103 
 114 
 94 
 97 
 83 
 90 
 119 
 121 
 105 
 107 
 107 
 101 
 96 
 105 
 109 
 90 
 108 
 102 
 97 
 114 
 90 
 111 
 112 
 93 
 99 
 76 
 89 
 89 
 98 
 114 
 92 
 127 
 99 
 104 
 113 
 99 
 105 
 97 
 114 
 116 
 112 
 110 
 108 
 94 
 91 
 107 
 102 
 98 
 93 
 97 
 104 
 92 
 88 
 108 
 95 
 90 
 91 
 103 
 116 
 111 
 109 
 105 
 124 
 119 
 104 
 122 
 112 
 115 
 96 
 99 
 113 
 108 
 100 
 92 
 93 
 103 
 110 
 97 
 90 
 83 
 106 
 86 
 119 
 106 
 99 
 89 
 116 
 114 
 77 
 110 
 102 
 118 
 106 
 104 
 107 
 122 
 96 
 111 
 128 
 111 
 114 
 97 
 111 
 104 
 117 
 100 
 116 
 97 
 107 
 111 
 112 
 97 
 100 
 109 
 93 
 98 
 90 
 88 
 107 
 96 
 103 
 104 
 108 
 107 
 102 
 101 
 97 
 127 
 125 
 120 
 104 
 120 
 116 
 100 
 96 
 99 
 119 
 125 
 123 
 108 
 126 
 109 
 108 
 117 
 115 
 88 
 120 
 98 
 103 
 95 
 107 
 91 
 121 
 113 
 108 
 107 
 120 
 117 
 105 
 103 
 117 
 95 
 108 
 104 
 119 
 109 
 105 
 110 
 131 
 134 
 119 
 108 
 104 
 93 
 118 
 125 
 124 
 114 
 121 
 110 
 103 
 103 
 106 
 117 
 121 
 118 
 126 
 109 
 109 
 113 
 133 
 109 
 115 
 116 
 120 
 127 
 123 
 108 
 114 
 122 
 112 
 142 
 110 
 107 
 111 
 117 
 117 
 129 
 120 
 155 
 92 
 130 
 107 
 110 
 120 
 137 
 118 
 115 
 113 
 122 
 139 
 121 
 128 
 130 
 145 
 125 
 137 
 117 
 125 
 116 
 129 
 108 
 140 
 127 
 111 
 140 
 131 
 112 
 122 
 133 
 118 
 124 
 96 
 144 
 116 
 142 
 111 
 133 
 103 
 103 
 141 
 133 
 132 
 133 
 109 
 93 
 126 
 105 
 123 
 116 
 118 
 91 
 100 
 104 
 99 
 122 
 111 
 111 
 112 
 85 
 105 
 98 
 105 
 101 
 96 
 94 
 90 
 87 
 98 
 108 
 82 
 83 
 90 
 86 
 90 
 97 
 86 
 87 
 90 
 81 
 69 
 77 
 65 
 71 
 73 
 71 
 92 
 75 
 100 
 58 
 65 
 60 
 78 
 85 
 83 
 73 
 70 
 58 
 70 
 52 
 60 
 61 
 59 
 60 
 55 
 71 
 47 
 49 
 61 
 54 
 54 
 63 
 45 
 37 
 44 
 39 
 55 
 47 
 61 
 53 
 44 
 48 
 50 
 50 
 47 
 49 
 53 
 40 
 37 
 45 
 48 
 42 
 37 
 42 
 25 
 35 
 37 
 41 
 39 
 49 
 48 
 38 
 34 
 53 
 41 
 45 
 35 
 33 
 36 
 28 
 25 
 46 
 34 
 39 
 35 
 38 
 33 
 34 
 27 
 32 
 34 
 27 
 44 
 32 
 34 
 30 
 29 
 32 
 29 
 31 
 28 
 26 
 29 
 35 
 26 
 34 
 35 
 26 
 31 
 27 
 26 
 30 
 38 
 41 
 33 
 28 
 23 
 31 
 30 
 31 
 28 
 32 
 29 
 20 
 19 
 30 
 28 
 26 
 17 
 25 
 18 
 22 
 17 
 10 
 15 
 33 
 20 
 23 
 23 
 18 
 17 
 24 
 28 
 32 
 26 
 20 
 17 
 20 
 24 
 16 
 19 
 21 
 26 
 16 
 20 
 23 
 23 
 18 
 17 
 23 
 29 
 20 
 22 
 34 
 17 
 21 
 22 
 19 
 20 
 30 
 26 
 30 
 31 
 25 
 27 
 19 
 26 
 30 
 31 
 22 
 26 
 31 
 25 
 34 
 35 
 43 
 42 
 35 
 40 
 37 
 33 
 28 
 25 
 42 
 34 
 41 
 58 
 46 
 49 
 39 
 41 
 53 
 73 
 66 
 78 
 72 
 73 
 75 
 72 
 83 
 99 
 104 
 96 
 96 
 96 
 108 
 115 
 106 
 153 
 136 
 149 
 120 
 165 
 149 
 149 
 167 
 158 
 173 
 173 
 228 
 214 
 208 
 204 
 222 
 233 
 224 
 250 
 292 
 245 
 266 
 262 
 268 
 284 
 278 
 297 
 302 
 314 
 315 
 305 
 331 
 333 
 345 
 314 
 353 
 375 
 332 
 372 
 407 
 346 
 353 
 371 
 357 
 384 
 380 
 347 
 367 
 409 
 422 
 389 
 381 
 397 
 393 
 398 
 371 
 374 
 359 
 332 
 361 
 331 
 366 
 349 
 370 
 313 
 343 
 353 
 341 
 346 
 334 
 323 
 272 
 345 
 311 
 319 
 288 
 282 
 280 
 286 
 260 
 272 
 256 
 236 
 228 
 236 
 238 
 251 
 237 
 178 
 194 
 222 
 189 
 186 
 159 
 172 
 173 
 175 
 144 
 143 
 155 
 133 
 116 
 122 
 119 
 111 
 110 
 91 
 98 
 98 
 90 
 80 
 89 
 80 
 71 
 70 
 63 
 63 
 61 
 56 
 67 
 56 
 49 
 56 
 44 
 44 
 30 
 42 
 38 
 39 
 30 
 33 
 35 
 30 
 24 
 17 
 36 
 16 
 27 
 32 
 21 
 5 
 19 
 13 
 10 
 20 
 14 
 18 
 15 
 11 
 10 
 15 
 10 
 10 
 13 
 9 
 8 
 13 
 16 
 12 
 10 
 11 
 11 
 16 
 10 
 9 
 5 
 7 
 11 
 7 
 10 
 17 
 6 
 6 
 9 
 6 
 10 
 7 
 8 
 7 
 6 
 11 
 11 
 11 
 3 
 5 
 6 
 8 
 8 
 6 
 4 
 8 
 6 
 9 
 8 
 7 
 11 
 6 
 9 
 8 
 7 
 5 
 7 
 3 
 9 
 5 
 7 
 10 
 4 
 6 
 5 
 9 
 8 
 11 
 5 
 7 
 8 
 10 
 2 
 8 
 3 
 9 
 7 
 4 
 17 
 8 
 2 
 5 
 5 
 7 
 2 
 3 
 5 
 4 
 9 
 6 
 10 
 7 
 10 
 8 
 6 
 7 
 9 
 6 
 6 
 5 
 13 
 5 
 9 
 6 
 8 
 7 
 10 
 8 
 2 
 5 
 9 
 5 
 5 
 8 
 3 
 7 
 5 
 3 
 4 
 5 
 4 
 6 
 11 
 5 
 1 
 7 
 4 
 6 
 10 
 4 
 2 
 4 
 5 
 9 
 6 
 6 
 5 
 6 
 4 
 10 
 5 
 9 
 6 
 11 
 10 
 12 
 11 
 7 
 5 
 8 
 8 
 7 
 4 
 3 
 1 
 6 
 4 
 5 
 3 
 9 
 9 
 7 
 5 
 6 
 3 
 5 
 6 
 1 
 4 
 7 
 11 
 10 
 5 
 10 
 8 
 4 
 5 
 8 
 5 
 4 
 6 
 6 
 3 
 4 
 6 
 2 
 5 
 6 
 7 
 8 
 6 
 4 
 9 
 5 
 5 
 2 
 2 
 7 
 5 
 2 
 10 
 8 
 2 
 10 
 2 
 4 
 4 
 4 
 6 
 5 
 5 
 6 
 5 
 6 
 11 
 6 
 3 
 6 
 4 
 6 
 2 
 6 
 4 
 8 
 5 
 7 
 12 
 1 
 7 
 5 
 7 
 3 
 6 
 5 
 3 
 4 
 5 
 11 
 2 
 5 
 3 
 3 
 8 
 6 
 8 
 1 
 3 
 5 
 4 
 6 
 4 
 4 
 6 
 2 
 8 
 5 
 6 
 6 
 3 
 7 
 5 
 2 
 10 
 4 
 4 
 6 
 3 
 2 
 5 
 1 
 4 
 4 
 5 
 1 
 5 
 1 
 3 
 2 
 7 
 2 
 3 
 4 
 3 
 3 
 5 
 5 
 1 
 2 
 7 
 4 
 0 
 2 
 2 
 5 
 3 
 3 
 2 
 2 
 5 
 2 
 4 
 4 
 1 
 5 
 3 
 3 
 6 
 6 
 3 
 4 
 1 
 2 
 3 
 2 
 1 
 3 
 3 
 1 
 4 
 3 
 2 
 1 
 3 
 1 
 0 
 3 
 2 
 4 
 2 
 1 
 1 
 3 
 4 
 0 
 3 
 1 
 2 
 1 
 3 
 1 
 3 
 4 
 0 
 3 
 3 
 3 
 5 
 3 
 3 
 1 
 3 
 1 
 3 
 1 
 1 
 2 
 4 
 2 
 2 
 1 
 3 
 2 
 1 
 3 
 1 
 1 
 3 
 3 
 1 
 2 
 1 
 3 
 3 
 1 
 3 
 1 
 3 
 4 
 0 
 6 
 3 
 1 
 2 
 1 
 0 
 1 
 1 
 1 
 3 
 5 
 2 
 2 
 1 
 2 
 3 
 1 
 4 
 2 
 1 
 6 
 2 
 2 
 2 
 2 
 3 
 0 
 1 
 3 
 4 
 0 
 4 
 1 
 1 
 2 
 2 
 2 
 0 
 3 
 3 
 2 
 4 
 2 
 4 
 4 
 3 
 3 
 2 
 2 
 1 
 1 
 2 
 5 
 6 
 5 
 0 
 3 
 4 
 3 
 0 
 0 
 7 
 3 
 2 
 4 
 3 
 4 
 0 
 5 
 11 
 4 
 6 
 2 
 8 
 5 
 8 
 5 
 7 
 1 
 7 
 4 
 10 
 9 
 3 
 5 
 10 
 8 
 7 
 7 
 11 
 3 
 7 
 10 
 8 
 12 
 7 
 6 
 10 
 9 
 9 
 11 
 11 
 5 
 10 
 10 
 12 
 7 
 5 
 8 
 6 
 6 
 7 
 5 
 7 
 7 
 9 
 5 
 5 
 9 
 6 
 6 
 10 
 6 
 7 
 8 
 5 
 8 
 2 
 5 
 9 
 4 
 8 
 7 
 6 
 10 
 5 
 4 
 17 
 12 
 4 
 8 
 4 
 6 
 13 
 8 
 11 
 1 
 7 
 8 
 9 
 4 
 4 
 5 
 4 
 8 
 8 
 7 
 4 
 9 
 1 
 6 
 4 
 8 
 2 
 5 
 0 
 4 
 0 
 4 
 5 
 4 
 6 
 5 
 2 
 7 
 5 
 3 
 6 
 3 
 2 
 2 
 5 
 3 
 2 
 0 
 4 
 4 
 3 
 3 
 3 
 3 
 0 
 1 
 0 
 2 
 0 
 3 
 0 
 0 
 1 
 0 
 0 
 0 
 3 
 2 
 2 
 1 
 1 
 1 
 1 
 0 
 0 
 0 
 0 
 1 
 0 
 2 
 0 
 0 
 0 
 0 
 0 
 0 
 3 
 0 
 0 
 0 
 0 
 0 
 0 
 1 
 0 
 0 
 0 
 1 
 0 
 0 
 0 
 0 
 0 
 0 
 0 
 0 
 0 
 0 
 0 
 0 
 0 
 0 
 0 
 0 
 0 
 0 
 0 
 0 
 0 
 0 
 0 
 1 
 0 
 0 
 0 
 0 
 0 
 1 
 0 
 0 
 0 
 0 
 1 
 0 
 0 
 0 
 0 
 0 
 0 
 0 
 1 
 0 
 1 
 0 
 0 
 0 
 0 
 0 
 0 
 0 
 0 
 0 
 0 
 1 
 0 
 0 
 1 
 1 
 1 
 0 
 0 
 0 
 0 
 0 
 0 
 0 
 0 
 0 
 1 
 0 
 0 
 0 
 1 
 0 
 0 
 0 
 1 
 1 
 0 
 0 
 0 
 0 
 0 
 0 
 0 
 0 
 0 
 0 
 0 
 0 
 0 
 0 
 0 
 0 
 0 
 1 
 1 
 0 
 0 
 0 
 0 
 3 
 1 
 0 
 0 
 0 
 0 
 0 
 0 
 0 
 1 
 0 
 0 
 0 
 0 
 0 
 0 
 0 
 0 
 1 
 0 
 0 
 0 
 0 
 0 
 1 
 0 
 0 
 0 
 0 
 1 
 0 
 1 
 0 
 0 
 0 
 0 
 0 
 0 
 0 
 1 
 0 
 0 
 0 
 0 
 0 
 0 
 0 
 1 
 0 
 0 
 0 
 0 
 0 
 0 
 0 
 2 
 0 
 0 
 0 
 0 
 1 
 0 
 0 
 0 
 0 
 0 
 0 
 0 
 0 
 0 
 1 
 1 
 0 
 0 
 0 
 0 
 0 
 0 
 0 
 0 
 1 
 0 
 0 
 0 
 1 
 0 
 0 
 0 
 0 
 0 
 0 
 0 
 0 
 0 
 1 
 1 
 0 
 0 
 0 
 0 
 0 
 1 
 0 
 0 
 0 
 0 
 0 
 0 
 0 
 0 
 0 
 0 
 0 
 0 
 0 
 0 
 0 
 1 
 0 
 0 
 0 
 0 
 0 
 0 
 0 
 0 
 0 
 1 
 0 
 1 
 0 
 0 
 0 
 0 
 0 
 0 
 1 
 1 
 0 
 0 
 1 
 0 
 0 
 0 
 0 
 0 
 0 
 0 
 0 
 0 
 0 
 0 
 0 
 0 
 0 
 0 
 0 
 0 
 0 
 0 
 0 
 0 
 1 
 0 
 0 
 0 
 1 
 0 
 0 
 0 
 0 
 0 
 0 
 0 
 0 
 0 
 0 
 1 
 0 
 0 
 0 
 0 
 0 
 0 
 0 
 0 
 0 
 0 
 0 
 1 
 0 
 0 
 0 
 0 
 0 
 1 
 0 
 0 
 0 
 0 
 0 
 0 
 0 
 0 
 0 
 0 
 0 
 0 
 0 
 1 
 0 
 0 
 0 
 0 
 0 
 0 
 0 
 0 
 0 
 0 
 0 
 0 
 0 
 0 
 0 
 0 
 0 
 0 
 0 
 0 
 1 
 0 
 0 
 0 
 0 
 0 
 0 
 0 
 0 
 0 
 0 
 0 
 0 
 0 
 0 
 1 
 0 
 0 
 0 
 0 
 0 
 0 
 0 
 0 
 0 
 1 
 0 
 0 
 0 
 0 
 1 
 1 
 0 
 0 
 0 
 1 
 0 
 1 
 0 
 0 
 0 
 0 
 0 
 0 
 0 
 0 
 1 
 0 
 0 
 0 
 0 
 0 
 0 
 0 
 0 
 0 
 0 
 0 
 1 
 0 
 0 
 0 
 0 
 0 
 0 
 0 
 1 
 0 
 0 
 0 
 0 
 0 
 0 
 0 
 0 
 0 
 0 
 0 
 0 
 0 
 1 
 0 
 0 
 0 
 0 
 0 
 0 
 0 
 0 
 0 
 0 
 0 
 1 
 0 
 0 
 0 
 0 
 1 
 0 
 0 
 0 
 0 
 0 
 1 
 0 
 1 
 0 
 0 
 0 
 0 
 0 
 0 
 0 
 0 
 0 
 1 
 0 
 0 
 0 
 0 
 0 
 0 
 0 
 0 
 0 
 0 
 0 
 0 
 0 
 0 
 0 
 0 
 0 
 0 
 0 
 0 
 0 
 0 
 0 
 0 
 0 
 0 
 1 
 0 
 0 
 0 
 0 
 0 
 1 
 1 
 0 
 0 
 0 
 0 
 0 
 0 
 0 
 0 
 0 
 0 
 0 
 0 
 0 
 0 
 0 
 0 
 0 
 1 
 0 
 0 
 0 
 0 
 0 
 0 
 0 
 0 
 0 
 1 
 0 
 0 
 0 
 0 
 0 
 0 
 0 
 0 
 0 
 0 
 0 
 0 
 0 
 0 
 0 
 0 
 0 
 0 
 0 
 0 
 0 
 0 
 0 
 1 
 0 
 0 
 0 
 0 
 0 
 0 
 0 
 0 
 1 
 0 
 0 
 0 
 0 
 0 
 0 
 1 
 0 
 0 
 0 
 0 
 0 
 0 
 0 
 0 
 0 
 0 
 0 
 0 
 0 
 0 
 0 
 0 
 0 
 0 
 0 
 0 
 0 
 1 
 0 
 0 
 0 
 0 
 0 
 0 
 0 
 0 
 0 
 0 
 1 
 1 
 0 
 0 
 0 
 0 
 0 
 0 
 0 
 0 
 0 
 0 
 0 
 0 
 0 
 0 
 0 
 0 
 0 
 0 
 0 
 0 
 0 
 0 
 0 
 0 
 0 
 0 
 0 
 0 
 0 
 0 
 0 
 0 
 1 
 0 
 0 
 0 
 0 
 0 
 0 
 0 
 0 
 0 
 0 
 0 
 0 
 0 
 0 
 0 
 0 
 0 
 0 
 0 
 0 
 0 
 0 
 0 
 0 
 0 
 0 
 0 
 0 
 0 
 0 
 0 
 0 
 0 
 0 
 0 
 0 
 0 
 0 
 0 
 0 
 0 
 0 
 0 
 0 
 0 
 0 
 0 
 0 
 0 
 0 
 0 
 0 
 0 
 0 
 0 
 0 
 0 
 0 
 0 
 0 
 0 
 0 
 0 
 0 
 0 
 0 
 0 
 0 
 0 
 0 
 0 
 0 
 0 
 1 
 0 
 0 
 0 
 0 
 0 
 0 
 0 
 0 
 0 
 0 
 0 
 0 
 0 
 0 
 0 
 0 
 0 
 0 
 0 
 0 
 0 
 0 
 0 
 0 
 0 
 0 
 0 
 0 
 0 
 0 
 0 
 0 
 1 
 1 
 0 
 0 
 0 
 0 
 1 
 0 
 0 
 0 
 0 
 0 
 0 
 0 
 0 
 0 
 0 
 0 
 0 
 0 
 0 
 0 
 0 
 0 
 0 
 0 
 0 
 0 
 0 
 0 
 0 
 1 
 1 
 0 
 0 
 2 
 0 
 1 
 0 
 0 
 0 
 0 
 0 
 0 
 0 
 0 
 0 
 1 
 0 
 0 
 0 
 0 
 0 
 0 
 0 
 0 
 0 
 0 
 0 
 0 
 0 
 0 
 0 
 0 
 0 
 0 
 0 
 0 
 0 
 0 
 0 
 0 
 0 
 0 
 1 
 0 
 0 
 0 
 0 
 0 
 0 
 0 
 0 
 0 
 0 
 0 
 0 
 0 
 0 
 0 
 0 
 0 
 0 
 0 
 0 
 0 
 0 
 0 
 0 
 0 
 0 
 0 
 0 
 0 
 0 
 0 
 0 
 0 
 0 
 0 
 0 
 0 
 0 
 0 
 0 
 0 
 0 
 1 
 0 
 0 
 0 
 0 
 0 
 0 
 0 
 0 
 0 
 0 
 0 
 0 
 0 
 0 
 1 
 0 
 0 
 0 
 0 
 0 
 0 
 0 
 0 
 0 
 0 
 0 
 0 
 0 
 0 
 0 
 0 
 0 
 0 
 0 
 0 
 0 
 0 
 0 
 0 
 0 
 0 
 0 
 0 
 0 
 0 
 0 
 0 
 0 
 0 
 0 
 0 
 0 
 0 
 0 
 0 
 0 
 0 
 0 
 0 
 0 
 0 
 0 
 1 
 0 
 0 
 0 
 0 
 0 
 0 
 0 
 0 
 0 
 0 
 0 
 0 
 0 
 0 
 0 
 0 
 0 
 0 
 0 
 0 
 0 
 0 
 0 
 0 
 0 
 0 
 0 
 0 
 0 
 0 
 0 
 0 
 0 
 0 
 0 
 0 
 0 
 0 
 0 
 0 
 0 
 0 
 0 
 0 
 0 
 0 
 0 
 0 
 0 
 0 
 0 
 0 
 0 
 0 
 0 
 0 
 0 
 0 
 0 
 0 
 0 
 0 
 0 
 0 
 0 
 0 
 0 
 0 
 0 
 0 
 0 
 0 
 0 
 0 
 0 
 0 
 0 
 0 
 0 
 0 
 0 
 0 
 0 
 0 
 0 
 0 
 0 
 0 
 0 
 0 
 0 
 0 
 0 
 0 
 0 
 0 
 0 
 0 
 0 
 0 
 0 
 0 
 0 
 0 
 0 
 0 
 0 
 0 
 0 
 0 
 0 
 0 
 0 
 0 
 0 
 0 
 0 
 0 
 0 
 0 
 0 
 0 
 0 
 0 
 0 
 0 
 0 
 0 
 0 
 0 
 0 
 0 
 0 
 0 
 0 
 0 
 0 
 0 
 0 
 0 
 0 
 0 
 0 
 0 
 0 
 0 
 0 
 0 
 0 
 0 
 0 
 0 
 0 
 0 
 0 
 0 
 0 
 0 
 0 
 0 
 0 
 0 
 0 
 0 
 0 
 0 
 0 
 0 
 0 
 0 
 0 
 0 
 0 
 0 
 0 
 0 
 0 
 0 
 0 
 0 
 0 
 0 
 0 
 0 
 0 
 0 
 0 
 1 
 0 
 0 
 0 
 0 
 0 
 0 
 0 
 0 
 0 
 0 
 0 
 0 
 0 
 0 
 0 
 0 
 0 
 0 
 0 
 0 
 0 
 0 
 0 
 0 
 0 
 0 
 0 
 0 
 0 
 0 
 0 
 0 
 0 
 0 
 0 
 0 
 0 
 0 
 0 
 0 
 0 
 0 
 0 
 0 
 0 
 0 
 0 
 0 
 0 
 0 
 0 
 0 
 0 
 0 
 0 
 0 
 0 
 0 
 0 
 0 
 0 
 0 
 0 
 0 
 0 
 0 
 0 
 0 
 0 
 0 
 0 
 0 
 0 
 0 
 0 
 0 
 0 
 0 
 0 
 0 
 0 
 0 
 0 
 0 
 0 
 0 
 0 
 0 
 0 
 0 
 0 
 0 
 0 
 0 
 0 
 0 
 0 
 0 
 0 
 0 
 0 
 0 
 0 
 0 
 0 
 0 
 0 
 0 
 0 
 0 
 0 
 0 
 0 
 0 
 0 
 0 
 0 
 0 
 0 
 0 
 0 
 0 
 0 
 0 
 0 
 0 
 0 
 0 
 0 
 0 
 0 
 0 
 0 
 0 
 0 
 0 
 0 
 0 
 0 
 0 
 0 
 0 
 0 
 0 
 0 
 0 
 0 
 0 
 0 
 0 
 0 
 0 
 0 
 0 
 0 
 0 
 0 
 0 
 0 
 0 
 0 
 0 
 0 
 0 
 0 
 0 
 0 
 0 
 0 
 0 
 0 
 0 
 0 
 0 
 0 
 0 
 0 
 0 
 0 
 0 
 0 
 0 
 0 
 0 
 0 
 0 
 0 
 0 
 0 
 0 
 0 
 0 
 0 
 0 
 0 
 0 
 0 
 0 
 0 
 0 
 0 
 0 
 0 
 0 
 0 
 0 
 0 
 0 
 0 
 0 
 0 
 0 
 0 
 0 
 0 
 0 
 0 
 0 
 0 
 0 
 0 
 0 
 0 
 0 
 0 
 0 
 0 
 0 
 0 
 0 
 0 
 0 
 0 
 0 
 0 
 0 
 0 
 0 
 0 
 0 
 0 
 0 
 0 
 0 
 0 
 0 
 0 
 0 
 0 
 0 
 0 
 0 
 0 
 0 
 0 
 0 
 0 
 0 
 0 
 0 
 0 
 0 
 0 
 0 
 0 
 0 
 0 
 0 
 0 
 0 
 0 
 0 
 0 
 0 
 0 
 0 
 0 
 0 
 0 
 0 
 0 
 0 
 0 
 0 
 0 
 0 
 0 
 0 
 1 
 0 
 0 
 0 
 0 
 0 
 0 
 0 
 0 
 0 
 0 
 0 
 0 
 0 
 0 
 0 
 0 
 0 
 0 
 0 
 0 
 0 
 0 
 0 
 0 
 0 
 0 
 0 
 0 
 0 
 0 
 0 
 0 
 0 
 0 
 0 
 0 
 0 
 0 
 0 
 0 
 0 
 0 
 0 
 0 
 0 
 0 
 0 
 0 
 0 
 0 
 0 
 0 
 0 
 0 
 0 
 0 
 0 
 0 
 0 
 0 
 0 
 0 
 0 
 0 
 0 
 0 
 0 
 0 
 0 
 0 
 0 
 0 
 0 
 0 
 0 
 0 
 0 
 0 
 0 
 0 
 0 
 0 
 0 
 0 
 0 
 0 
 0 
 0 
 0 
 0 
 0 
 0 
 0 
 0 
 0 
 0 
 0 
 0 
 0 
 0 
 0 
 0 
 0 
 0 
 0 
 0 
 1 
 0 
 0 
 0 
 0 
 0 
 0 
 0 
 0 
 0 
 0 
 0 
 0 
 0 
 0 
 0 
 0 
 0 
 0 
 0 
 0 
 0 
 0 
 0 
 0 
 0 
 0 
 0 
 0 
 0 
 0 
 0 
 0 
 0 
 0 
 0 
 0 
 0 
 0 
 0 
 0 
 0 
 0 
 0 
 0 
 0 
 0 
 0 
 0 
 0 
 0 
 0 
 0 
 0 
 0 
 0 
 0 
 0 
 0 
 0 
 0 
 0 
 0 
 0 
 0 
 0 
 0 
 0 
 0 
 0 
 0 
 0 
 0 
 0 
 0 
 0 
 0 
 0 
 0 
 0 
 0 
 0 
 0 
 0 
 0 
 0 
 0 
 0 
 0 
 0 
 0 
 0 
 0 
 0 
 0 
 0 
 0 
 0 
 0 
 0 
 0 
 0 
 0 
 0 
 0 
 0 
 0 
 0 
 0 
 0 
 0 
 0 
 0 
 0 
 0 
 0 
 0 
 0 
 0 
 0 
 0 
 0 
 0 
 0 
 0 
 0 
 0 
 0 
 0 
 0 
 0 
 0 
 0 
 0 
 0 
 0 
 0 
 0 
 0 
 0 
 0 
 0 
 0 
 0 
 0 
 0 
 0 
 0 
 0 
 0 
 0 
 0 
 0 
 0 
 0 
 0 
 0 
 0 
 0 
 0 
 0 
 0 
 0 
 0 
 0 
 0 
 0 
 0 
 0 
 0 
 0 
 0 
 0 
 0 
 0 
 0 
 0 
 0 
 0 
 0 
 0 
 0 
 0 
 0 
 0 
 0 
 0 
 0 
 0 
 0 
 0 
 0 
 0 
 0 
 0 
 0 
 0 
 0 
 0 
 0 
 0 
 0 
 0 
 0 
 0 
 0 
 0 
 0 
 0 
 0 
 0 
 0 
 0 
 0 
 0 
 0 
 0 
 0 
 0 
 0 
 0 
 0 
 0 
 0 
 0 
 0 
 0 
 0 
 0 
 0 
 0 
 0 
 0 
 0 
 0 
 0 
 0 
 0 
 0 
 0 
 0 
 0 
 0 
 0 
 0 
 0 
 0 
 0 
 0 
 0 
 0 
 0 
 0 
 0 
 0 
 0 
 0 
 0 
 0 
 0 
 0 
 0 
 0 
 0 
 0 
 0 
 0 
 0 
 0 
 0 
 0 
 0 
 0 
 0 
 0 
 0 
 0 
 0 
 0 
 0 
 0 
 0 
 0 
 0 
 0 
 0 
 0 
 0 
 0 
 0 
 0 
 0 
 0 
 0 
 0 
 0 
 0 
 0 
 0 
 0 
 0 
 0 
 0 
 0 
 0 
 0 
 0 
 0 
 0 
 0 
 0 
 0 
 0 
 0 
 0 
 0 
 0 
 0 
 0 
 0 
 0 
 0 
 0 
 0 
 0 
 0 
 0 
 0 
 0 
 0 
 0 
 0 
 0 
 0 
 0 
 0 
 0 
 0 
 0 
 0 
 0 
 0 
 0 
 0 
 0 
 0 
 0 
 0 
 0 
 0 
 0 
 0 
 0 
 0 
 0 
 0 
 0 
 0 
 0 
 0 
 0 
 0 
 0 
 0 
 0 
 0 
 0 
 0 
 0 
 0 
 0 
 0 
 0 
 0 
 0 
 0 
 0 
 0 
 0 
 0 
 0 
 0 
 0 
 0 
 0 
 0 
 0 
 0 
 0 
 0 
 0 
 0 
 0 
 0 
 0 
 0 
 0 
 0 
 0 
 0 
 0 
 0 
 0 
 0 
 0 
 0 
 0 
 0 
 0 
 0 
 0 
 0 
 0 
 0 
 0 
 0 
 0 
 0 
 0 
 0 
 0 
 0 
 0 
 0 
 0 
 0 
 0 
 0 
 0 
 0 
 0 
 0 
 0 
 0 
 0 
 0 
 0 
 0 
 0 
 0 
 0 
 0 
 0 
 0 
 0 
 0 
 0 
 0 
 0 
 0 
 0 
 0 
 0 
