 0 
 0 
 0 
 1 
 0 
 1 
 0 
 0 
 0 
 0 
 0 
 0 
 0 
 0 
 0 
 1 
 0 
 0 
 0 
 1 
 1 
 2 
 2 
 4 
 6 
 6 
 15 
 25 
 31 
 42 
 57 
 60 
 108 
 105 
 133 
 146 
 162 
 202 
 238 
 211 
 275 
 291 
 304 
 306 
 316 
 342 
 355 
 324 
 342 
 368 
 370 
 335 
 363 
 350 
 346 
 385 
 334 
 377 
 397 
 365 
 393 
 368 
 364 
 399 
 392 
 392 
 391 
 388 
 372 
 379 
 379 
 353 
 373 
 384 
 418 
 372 
 396 
 378 
 358 
 407 
 389 
 389 
 372 
 407 
 448 
 457 
 475 
 489 
 559 
 560 
 589 
 616 
 594 
 671 
 663 
 732 
 715 
 771 
 700 
 832 
 720 
 718 
 711 
 721 
 655 
 690 
 598 
 594 
 599 
 537 
 585 
 533 
 510 
 472 
 463 
 442 
 490 
 443 
 410 
 405 
 395 
 390 
 382 
 376 
 391 
 344 
 365 
 370 
 369 
 306 
 339 
 346 
 350 
 365 
 362 
 364 
 338 
 342 
 372 
 297 
 360 
 325 
 326 
 326 
 356 
 353 
 343 
 317 
 317 
 334 
 368 
 336 
 352 
 330 
 357 
 352 
 341 
 371 
 325 
 363 
 339 
 352 
 375 
 328 
 342 
 390 
 354 
 331 
 374 
 378 
 352 
 333 
 350 
 323 
 356 
 358 
 352 
 340 
 357 
 374 
 374 
 354 
 337 
 321 
 356 
 356 
 350 
 353 
 359 
 381 
 330 
 389 
 379 
 382 
 342 
 362 
 397 
 369 
 381 
 354 
 384 
 406 
 350 
 406 
 431 
 373 
 397 
 447 
 436 
 413 
 435 
 396 
 407 
 408 
 424 
 416 
 405 
 425 
 377 
 423 
 419 
 439 
 461 
 404 
 383 
 402 
 413 
 369 
 357 
 397 
 415 
 385 
 391 
 377 
 367 
 373 
 378 
 391 
 358 
 363 
 386 
 398 
 376 
 365 
 369 
 363 
 375 
 381 
 386 
 360 
 380 
 334 
 410 
 408 
 370 
 342 
 412 
 394 
 398 
 380 
 386 
 361 
 391 
 386 
 370 
 372 
 386 
 395 
 361 
 357 
 386 
 405 
 384 
 415 
 389 
 364 
 347 
 397 
 360 
 361 
 348 
 361 
 384 
 349 
 362 
 373 
 397 
 340 
 350 
 355 
 356 
 366 
 355 
 352 
 378 
 349 
 383 
 375 
 403 
 377 
 392 
 374 
 359 
 371 
 339 
 372 
 352 
 347 
 338 
 372 
 329 
 334 
 352 
 363 
 368 
 389 
 307 
 387 
 352 
 361 
 341 
 320 
 371 
 375 
 325 
 333 
 334 
 329 
 323 
 337 
 311 
 331 
 346 
 370 
 369 
 322 
 348 
 337 
 375 
 361 
 361 
 365 
 354 
 363 
 366 
 326 
 367 
 410 
 374 
 358 
 347 
 352 
 363 
 357 
 357 
 354 
 355 
 365 
 383 
 341 
 335 
 354 
 363 
 368 
 355 
 394 
 320 
 346 
 354 
 394 
 374 
 363 
 363 
 380 
 351 
 348 
 343 
 365 
 316 
 343 
 357 
 357 
 331 
 347 
 345 
 334 
 292 
 318 
 330 
 319 
 338 
 336 
 277 
 288 
 330 
 332 
 318 
 282 
 257 
 282 
 301 
 293 
 284 
 275 
 274 
 266 
 284 
 265 
 249 
 294 
 234 
 267 
 256 
 239 
 251 
 242 
 265 
 289 
 272 
 290 
 245 
 266 
 270 
 252 
 252 
 226 
 242 
 269 
 232 
 259 
 234 
 251 
 242 
 263 
 250 
 268 
 254 
 238 
 265 
 263 
 235 
 231 
 276 
 256 
 244 
 242 
 265 
 269 
 239 
 252 
 264 
 234 
 255 
 237 
 282 
 242 
 260 
 241 
 262 
 245 
 246 
 249 
 265 
 255 
 248 
 241 
 271 
 244 
 247 
 257 
 266 
 266 
 230 
 237 
 269 
 262 
 236 
 236 
 246 
 238 
 234 
 248 
 233 
 222 
 250 
 240 
 271 
 223 
 258 
 246 
 270 
 241 
 246 
 241 
 253 
 267 
 241 
 238 
 267 
 262 
 233 
 258 
 251 
 261 
 229 
 245 
 248 
 265 
 238 
 240 
 255 
 231 
 233 
 228 
 251 
 253 
 216 
 242 
 260 
 226 
 253 
 257 
 249 
 250 
 233 
 235 
 272 
 250 
 231 
 255 
 263 
 253 
 278 
 256 
 253 
 246 
 254 
 277 
 262 
 253 
 247 
 244 
 273 
 296 
 297 
 309 
 287 
 297 
 360 
 301 
 340 
 362 
 346 
 369 
 408 
 376 
 416 
 479 
 462 
 468 
 507 
 550 
 532 
 587 
 613 
 636 
 657 
 673 
 707 
 745 
 806 
 828 
 938 
 977 
 916 
 948 
 999 
 1110 
 1097 
 1164 
 1176 
 1233 
 1292 
 1319 
 1355 
 1460 
 1381 
 1454 
 1461 
 1496 
 1504 
 1514 
 1567 
 1567 
 1586 
 1539 
 1552 
 1529 
 1563 
 1551 
 1564 
 1480 
 1468 
 1521 
 1408 
 1353 
 1438 
 1299 
 1354 
 1313 
 1178 
 1222 
 1108 
 1100 
 1129 
 957 
 918 
 938 
 843 
 854 
 739 
 744 
 730 
 646 
 632 
 620 
 572 
 557 
 477 
 480 
 416 
 387 
 381 
 354 
 360 
 304 
 295 
 321 
 259 
 229 
 235 
 203 
 197 
 183 
 190 
 175 
 160 
 163 
 165 
 149 
 148 
 160 
 128 
 115 
 123 
 110 
 135 
 136 
 120 
 121 
 132 
 113 
 123 
 131 
 104 
 109 
 125 
 113 
 100 
 102 
 96 
 112 
 102 
 92 
 117 
 100 
 103 
 125 
 109 
 91 
 97 
 103 
 129 
 103 
 122 
 127 
 115 
 94 
 115 
 90 
 118 
 106 
 89 
 106 
 111 
 95 
 115 
 107 
 106 
 100 
 100 
 105 
 100 
 94 
 92 
 93 
 106 
 95 
 101 
 116 
 105 
 108 
 113 
 108 
 118 
 114 
 99 
 108 
 105 
 101 
 98 
 106 
 111 
 101 
 82 
 100 
 96 
 95 
 87 
 120 
 107 
 81 
 119 
 120 
 121 
 105 
 108 
 82 
 106 
 102 
 109 
 106 
 108 
 97 
 95 
 97 
 104 
 106 
 98 
 93 
 109 
 106 
 108 
 102 
 115 
 93 
 97 
 116 
 107 
 115 
 118 
 102 
 102 
 95 
 100 
 105 
 97 
 99 
 122 
 101 
 98 
 116 
 105 
 106 
 98 
 92 
 113 
 99 
 96 
 95 
 99 
 124 
 98 
 112 
 101 
 90 
 106 
 96 
 92 
 95 
 99 
 103 
 107 
 123 
 103 
 103 
 117 
 93 
 103 
 116 
 89 
 108 
 105 
 106 
 100 
 100 
 94 
 105 
 108 
 99 
 103 
 97 
 107 
 103 
 100 
 95 
 114 
 106 
 86 
 121 
 108 
 98 
 105 
 105 
 99 
 103 
 85 
 97 
 113 
 103 
 94 
 97 
 100 
 90 
 105 
 109 
 99 
 104 
 95 
 111 
 91 
 105 
 113 
 105 
 91 
 97 
 95 
 105 
 106 
 93 
 97 
 105 
 113 
 103 
 118 
 112 
 100 
 110 
 124 
 111 
 107 
 93 
 118 
 110 
 106 
 110 
 113 
 93 
 83 
 88 
 105 
 94 
 90 
 101 
 104 
 94 
 103 
 107 
 107 
 111 
 88 
 101 
 104 
 94 
 93 
 120 
 116 
 102 
 98 
 94 
 88 
 109 
 97 
 109 
 113 
 103 
 76 
 109 
 118 
 115 
 93 
 96 
 124 
 91 
 123 
 91 
 93 
 86 
 89 
 82 
 107 
 93 
 108 
 91 
 90 
 106 
 107 
 102 
 102 
 113 
 88 
 107 
 110 
 105 
 104 
 97 
 97 
 110 
 111 
 103 
 109 
 94 
 91 
 103 
 104 
 85 
 118 
 80 
 97 
 87 
 82 
 107 
 106 
 91 
 109 
 101 
 92 
 91 
 90 
 87 
 105 
 96 
 91 
 112 
 95 
 117 
 128 
 101 
 105 
 95 
 98 
 95 
 92 
 112 
 100 
 89 
 107 
 112 
 113 
 110 
 109 
 110 
 98 
 93 
 104 
 103 
 111 
 105 
 118 
 104 
 83 
 109 
 103 
 80 
 102 
 102 
 85 
 106 
 107 
 101 
 107 
 113 
 106 
 112 
 109 
 102 
 112 
 111 
 105 
 110 
 99 
 116 
 84 
 114 
 99 
 98 
 99 
 107 
 101 
 96 
 94 
 91 
 104 
 110 
 114 
 103 
 103 
 97 
 103 
 111 
 86 
 87 
 98 
 110 
 117 
 80 
 103 
 113 
 85 
 88 
 105 
 93 
 101 
 113 
 115 
 104 
 97 
 107 
 103 
 88 
 89 
 105 
 98 
 116 
 109 
 93 
 112 
 89 
 104 
 129 
 98 
 111 
 102 
 102 
 113 
 110 
 112 
 99 
 104 
 110 
 115 
 113 
 123 
 109 
 126 
 108 
 108 
 112 
 116 
 100 
 110 
 115 
 82 
 112 
 130 
 116 
 96 
 102 
 94 
 115 
 99 
 99 
 134 
 109 
 111 
 108 
 123 
 107 
 116 
 109 
 100 
 119 
 122 
 109 
 114 
 101 
 113 
 108 
 103 
 96 
 111 
 103 
 116 
 115 
 108 
 129 
 119 
 104 
 116 
 125 
 107 
 133 
 115 
 112 
 103 
 126 
 118 
 121 
 125 
 130 
 122 
 117 
 121 
 106 
 121 
 128 
 114 
 122 
 124 
 116 
 116 
 146 
 123 
 108 
 106 
 126 
 109 
 110 
 128 
 101 
 140 
 117 
 132 
 122 
 105 
 101 
 119 
 107 
 118 
 114 
 125 
 92 
 114 
 95 
 117 
 103 
 114 
 89 
 94 
 101 
 95 
 87 
 103 
 113 
 92 
 115 
 114 
 108 
 106 
 118 
 89 
 99 
 77 
 88 
 90 
 83 
 93 
 79 
 83 
 84 
 93 
 97 
 73 
 80 
 76 
 88 
 79 
 90 
 57 
 73 
 66 
 74 
 84 
 59 
 92 
 81 
 67 
 73 
 80 
 71 
 64 
 81 
 68 
 69 
 64 
 51 
 65 
 64 
 51 
 56 
 64 
 55 
 54 
 57 
 42 
 51 
 49 
 40 
 54 
 53 
 66 
 48 
 52 
 46 
 57 
 52 
 57 
 58 
 41 
 45 
 55 
 41 
 41 
 47 
 58 
 49 
 52 
 45 
 37 
 45 
 34 
 37 
 36 
 53 
 35 
 38 
 52 
 50 
 52 
 46 
 35 
 26 
 32 
 41 
 35 
 29 
 30 
 37 
 43 
 34 
 27 
 35 
 37 
 22 
 45 
 35 
 31 
 31 
 32 
 32 
 37 
 41 
 31 
 36 
 30 
 38 
 20 
 20 
 34 
 26 
 23 
 31 
 30 
 26 
 24 
 26 
 17 
 29 
 29 
 23 
 23 
 21 
 31 
 12 
 23 
 26 
 18 
 27 
 23 
 24 
 17 
 28 
 24 
 37 
 22 
 37 
 22 
 26 
 21 
 20 
 21 
 20 
 18 
 22 
 24 
 22 
 21 
 14 
 25 
 24 
 18 
 24 
 18 
 11 
 28 
 28 
 26 
 22 
 25 
 26 
 20 
 20 
 14 
 20 
 24 
 23 
 24 
 36 
 25 
 16 
 11 
 18 
 28 
 15 
 17 
 22 
 14 
 18 
 19 
 19 
 22 
 27 
 16 
 22 
 20 
 20 
 19 
 33 
 25 
 20 
 26 
 34 
 16 
 32 
 23 
 33 
 27 
 43 
 32 
 31 
 42 
 43 
 49 
 35 
 45 
 39 
 63 
 55 
 32 
 54 
 59 
 62 
 86 
 57 
 67 
 77 
 73 
 80 
 90 
 90 
 95 
 93 
 100 
 118 
 104 
 110 
 119 
 128 
 116 
 137 
 136 
 157 
 163 
 143 
 136 
 147 
 174 
 183 
 204 
 201 
 197 
 216 
 224 
 231 
 231 
 238 
 261 
 232 
 245 
 275 
 296 
 258 
 269 
 292 
 291 
 330 
 320 
 337 
 302 
 349 
 327 
 332 
 365 
 352 
 351 
 361 
 351 
 385 
 347 
 312 
 374 
 412 
 397 
 360 
 325 
 347 
 383 
 309 
 365 
 343 
 396 
 354 
 367 
 368 
 370 
 328 
 359 
 339 
 372 
 350 
 343 
 316 
 322 
 321 
 262 
 307 
 287 
 296 
 296 
 304 
 271 
 290 
 290 
 271 
 245 
 238 
 211 
 239 
 239 
 210 
 190 
 216 
 206 
 171 
 184 
 184 
 194 
 177 
 162 
 161 
 177 
 139 
 149 
 148 
 140 
 141 
 146 
 114 
 112 
 106 
 94 
 95 
 91 
 89 
 89 
 71 
 94 
 78 
 74 
 80 
 66 
 64 
 54 
 57 
 55 
 38 
 51 
 41 
 43 
 45 
 40 
 38 
 39 
 39 
 26 
 30 
 26 
 33 
 29 
 28 
 24 
 24 
 12 
 26 
 23 
 19 
 16 
 12 
 23 
 12 
 12 
 12 
 14 
 14 
 15 
 16 
 12 
 10 
 8 
 6 
 10 
 14 
 12 
 6 
 7 
 15 
 10 
 10 
 8 
 5 
 7 
 6 
 13 
 5 
 12 
 7 
 12 
 10 
 11 
 5 
 4 
 6 
 8 
 8 
 7 
 13 
 4 
 7 
 5 
 6 
 5 
 8 
 2 
 6 
 6 
 4 
 4 
 7 
 7 
 5 
 4 
 6 
 2 
 5 
 11 
 4 
 7 
 6 
 5 
 3 
 4 
 5 
 8 
 10 
 6 
 6 
 3 
 6 
 5 
 8 
 6 
 7 
 5 
 6 
 6 
 4 
 1 
 4 
 5 
 3 
 6 
 5 
 2 
 6 
 5 
 9 
 3 
 6 
 3 
 5 
 6 
 6 
 4 
 5 
 4 
 7 
 8 
 8 
 7 
 7 
 8 
 4 
 6 
 9 
 4 
 7 
 5 
 6 
 3 
 4 
 9 
 4 
 5 
 9 
 7 
 3 
 5 
 5 
 1 
 2 
 8 
 4 
 7 
 3 
 4 
 4 
 3 
 5 
 2 
 2 
 9 
 7 
 7 
 2 
 5 
 5 
 6 
 6 
 6 
 3 
 6 
 8 
 9 
 9 
 3 
 7 
 4 
 4 
 4 
 4 
 5 
 3 
 6 
 5 
 5 
 2 
 4 
 3 
 7 
 11 
 4 
 4 
 4 
 7 
 6 
 6 
 4 
 3 
 6 
 4 
 7 
 4 
 11 
 3 
 6 
 1 
 3 
 3 
 4 
 2 
 4 
 10 
 5 
 3 
 9 
 8 
 6 
 3 
 5 
 4 
 5 
 4 
 3 
 1 
 5 
 6 
 0 
 3 
 3 
 7 
 5 
 6 
 3 
 6 
 9 
 1 
 3 
 3 
 4 
 3 
 5 
 5 
 1 
 6 
 3 
 1 
 4 
 3 
 1 
 1 
 7 
 2 
 6 
 4 
 2 
 10 
 3 
 1 
 6 
 6 
 2 
 3 
 7 
 7 
 1 
 6 
 2 
 4 
 2 
 1 
 3 
 7 
 5 
 8 
 3 
 4 
 4 
 5 
 2 
 4 
 3 
 2 
 3 
 1 
 0 
 2 
 4 
 1 
 2 
 4 
 4 
 4 
 1 
 2 
 3 
 3 
 3 
 5 
 3 
 4 
 0 
 5 
 2 
 1 
 8 
 1 
 3 
 0 
 2 
 3 
 2 
 5 
 3 
 2 
 4 
 2 
 3 
 2 
 1 
 1 
 2 
 5 
 4 
 2 
 4 
 1 
 4 
 4 
 2 
 4 
 0 
 5 
 3 
 0 
 1 
 2 
 5 
 2 
 3 
 2 
 4 
 1 
 2 
 1 
 2 
 2 
 1 
 3 
 2 
 2 
 1 
 1 
 3 
 2 
 1 
 2 
 1 
 0 
 2 
 2 
 0 
 1 
 2 
 2 
 4 
 3 
 2 
 0 
 4 
 3 
 2 
 2 
 2 
 5 
 2 
 4 
 2 
 0 
 5 
 1 
 0 
 2 
 1 
 2 
 4 
 0 
 3 
 1 
 1 
 1 
 5 
 3 
 2 
 0 
 2 
 3 
 3 
 0 
 2 
 1 
 8 
 3 
 2 
 4 
 2 
 4 
 0 
 2 
 1 
 2 
 2 
 0 
 3 
 0 
 1 
 0 
 0 
 4 
 1 
 2 
 2 
 2 
 1 
 1 
 1 
 1 
 2 
 1 
 1 
 2 
 0 
 2 
 1 
 2 
 1 
 4 
 1 
 1 
 2 
 3 
 1 
 3 
 0 
 0 
 1 
 3 
 0 
 4 
 1 
 1 
 1 
 0 
 0 
 3 
 2 
 3 
 1 
 1 
 1 
 1 
 5 
 4 
 3 
 2 
 0 
 3 
 6 
 1 
 4 
 4 
 2 
 4 
 4 
 0 
 0 
 3 
 6 
 2 
 12 
 3 
 1 
 2 
 3 
 1 
 4 
 3 
 5 
 4 
 3 
 2 
 4 
 5 
 6 
 8 
 6 
 1 
 5 
 4 
 9 
 12 
 2 
 9 
 5 
 6 
 7 
 6 
 5 
 12 
 10 
 8 
 8 
 5 
 5 
 8 
 7 
 2 
 7 
 9 
 5 
 6 
 4 
 1 
 6 
 5 
 5 
 6 
 4 
 2 
 6 
 4 
 7 
 8 
 8 
 6 
 6 
 5 
 5 
 3 
 3 
 8 
 2 
 6 
 8 
 8 
 6 
 6 
 10 
 8 
 3 
 4 
 7 
 7 
 8 
 7 
 7 
 6 
 10 
 5 
 4 
 3 
 4 
 5 
 5 
 4 
 8 
 3 
 6 
 5 
 6 
 6 
 4 
 1 
 4 
 5 
 4 
 4 
 1 
 3 
 3 
 2 
 4 
 4 
 3 
 2 
 3 
 6 
 0 
 2 
 2 
 0 
 1 
 1 
 1 
 1 
 0 
 2 
 2 
 3 
 1 
 0 
 0 
 1 
 0 
 0 
 0 
 1 
 0 
 0 
 2 
 1 
 1 
 1 
 2 
 1 
 0 
 1 
 0 
 0 
 0 
 0 
 0 
 0 
 0 
 1 
 2 
 0 
 0 
 1 
 0 
 0 
 0 
 0 
 0 
 0 
 0 
 0 
 0 
 0 
 0 
 0 
 0 
 2 
 0 
 0 
 0 
 0 
 0 
 0 
 1 
 0 
 0 
 0 
 0 
 1 
 0 
 0 
 0 
 0 
 0 
 0 
 1 
 0 
 0 
 1 
 0 
 0 
 0 
 1 
 0 
 0 
 0 
 0 
 0 
 0 
 0 
 1 
 0 
 1 
 1 
 0 
 0 
 0 
 0 
 0 
 0 
 0 
 0 
 1 
 0 
 0 
 0 
 0 
 0 
 0 
 0 
 0 
 0 
 0 
 0 
 0 
 0 
 0 
 0 
 0 
 0 
 0 
 0 
 1 
 0 
 0 
 0 
 0 
 0 
 0 
 0 
 0 
 0 
 1 
 0 
 0 
 0 
 0 
 0 
 0 
 0 
 1 
 1 
 0 
 1 
 0 
 0 
 0 
 0 
 0 
 0 
 0 
 0 
 0 
 0 
 0 
 0 
 0 
 1 
 0 
 0 
 1 
 0 
 0 
 0 
 0 
 1 
 0 
 0 
 0 
 1 
 0 
 0 
 1 
 0 
 0 
 0 
 0 
 0 
 0 
 0 
 0 
 0 
 0 
 0 
 0 
 0 
 1 
 0 
 0 
 0 
 0 
 1 
 1 
 1 
 0 
 0 
 0 
 0 
 0 
 0 
 0 
 0 
 0 
 0 
 0 
 0 
 0 
 0 
 0 
 0 
 0 
 1 
 0 
 0 
 0 
 0 
 0 
 0 
 0 
 0 
 0 
 0 
 0 
 0 
 0 
 0 
 0 
 0 
 0 
 0 
 0 
 0 
 0 
 0 
 0 
 0 
 0 
 0 
 0 
 0 
 0 
 0 
 1 
 0 
 0 
 0 
 0 
 0 
 0 
 0 
 0 
 0 
 0 
 0 
 0 
 1 
 0 
 0 
 1 
 0 
 0 
 0 
 0 
 0 
 0 
 0 
 0 
 0 
 0 
 0 
 0 
 0 
 0 
 0 
 0 
 0 
 0 
 0 
 0 
 0 
 0 
 0 
 0 
 0 
 0 
 0 
 0 
 0 
 0 
 0 
 0 
 0 
 0 
 0 
 0 
 0 
 0 
 0 
 0 
 0 
 0 
 0 
 0 
 0 
 0 
 1 
 0 
 0 
 0 
 0 
 0 
 0 
 0 
 0 
 0 
 0 
 1 
 0 
 0 
 0 
 0 
 0 
 0 
 1 
 0 
 0 
 0 
 0 
 0 
 0 
 0 
 0 
 0 
 1 
 1 
 0 
 0 
 0 
 1 
 0 
 0 
 0 
 0 
 0 
 0 
 0 
 0 
 0 
 0 
 0 
 0 
 0 
 0 
 0 
 0 
 0 
 0 
 0 
 0 
 0 
 0 
 0 
 0 
 0 
 0 
 0 
 1 
 0 
 0 
 0 
 0 
 0 
 0 
 0 
 0 
 0 
 0 
 0 
 0 
 0 
 0 
 1 
 1 
 0 
 0 
 0 
 0 
 0 
 0 
 0 
 0 
 0 
 0 
 0 
 1 
 0 
 0 
 0 
 0 
 0 
 0 
 0 
 0 
 0 
 0 
 0 
 0 
 0 
 0 
 0 
 0 
 0 
 0 
 0 
 1 
 1 
 0 
 0 
 0 
 0 
 0 
 0 
 1 
 0 
 0 
 0 
 0 
 0 
 0 
 0 
 0 
 0 
 0 
 0 
 0 
 0 
 1 
 0 
 0 
 0 
 0 
 0 
 0 
 1 
 0 
 0 
 1 
 0 
 0 
 0 
 2 
 0 
 0 
 0 
 0 
 0 
 0 
 0 
 0 
 0 
 0 
 0 
 0 
 0 
 0 
 0 
 1 
 0 
 0 
 0 
 0 
 0 
 0 
 0 
 0 
 0 
 0 
 0 
 0 
 0 
 0 
 0 
 0 
 0 
 0 
 0 
 0 
 0 
 0 
 0 
 0 
 0 
 0 
 0 
 0 
 0 
 0 
 1 
 0 
 2 
 0 
 0 
 0 
 0 
 0 
 0 
 0 
 0 
 0 
 0 
 0 
 0 
 0 
 0 
 0 
 0 
 0 
 0 
 0 
 0 
 0 
 0 
 1 
 0 
 0 
 0 
 0 
 0 
 0 
 0 
 0 
 0 
 0 
 1 
 0 
 0 
 0 
 0 
 0 
 0 
 0 
 1 
 0 
 0 
 0 
 0 
 0 
 0 
 0 
 0 
 0 
 0 
 0 
 0 
 0 
 0 
 0 
 0 
 0 
 0 
 0 
 1 
 0 
 0 
 0 
 0 
 0 
 0 
 0 
 0 
 0 
 0 
 1 
 0 
 0 
 0 
 0 
 0 
 0 
 0 
 0 
 0 
 0 
 0 
 0 
 0 
 0 
 0 
 0 
 0 
 0 
 0 
 0 
 0 
 0 
 0 
 0 
 0 
 0 
 0 
 0 
 0 
 0 
 0 
 0 
 0 
 0 
 0 
 0 
 0 
 0 
 0 
 0 
 0 
 0 
 0 
 0 
 0 
 0 
 0 
 0 
 0 
 0 
 0 
 0 
 0 
 0 
 0 
 0 
 0 
 0 
 1 
 0 
 0 
 0 
 0 
 1 
 0 
 0 
 0 
 1 
 0 
 0 
 0 
 0 
 0 
 0 
 0 
 0 
 0 
 0 
 0 
 0 
 0 
 0 
 0 
 0 
 0 
 0 
 0 
 0 
 0 
 0 
 0 
 0 
 0 
 0 
 0 
 0 
 0 
 0 
 0 
 0 
 0 
 0 
 0 
 0 
 0 
 0 
 0 
 0 
 0 
 0 
 0 
 0 
 1 
 0 
 0 
 0 
 0 
 0 
 0 
 0 
 0 
 0 
 0 
 0 
 0 
 0 
 0 
 0 
 0 
 0 
 0 
 0 
 0 
 0 
 1 
 0 
 0 
 0 
 0 
 0 
 0 
 0 
 0 
 0 
 0 
 0 
 0 
 0 
 0 
 0 
 0 
 0 
 0 
 0 
 0 
 0 
 0 
 0 
 0 
 0 
 0 
 0 
 0 
 0 
 0 
 0 
 0 
 0 
 0 
 0 
 0 
 0 
 0 
 0 
 0 
 0 
 0 
 0 
 1 
 0 
 0 
 0 
 0 
 0 
 0 
 0 
 0 
 0 
 0 
 0 
 0 
 0 
 0 
 0 
 0 
 0 
 0 
 0 
 0 
 0 
 0 
 0 
 0 
 0 
 0 
 0 
 0 
 0 
 0 
 0 
 0 
 0 
 0 
 0 
 0 
 0 
 0 
 0 
 0 
 0 
 0 
 0 
 0 
 0 
 0 
 0 
 0 
 0 
 0 
 0 
 0 
 0 
 0 
 0 
 0 
 1 
 0 
 0 
 0 
 0 
 0 
 0 
 0 
 0 
 0 
 0 
 0 
 0 
 0 
 0 
 0 
 1 
 0 
 0 
 0 
 0 
 0 
 0 
 0 
 0 
 0 
 1 
 0 
 0 
 0 
 0 
 0 
 1 
 0 
 0 
 0 
 0 
 1 
 0 
 0 
 0 
 0 
 0 
 0 
 0 
 1 
 0 
 0 
 1 
 0 
 0 
 0 
 0 
 0 
 0 
 0 
 0 
 0 
 0 
 0 
 0 
 0 
 0 
 0 
 1 
 0 
 0 
 0 
 0 
 0 
 0 
 0 
 0 
 0 
 0 
 0 
 0 
 0 
 0 
 0 
 0 
 0 
 0 
 0 
 0 
 0 
 0 
 0 
 0 
 0 
 0 
 0 
 0 
 0 
 0 
 0 
 0 
 0 
 0 
 0 
 0 
 0 
 0 
 0 
 0 
 0 
 0 
 0 
 0 
 0 
 0 
 0 
 0 
 0 
 0 
 0 
 0 
 0 
 0 
 0 
 0 
 0 
 0 
 0 
 0 
 0 
 0 
 0 
 0 
 0 
 0 
 0 
 0 
 0 
 0 
 0 
 0 
 0 
 0 
 0 
 0 
 0 
 0 
 0 
 0 
 0 
 0 
 0 
 0 
 0 
 0 
 0 
 0 
 0 
 0 
 0 
 0 
 0 
 0 
 0 
 0 
 0 
 0 
 0 
 0 
 0 
 0 
 0 
 0 
 0 
 0 
 0 
 0 
 0 
 0 
 0 
 0 
 0 
 0 
 0 
 0 
 0 
 0 
 0 
 0 
 0 
 0 
 0 
 0 
 0 
 0 
 0 
 0 
 0 
 0 
 0 
 0 
 0 
 0 
 0 
 0 
 0 
 0 
 0 
 0 
 0 
 0 
 0 
 0 
 0 
 0 
 0 
 0 
 0 
 0 
 0 
 0 
 0 
 0 
 0 
 0 
 0 
 0 
 0 
 0 
 0 
 0 
 0 
 0 
 0 
 0 
 0 
 0 
 0 
 0 
 0 
 0 
 0 
 0 
 0 
 0 
 0 
 0 
 1 
 0 
 0 
 0 
 0 
 0 
 0 
 0 
 0 
 0 
 0 
 0 
 0 
 0 
 0 
 0 
 0 
 0 
 0 
 0 
 0 
 0 
 0 
 0 
 0 
 0 
 0 
 0 
 0 
 0 
 0 
 1 
 1 
 0 
 0 
 0 
 0 
 0 
 0 
 0 
 0 
 0 
 0 
 1 
 0 
 0 
 0 
 0 
 0 
 0 
 0 
 0 
 0 
 0 
 0 
 0 
 0 
 0 
 0 
 0 
 0 
 0 
 0 
 0 
 0 
 0 
 0 
 0 
 0 
 0 
 0 
 0 
 0 
 0 
 0 
 0 
 0 
 0 
 0 
 0 
 0 
 0 
 0 
 0 
 0 
 0 
 0 
 0 
 0 
 0 
 0 
 0 
 0 
 0 
 0 
 0 
 0 
 0 
 0 
 0 
 0 
 0 
 0 
 0 
 1 
 0 
 0 
 0 
 0 
 0 
 0 
 0 
 0 
 0 
 0 
 0 
 0 
 0 
 0 
 0 
 0 
 0 
 0 
 0 
 0 
 0 
 0 
 0 
 0 
 0 
 0 
 0 
 0 
 0 
 0 
 0 
 0 
 0 
 0 
 0 
 0 
 0 
 0 
 0 
 0 
 0 
 0 
 0 
 0 
 0 
 0 
 0 
 1 
 0 
 0 
 0 
 0 
 0 
 0 
 0 
 0 
 0 
 0 
 0 
 0 
 0 
 0 
 0 
 0 
 0 
 0 
 0 
 0 
 0 
 0 
 0 
 0 
 0 
 0 
 0 
 0 
 0 
 0 
 0 
 0 
 0 
 0 
 0 
 0 
 0 
 0 
 0 
 0 
 0 
 0 
 0 
 0 
 0 
 0 
 0 
 0 
 0 
 0 
 0 
 0 
 0 
 0 
 0 
 0 
 0 
 0 
 0 
 0 
 0 
 0 
 0 
 0 
 0 
 0 
 0 
 0 
 0 
 0 
 0 
 0 
 0 
 0 
 0 
 0 
 0 
 0 
 0 
 0 
 0 
 0 
 0 
 0 
 0 
 0 
 0 
 0 
 0 
 0 
 0 
 0 
 0 
 0 
 0 
 0 
 0 
 0 
 0 
 0 
 0 
 0 
 0 
 0 
 0 
 0 
 0 
 0 
 0 
 0 
 0 
 0 
 0 
 0 
 0 
 0 
 0 
 0 
 0 
 0 
 0 
 0 
 0 
 0 
 0 
 0 
 0 
 0 
 0 
 0 
 0 
 0 
 0 
 0 
 0 
 0 
 0 
 0 
 0 
 0 
 0 
 0 
 0 
 0 
 0 
 0 
 0 
 0 
 0 
 0 
 0 
 0 
 0 
 0 
 0 
 0 
 0 
 0 
 0 
 0 
 0 
 0 
 0 
 0 
 0 
 0 
 0 
 0 
 0 
 0 
 0 
 0 
 0 
 0 
 0 
 0 
 0 
 0 
 0 
 0 
 0 
 0 
 0 
 0 
 0 
 0 
 0 
 0 
 0 
 0 
 0 
 0 
 0 
 0 
 0 
 0 
 0 
 0 
 0 
 0 
 0 
 0 
 0 
 0 
 0 
 0 
 0 
 0 
 0 
 0 
 0 
 0 
 0 
 0 
 0 
 0 
 0 
 0 
 0 
 0 
 0 
 0 
 0 
 0 
 0 
 0 
 0 
 0 
 0 
 0 
 0 
 0 
 0 
 0 
 0 
 0 
 0 
 0 
 0 
 0 
 0 
 0 
 0 
 0 
 0 
 0 
 0 
 0 
 0 
 0 
 0 
 0 
 0 
 0 
 0 
 0 
 0 
 0 
 0 
 0 
 0 
 0 
 0 
 0 
 0 
 0 
 0 
 0 
 0 
 0 
 0 
 1 
 0 
 0 
 0 
 0 
 0 
 0 
 0 
 0 
 0 
 0 
 0 
 0 
 0 
 0 
 0 
 0 
 0 
 0 
 0 
 0 
 0 
 0 
 0 
 0 
 0 
 0 
 0 
 0 
 0 
 0 
 0 
 0 
 0 
 0 
 0 
 0 
 0 
 0 
 0 
 0 
 0 
 0 
 0 
 0 
 0 
 0 
 0 
 0 
 0 
 0 
 0 
 0 
 0 
 0 
 0 
 0 
 0 
 0 
 0 
 0 
 0 
 0 
 0 
 0 
 0 
 0 
 0 
 0 
 0 
 0 
 0 
 0 
 0 
 0 
 0 
 0 
 0 
 0 
 0 
 0 
 0 
 0 
 0 
 0 
 0 
 0 
 0 
 0 
 0 
 0 
 0 
 0 
 0 
 0 
 0 
 0 
 0 
 0 
 0 
 0 
 0 
 0 
 0 
 0 
 0 
 0 
 0 
 0 
 0 
 0 
 0 
 0 
 0 
 0 
 0 
 0 
 0 
 0 
 0 
 0 
 0 
 0 
 0 
 0 
 0 
 0 
 0 
 0 
 0 
 0 
 0 
 0 
 0 
 0 
 0 
 0 
 0 
 0 
 0 
 0 
 0 
 0 
 0 
 0 
 0 
 0 
 0 
 0 
 0 
 0 
 0 
 0 
 0 
 0 
 0 
 0 
 0 
 0 
 0 
 0 
 0 
 0 
 0 
 0 
 0 
 0 
 0 
 0 
 0 
 0 
 0 
 0 
 0 
 0 
 0 
 0 
 0 
 0 
 0 
 0 
 0 
 0 
 0 
 0 
 0 
 0 
 0 
 0 
 0 
 0 
 0 
 0 
 0 
 0 
 0 
 0 
 0 
 0 
 0 
 0 
 0 
 0 
 0 
 0 
 0 
 0 
 0 
 0 
 0 
 0 
 0 
 0 
 0 
 0 
 0 
 0 
 0 
 0 
 0 
 0 
 0 
 0 
 0 
 0 
 0 
 0 
 0 
 0 
 0 
 0 
 0 
 0 
 0 
 0 
 0 
 0 
 0 
 0 
 0 
 0 
 0 
 0 
 0 
 0 
 0 
 0 
 0 
 0 
 0 
 0 
 0 
 0 
 0 
 0 
 0 
 0 
 0 
 0 
 0 
 0 
 0 
 0 
 0 
 0 
 0 
 0 
 0 
 0 
 0 
 0 
 0 
 0 
 0 
 0 
 0 
 0 
 0 
 0 
 0 
 0 
 0 
 0 
 0 
 0 
 0 
 0 
 0 
 0 
 0 
 0 
 0 
 0 
 0 
 0 
 0 
 0 
 0 
 0 
 0 
 0 
 0 
 0 
 0 
 0 
 0 
 0 
 0 
 0 
 0 
 0 
 0 
 0 
 0 
 0 
 0 
 0 
 0 
 0 
 0 
 0 
 0 
 0 
 0 
 0 
 0 
 0 
 0 
 1 
 0 
 0 
 0 
 0 
 0 
 0 
 0 
 0 
 0 
 0 
 0 
 0 
 0 
 0 
 0 
 0 
 0 
 0 
 0 
 0 
 0 
 0 
 0 
 0 
 0 
 0 
 0 
 0 
 0 
 0 
 0 
 0 
 0 
 0 
 0 
 0 
 0 
 0 
 0 
 0 
 0 
 0 
 0 
 0 
 0 
 0 
 0 
 0 
 0 
 0 
 0 
 0 
 0 
 0 
 0 
 0 
 0 
 0 
 0 
 0 
 0 
 0 
 0 
 0 
 0 
 0 
 0 
 0 
 0 
 0 
 0 
 0 
 0 
 0 
 0 
 0 
 0 
 0 
 0 
 0 
 0 
 0 
 0 
 0 
 0 
 0 
 0 
 0 
 0 
 0 
 0 
 0 
 0 
 0 
 0 
 0 
 0 
 0 
 0 
 0 
 0 
 0 
 0 
 0 
 0 
 0 
 0 
 0 
 0 
 0 
 0 
 0 
 0 
 0 
 0 
 0 
 0 
 0 
 0 
 0 
 0 
 0 
 0 
 0 
 0 
 0 
 0 
 0 
 0 
 0 
 0 
 0 
 0 
 0 
 0 
 0 
 0 
 0 
 0 
 0 
 0 
 0 
 0 
 0 
 0 
 0 
 0 
 0 
 0 
 0 
 0 
 0 
 0 
 0 
 0 
 0 
 0 
 0 
 0 
 0 
 0 
 0 
 0 
 0 
 0 
 0 
 0 
 0 
 0 
 0 
 0 
 0 
 0 
 0 
 0 
 0 
 0 
 0 
 0 
 0 
 0 
 0 
 0 
 0 
 0 
 0 
 0 
 0 
 0 
 0 
 0 
 0 
 0 
 0 
 0 
 0 
 0 
