 0 
 0 
 0 
 0 
 0 
 0 
 0 
 0 
 0 
 0 
 0 
 0 
 0 
 0 
 0 
 0 
 0 
 3 
 2 
 3 
 1 
 0 
 3 
 5 
 9 
 10 
 18 
 18 
 28 
 48 
 60 
 56 
 78 
 95 
 103 
 119 
 140 
 190 
 173 
 236 
 246 
 230 
 228 
 276 
 301 
 272 
 298 
 295 
 333 
 318 
 331 
 338 
 292 
 310 
 300 
 331 
 367 
 345 
 378 
 327 
 368 
 343 
 332 
 357 
 339 
 328 
 333 
 304 
 380 
 324 
 345 
 333 
 365 
 325 
 326 
 352 
 326 
 335 
 361 
 330 
 364 
 354 
 380 
 376 
 368 
 390 
 437 
 516 
 481 
 496 
 539 
 595 
 615 
 564 
 653 
 687 
 682 
 655 
 637 
 702 
 695 
 663 
 633 
 641 
 606 
 622 
 573 
 546 
 520 
 514 
 496 
 478 
 466 
 482 
 431 
 422 
 410 
 392 
 385 
 359 
 367 
 343 
 346 
 360 
 333 
 327 
 310 
 364 
 330 
 323 
 324 
 279 
 325 
 344 
 313 
 345 
 325 
 315 
 305 
 353 
 314 
 333 
 292 
 310 
 318 
 306 
 340 
 314 
 321 
 306 
 319 
 309 
 328 
 309 
 345 
 313 
 333 
 336 
 319 
 327 
 328 
 308 
 310 
 314 
 321 
 313 
 334 
 351 
 337 
 303 
 340 
 333 
 328 
 306 
 323 
 331 
 305 
 317 
 328 
 330 
 320 
 347 
 332 
 340 
 338 
 351 
 307 
 354 
 327 
 344 
 355 
 331 
 371 
 327 
 328 
 349 
 328 
 331 
 366 
 398 
 378 
 367 
 390 
 390 
 382 
 381 
 374 
 352 
 399 
 408 
 416 
 406 
 376 
 383 
 424 
 379 
 443 
 416 
 427 
 387 
 420 
 361 
 378 
 411 
 376 
 383 
 408 
 374 
 382 
 369 
 415 
 381 
 398 
 355 
 403 
 396 
 377 
 351 
 357 
 335 
 342 
 351 
 321 
 368 
 330 
 342 
 322 
 342 
 367 
 330 
 370 
 349 
 322 
 374 
 354 
 370 
 344 
 384 
 337 
 377 
 345 
 362 
 348 
 372 
 383 
 335 
 372 
 345 
 354 
 349 
 327 
 367 
 339 
 330 
 351 
 357 
 349 
 359 
 325 
 329 
 331 
 352 
 332 
 317 
 344 
 309 
 364 
 359 
 320 
 309 
 308 
 349 
 327 
 355 
 324 
 333 
 329 
 307 
 346 
 337 
 308 
 310 
 315 
 324 
 324 
 304 
 324 
 355 
 280 
 340 
 349 
 312 
 344 
 329 
 327 
 307 
 308 
 302 
 288 
 335 
 279 
 290 
 302 
 286 
 315 
 320 
 285 
 311 
 292 
 337 
 301 
 300 
 327 
 331 
 325 
 289 
 346 
 300 
 296 
 307 
 334 
 286 
 316 
 260 
 315 
 313 
 320 
 291 
 326 
 320 
 317 
 294 
 335 
 333 
 322 
 323 
 333 
 328 
 316 
 313 
 348 
 314 
 362 
 308 
 338 
 326 
 316 
 317 
 281 
 332 
 323 
 308 
 292 
 328 
 317 
 323 
 299 
 305 
 308 
 283 
 291 
 296 
 286 
 273 
 268 
 288 
 267 
 257 
 296 
 286 
 283 
 279 
 244 
 263 
 266 
 226 
 263 
 270 
 231 
 242 
 272 
 263 
 256 
 257 
 251 
 246 
 241 
 241 
 252 
 246 
 232 
 241 
 245 
 242 
 229 
 246 
 220 
 220 
 218 
 217 
 206 
 238 
 241 
 204 
 237 
 263 
 225 
 205 
 225 
 240 
 225 
 231 
 222 
 230 
 223 
 219 
 234 
 267 
 233 
 245 
 227 
 218 
 233 
 217 
 238 
 232 
 234 
 237 
 221 
 261 
 238 
 248 
 194 
 221 
 224 
 224 
 220 
 233 
 244 
 232 
 228 
 234 
 232 
 222 
 230 
 228 
 225 
 201 
 210 
 263 
 219 
 214 
 237 
 211 
 195 
 252 
 216 
 230 
 205 
 234 
 217 
 223 
 235 
 244 
 226 
 246 
 214 
 230 
 232 
 230 
 215 
 267 
 212 
 245 
 214 
 215 
 260 
 215 
 252 
 224 
 201 
 224 
 227 
 211 
 205 
 251 
 214 
 211 
 225 
 220 
 257 
 223 
 238 
 239 
 240 
 231 
 212 
 221 
 218 
 213 
 227 
 245 
 222 
 258 
 267 
 223 
 224 
 229 
 229 
 240 
 234 
 229 
 228 
 230 
 219 
 213 
 261 
 228 
 224 
 241 
 251 
 256 
 247 
 230 
 258 
 256 
 250 
 255 
 270 
 324 
 337 
 322 
 334 
 349 
 361 
 348 
 379 
 375 
 370 
 422 
 455 
 477 
 464 
 543 
 551 
 550 
 608 
 646 
 638 
 716 
 725 
 754 
 788 
 808 
 870 
 846 
 916 
 975 
 996 
 1015 
 1075 
 1115 
 1089 
 1171 
 1175 
 1135 
 1264 
 1237 
 1189 
 1316 
 1313 
 1338 
 1286 
 1326 
 1357 
 1367 
 1348 
 1272 
 1315 
 1362 
 1306 
 1213 
 1223 
 1239 
 1217 
 1208 
 1198 
 1106 
 1126 
 1050 
 1045 
 1031 
 934 
 988 
 874 
 869 
 855 
 720 
 783 
 684 
 664 
 669 
 638 
 605 
 488 
 467 
 482 
 462 
 422 
 398 
 391 
 343 
 332 
 331 
 276 
 295 
 261 
 257 
 234 
 247 
 192 
 165 
 204 
 181 
 160 
 152 
 142 
 159 
 130 
 145 
 128 
 124 
 128 
 126 
 95 
 103 
 127 
 133 
 103 
 115 
 97 
 96 
 104 
 119 
 121 
 103 
 102 
 116 
 103 
 104 
 116 
 86 
 115 
 101 
 94 
 102 
 99 
 103 
 108 
 90 
 99 
 112 
 99 
 93 
 103 
 107 
 110 
 107 
 99 
 99 
 102 
 86 
 95 
 82 
 106 
 94 
 94 
 106 
 91 
 94 
 102 
 120 
 88 
 87 
 82 
 99 
 126 
 116 
 100 
 112 
 96 
 111 
 91 
 115 
 95 
 103 
 95 
 94 
 107 
 101 
 97 
 111 
 100 
 105 
 107 
 114 
 95 
 101 
 121 
 95 
 79 
 102 
 92 
 95 
 96 
 92 
 97 
 108 
 100 
 88 
 98 
 97 
 95 
 122 
 104 
 91 
 101 
 113 
 101 
 96 
 106 
 95 
 85 
 90 
 92 
 89 
 111 
 83 
 92 
 102 
 92 
 101 
 101 
 93 
 94 
 101 
 102 
 117 
 97 
 84 
 103 
 103 
 104 
 107 
 99 
 107 
 100 
 92 
 94 
 100 
 116 
 97 
 109 
 103 
 96 
 113 
 106 
 121 
 99 
 93 
 87 
 103 
 98 
 74 
 99 
 94 
 105 
 79 
 109 
 108 
 91 
 100 
 85 
 98 
 105 
 113 
 102 
 96 
 117 
 87 
 97 
 120 
 97 
 99 
 113 
 115 
 83 
 101 
 94 
 89 
 77 
 97 
 91 
 86 
 85 
 105 
 113 
 90 
 81 
 107 
 99 
 98 
 93 
 89 
 97 
 93 
 82 
 100 
 91 
 102 
 91 
 108 
 81 
 98 
 96 
 102 
 95 
 93 
 90 
 82 
 104 
 95 
 90 
 90 
 90 
 100 
 86 
 81 
 76 
 100 
 104 
 90 
 81 
 77 
 88 
 117 
 78 
 100 
 86 
 102 
 74 
 103 
 87 
 87 
 98 
 105 
 78 
 95 
 88 
 111 
 100 
 86 
 86 
 98 
 80 
 88 
 102 
 94 
 113 
 111 
 99 
 86 
 96 
 100 
 98 
 91 
 91 
 101 
 98 
 102 
 88 
 80 
 97 
 114 
 105 
 93 
 116 
 85 
 121 
 102 
 107 
 99 
 107 
 100 
 97 
 98 
 92 
 91 
 110 
 88 
 106 
 97 
 110 
 95 
 83 
 97 
 98 
 102 
 104 
 99 
 109 
 114 
 111 
 88 
 104 
 87 
 90 
 91 
 82 
 91 
 107 
 93 
 102 
 83 
 90 
 83 
 126 
 93 
 95 
 87 
 95 
 105 
 89 
 106 
 91 
 81 
 89 
 99 
 86 
 97 
 90 
 97 
 91 
 103 
 115 
 74 
 94 
 109 
 103 
 110 
 103 
 95 
 85 
 85 
 79 
 90 
 100 
 82 
 88 
 94 
 89 
 81 
 91 
 97 
 93 
 89 
 107 
 87 
 90 
 99 
 110 
 94 
 91 
 84 
 83 
 108 
 87 
 104 
 91 
 100 
 92 
 94 
 90 
 123 
 94 
 103 
 109 
 100 
 90 
 97 
 95 
 103 
 92 
 118 
 92 
 92 
 113 
 96 
 84 
 107 
 95 
 88 
 102 
 91 
 98 
 90 
 86 
 110 
 98 
 106 
 102 
 89 
 94 
 95 
 98 
 107 
 103 
 91 
 107 
 101 
 104 
 107 
 111 
 122 
 93 
 95 
 98 
 90 
 102 
 96 
 106 
 112 
 108 
 99 
 97 
 108 
 104 
 114 
 110 
 89 
 104 
 103 
 115 
 112 
 112 
 95 
 95 
 105 
 108 
 110 
 94 
 123 
 93 
 94 
 99 
 118 
 87 
 90 
 86 
 112 
 99 
 114 
 104 
 118 
 111 
 110 
 100 
 132 
 100 
 92 
 108 
 99 
 105 
 119 
 105 
 110 
 89 
 100 
 113 
 109 
 119 
 97 
 109 
 120 
 96 
 126 
 111 
 114 
 110 
 106 
 105 
 126 
 120 
 115 
 111 
 96 
 104 
 93 
 103 
 118 
 105 
 107 
 105 
 113 
 106 
 111 
 118 
 118 
 113 
 103 
 110 
 113 
 114 
 110 
 101 
 118 
 105 
 111 
 96 
 107 
 109 
 109 
 105 
 104 
 113 
 99 
 101 
 114 
 124 
 108 
 103 
 104 
 113 
 111 
 95 
 90 
 119 
 95 
 63 
 94 
 97 
 95 
 108 
 95 
 97 
 99 
 103 
 89 
 84 
 83 
 98 
 102 
 83 
 87 
 86 
 90 
 77 
 87 
 79 
 103 
 74 
 100 
 73 
 76 
 64 
 76 
 72 
 74 
 77 
 68 
 69 
 68 
 67 
 69 
 77 
 83 
 74 
 66 
 71 
 70 
 68 
 56 
 69 
 71 
 60 
 66 
 54 
 50 
 51 
 63 
 44 
 55 
 62 
 59 
 53 
 66 
 46 
 34 
 42 
 41 
 44 
 51 
 42 
 45 
 39 
 55 
 43 
 40 
 42 
 38 
 57 
 58 
 41 
 35 
 48 
 43 
 36 
 40 
 42 
 40 
 34 
 35 
 46 
 39 
 45 
 32 
 39 
 32 
 44 
 54 
 38 
 37 
 29 
 28 
 44 
 38 
 31 
 38 
 31 
 29 
 34 
 33 
 29 
 27 
 31 
 27 
 28 
 32 
 31 
 38 
 31 
 18 
 32 
 36 
 26 
 25 
 34 
 37 
 26 
 33 
 24 
 28 
 28 
 20 
 26 
 20 
 29 
 31 
 22 
 30 
 26 
 19 
 24 
 20 
 28 
 28 
 16 
 21 
 22 
 20 
 20 
 16 
 23 
 37 
 22 
 28 
 30 
 24 
 19 
 21 
 21 
 22 
 23 
 16 
 13 
 22 
 26 
 20 
 17 
 22 
 31 
 25 
 16 
 20 
 18 
 16 
 34 
 20 
 24 
 13 
 16 
 26 
 22 
 17 
 22 
 22 
 18 
 20 
 20 
 15 
 22 
 18 
 18 
 24 
 20 
 21 
 18 
 16 
 17 
 13 
 20 
 22 
 31 
 24 
 18 
 19 
 25 
 22 
 20 
 27 
 38 
 29 
 27 
 24 
 23 
 26 
 30 
 33 
 32 
 30 
 42 
 36 
 37 
 55 
 40 
 39 
 27 
 50 
 56 
 49 
 64 
 58 
 70 
 67 
 65 
 70 
 69 
 82 
 90 
 84 
 61 
 94 
 87 
 117 
 103 
 107 
 113 
 116 
 128 
 130 
 135 
 152 
 159 
 148 
 174 
 173 
 180 
 173 
 178 
 197 
 199 
 217 
 221 
 205 
 225 
 225 
 237 
 218 
 261 
 250 
 278 
 283 
 263 
 282 
 298 
 296 
 284 
 325 
 303 
 308 
 303 
 356 
 332 
 300 
 328 
 342 
 340 
 338 
 322 
 363 
 345 
 378 
 367 
 332 
 322 
 359 
 330 
 341 
 354 
 336 
 358 
 330 
 333 
 328 
 346 
 334 
 343 
 359 
 318 
 283 
 315 
 285 
 317 
 290 
 299 
 304 
 305 
 245 
 267 
 284 
 258 
 255 
 223 
 251 
 238 
 209 
 215 
 220 
 226 
 206 
 185 
 220 
 179 
 181 
 197 
 174 
 155 
 163 
 142 
 146 
 146 
 137 
 139 
 125 
 114 
 139 
 124 
 106 
 92 
 114 
 106 
 99 
 95 
 80 
 78 
 73 
 77 
 63 
 78 
 62 
 62 
 60 
 50 
 72 
 52 
 43 
 39 
 45 
 39 
 33 
 33 
 32 
 27 
 43 
 43 
 27 
 33 
 26 
 24 
 26 
 20 
 20 
 20 
 16 
 19 
 17 
 17 
 14 
 11 
 13 
 16 
 13 
 11 
 15 
 14 
 6 
 6 
 5 
 11 
 11 
 10 
 6 
 6 
 10 
 5 
 8 
 4 
 9 
 6 
 8 
 6 
 3 
 13 
 8 
 0 
 8 
 5 
 6 
 7 
 4 
 4 
 5 
 7 
 9 
 5 
 4 
 3 
 3 
 7 
 3 
 3 
 8 
 3 
 5 
 7 
 2 
 8 
 5 
 5 
 4 
 4 
 4 
 4 
 3 
 1 
 1 
 5 
 6 
 5 
 2 
 5 
 8 
 5 
 4 
 4 
 4 
 1 
 3 
 2 
 3 
 5 
 4 
 7 
 4 
 7 
 5 
 5 
 5 
 3 
 6 
 9 
 3 
 4 
 5 
 7 
 5 
 7 
 8 
 3 
 3 
 2 
 4 
 5 
 10 
 4 
 8 
 4 
 8 
 12 
 4 
 3 
 7 
 5 
 3 
 4 
 4 
 7 
 6 
 2 
 3 
 5 
 4 
 9 
 4 
 3 
 3 
 5 
 2 
 7 
 4 
 8 
 10 
 0 
 5 
 5 
 4 
 6 
 6 
 2 
 3 
 5 
 5 
 4 
 7 
 4 
 6 
 9 
 5 
 6 
 5 
 5 
 4 
 5 
 2 
 8 
 4 
 3 
 3 
 6 
 5 
 6 
 7 
 5 
 4 
 4 
 6 
 4 
 1 
 4 
 3 
 4 
 6 
 0 
 2 
 5 
 2 
 2 
 6 
 2 
 2 
 2 
 7 
 3 
 3 
 6 
 2 
 7 
 1 
 4 
 2 
 9 
 3 
 2 
 5 
 5 
 4 
 2 
 3 
 4 
 2 
 1 
 4 
 5 
 4 
 6 
 4 
 4 
 2 
 3 
 6 
 4 
 6 
 3 
 2 
 5 
 4 
 4 
 6 
 5 
 6 
 2 
 4 
 1 
 2 
 7 
 1 
 3 
 5 
 3 
 3 
 1 
 4 
 4 
 4 
 5 
 7 
 4 
 2 
 0 
 2 
 2 
 3 
 6 
 6 
 6 
 4 
 1 
 4 
 3 
 1 
 3 
 2 
 5 
 4 
 2 
 4 
 1 
 1 
 5 
 3 
 5 
 1 
 6 
 4 
 4 
 4 
 3 
 2 
 4 
 2 
 1 
 2 
 3 
 5 
 3 
 0 
 1 
 2 
 2 
 4 
 2 
 2 
 1 
 1 
 3 
 5 
 1 
 1 
 3 
 1 
 3 
 0 
 1 
 1 
 7 
 0 
 2 
 4 
 3 
 6 
 4 
 2 
 2 
 1 
 2 
 2 
 4 
 1 
 0 
 3 
 3 
 4 
 2 
 4 
 5 
 1 
 2 
 1 
 2 
 0 
 0 
 3 
 2 
 2 
 2 
 3 
 0 
 0 
 0 
 3 
 1 
 1 
 2 
 1 
 1 
 2 
 4 
 2 
 0 
 0 
 4 
 1 
 1 
 0 
 0 
 2 
 1 
 2 
 4 
 3 
 4 
 2 
 2 
 1 
 0 
 1 
 0 
 3 
 0 
 2 
 1 
 1 
 1 
 1 
 1 
 0 
 1 
 2 
 3 
 3 
 0 
 3 
 0 
 3 
 1 
 0 
 2 
 1 
 1 
 0 
 1 
 1 
 0 
 2 
 1 
 0 
 0 
 1 
 0 
 3 
 3 
 0 
 0 
 1 
 2 
 5 
 1 
 1 
 2 
 2 
 1 
 1 
 0 
 3 
 1 
 3 
 3 
 1 
 2 
 0 
 4 
 1 
 1 
 0 
 2 
 2 
 1 
 1 
 0 
 6 
 0 
 0 
 0 
 0 
 2 
 1 
 0 
 2 
 1 
 3 
 2 
 3 
 2 
 2 
 3 
 0 
 1 
 1 
 3 
 3 
 4 
 1 
 3 
 1 
 0 
 4 
 1 
 3 
 1 
 2 
 1 
 2 
 1 
 0 
 3 
 4 
 2 
 4 
 4 
 6 
 1 
 2 
 4 
 4 
 6 
 3 
 2 
 2 
 4 
 4 
 2 
 3 
 4 
 6 
 4 
 5 
 3 
 7 
 3 
 6 
 3 
 4 
 3 
 11 
 10 
 5 
 5 
 5 
 3 
 4 
 3 
 4 
 4 
 2 
 5 
 3 
 4 
 8 
 5 
 5 
 7 
 10 
 3 
 6 
 9 
 6 
 4 
 3 
 6 
 5 
 9 
 12 
 5 
 5 
 5 
 6 
 3 
 4 
 1 
 6 
 3 
 5 
 8 
 9 
 6 
 8 
 2 
 4 
 3 
 4 
 1 
 6 
 6 
 3 
 3 
 3 
 3 
 4 
 5 
 2 
 1 
 2 
 1 
 3 
 3 
 3 
 1 
 3 
 6 
 6 
 6 
 2 
 5 
 3 
 2 
 5 
 0 
 2 
 2 
 3 
 3 
 5 
 1 
 1 
 2 
 2 
 5 
 0 
 3 
 1 
 1 
 3 
 0 
 3 
 2 
 3 
 1 
 0 
 0 
 0 
 0 
 1 
 0 
 2 
 0 
 1 
 1 
 0 
 1 
 0 
 0 
 0 
 0 
 1 
 1 
 0 
 0 
 1 
 0 
 0 
 0 
 0 
 1 
 0 
 0 
 0 
 1 
 1 
 1 
 1 
 0 
 0 
 2 
 0 
 0 
 0 
 1 
 0 
 0 
 0 
 0 
 1 
 0 
 0 
 0 
 0 
 0 
 1 
 1 
 0 
 1 
 0 
 2 
 0 
 0 
 0 
 0 
 0 
 0 
 1 
 0 
 0 
 0 
 0 
 0 
 0 
 0 
 0 
 0 
 0 
 0 
 0 
 1 
 0 
 0 
 0 
 0 
 0 
 1 
 0 
 0 
 0 
 0 
 0 
 0 
 0 
 0 
 0 
 1 
 0 
 0 
 2 
 0 
 0 
 0 
 0 
 0 
 0 
 0 
 1 
 0 
 0 
 0 
 0 
 1 
 0 
 0 
 0 
 0 
 0 
 0 
 0 
 2 
 0 
 0 
 0 
 0 
 0 
 0 
 0 
 0 
 0 
 1 
 0 
 0 
 0 
 0 
 0 
 0 
 0 
 0 
 0 
 0 
 1 
 1 
 0 
 1 
 0 
 0 
 0 
 0 
 0 
 0 
 0 
 0 
 0 
 0 
 1 
 0 
 0 
 0 
 0 
 0 
 0 
 0 
 0 
 0 
 0 
 1 
 0 
 0 
 0 
 0 
 0 
 0 
 0 
 1 
 1 
 0 
 1 
 0 
 0 
 0 
 0 
 0 
 0 
 0 
 1 
 0 
 0 
 0 
 0 
 0 
 0 
 0 
 0 
 0 
 0 
 0 
 1 
 0 
 0 
 0 
 0 
 0 
 1 
 0 
 1 
 0 
 0 
 0 
 0 
 0 
 0 
 0 
 0 
 0 
 0 
 0 
 0 
 0 
 0 
 0 
 0 
 0 
 0 
 0 
 0 
 0 
 0 
 0 
 0 
 0 
 0 
 0 
 0 
 0 
 0 
 0 
 0 
 0 
 0 
 0 
 0 
 0 
 1 
 1 
 0 
 0 
 0 
 0 
 0 
 0 
 0 
 0 
 1 
 0 
 0 
 0 
 0 
 0 
 0 
 0 
 0 
 0 
 0 
 0 
 0 
 0 
 0 
 1 
 0 
 0 
 0 
 0 
 0 
 0 
 0 
 0 
 0 
 0 
 0 
 0 
 0 
 0 
 0 
 0 
 0 
 0 
 0 
 0 
 0 
 0 
 0 
 0 
 1 
 0 
 0 
 1 
 0 
 0 
 0 
 0 
 0 
 0 
 0 
 0 
 0 
 1 
 0 
 0 
 0 
 0 
 0 
 0 
 0 
 0 
 1 
 1 
 0 
 0 
 0 
 0 
 0 
 0 
 0 
 0 
 0 
 0 
 0 
 0 
 0 
 0 
 0 
 0 
 0 
 0 
 0 
 0 
 0 
 0 
 0 
 0 
 0 
 0 
 0 
 0 
 0 
 0 
 0 
 0 
 0 
 0 
 0 
 0 
 0 
 0 
 0 
 0 
 0 
 0 
 0 
 1 
 0 
 0 
 0 
 0 
 1 
 0 
 0 
 0 
 0 
 1 
 1 
 0 
 0 
 0 
 0 
 0 
 0 
 0 
 0 
 0 
 0 
 0 
 0 
 0 
 0 
 0 
 0 
 0 
 0 
 0 
 0 
 0 
 0 
 0 
 0 
 0 
 0 
 0 
 0 
 0 
 0 
 0 
 0 
 1 
 0 
 1 
 0 
 0 
 0 
 0 
 0 
 0 
 0 
 0 
 0 
 0 
 0 
 0 
 0 
 0 
 0 
 0 
 0 
 0 
 0 
 0 
 0 
 0 
 0 
 0 
 0 
 0 
 0 
 0 
 0 
 0 
 0 
 0 
 0 
 0 
 0 
 0 
 0 
 0 
 0 
 0 
 0 
 0 
 0 
 0 
 0 
 0 
 0 
 0 
 0 
 0 
 0 
 0 
 0 
 0 
 0 
 1 
 0 
 0 
 0 
 0 
 0 
 0 
 0 
 0 
 0 
 0 
 0 
 0 
 0 
 0 
 0 
 0 
 0 
 0 
 0 
 0 
 0 
 0 
 0 
 0 
 0 
 0 
 0 
 0 
 0 
 0 
 0 
 0 
 0 
 0 
 0 
 0 
 0 
 1 
 0 
 0 
 0 
 0 
 0 
 0 
 0 
 0 
 0 
 0 
 0 
 0 
 0 
 0 
 0 
 0 
 0 
 0 
 0 
 0 
 0 
 0 
 0 
 0 
 0 
 0 
 0 
 0 
 0 
 0 
 0 
 0 
 0 
 0 
 0 
 1 
 0 
 0 
 0 
 0 
 0 
 0 
 0 
 0 
 0 
 0 
 0 
 0 
 0 
 0 
 0 
 0 
 0 
 0 
 0 
 0 
 0 
 0 
 0 
 0 
 0 
 0 
 0 
 0 
 0 
 1 
 0 
 0 
 0 
 0 
 0 
 1 
 0 
 0 
 0 
 0 
 0 
 0 
 0 
 0 
 0 
 0 
 0 
 0 
 0 
 0 
 0 
 0 
 0 
 0 
 0 
 0 
 1 
 0 
 0 
 0 
 0 
 0 
 0 
 0 
 0 
 0 
 0 
 0 
 0 
 0 
 0 
 0 
 0 
 0 
 0 
 0 
 0 
 0 
 0 
 0 
 0 
 0 
 0 
 0 
 0 
 0 
 0 
 0 
 0 
 0 
 0 
 0 
 0 
 0 
 0 
 0 
 0 
 0 
 0 
 0 
 0 
 0 
 0 
 0 
 0 
 0 
 0 
 0 
 1 
 0 
 0 
 0 
 1 
 0 
 0 
 0 
 0 
 0 
 0 
 0 
 0 
 0 
 1 
 0 
 0 
 0 
 0 
 0 
 0 
 0 
 0 
 0 
 0 
 0 
 0 
 0 
 0 
 0 
 0 
 0 
 0 
 0 
 0 
 0 
 0 
 0 
 0 
 0 
 0 
 0 
 0 
 0 
 0 
 0 
 1 
 0 
 0 
 0 
 0 
 0 
 0 
 0 
 0 
 0 
 0 
 0 
 0 
 0 
 0 
 0 
 0 
 0 
 0 
 0 
 0 
 0 
 0 
 0 
 0 
 0 
 0 
 0 
 0 
 0 
 0 
 0 
 0 
 0 
 0 
 0 
 0 
 0 
 0 
 0 
 0 
 0 
 0 
 0 
 0 
 0 
 0 
 0 
 0 
 0 
 0 
 0 
 0 
 0 
 0 
 0 
 0 
 0 
 0 
 0 
 0 
 1 
 0 
 0 
 0 
 0 
 0 
 0 
 0 
 0 
 0 
 1 
 0 
 0 
 0 
 1 
 0 
 0 
 0 
 0 
 0 
 0 
 0 
 0 
 0 
 0 
 0 
 0 
 2 
 0 
 0 
 0 
 0 
 0 
 0 
 0 
 0 
 0 
 0 
 0 
 0 
 0 
 0 
 0 
 0 
 0 
 0 
 0 
 0 
 0 
 0 
 0 
 0 
 0 
 0 
 0 
 0 
 1 
 0 
 1 
 0 
 0 
 0 
 0 
 0 
 0 
 0 
 1 
 0 
 0 
 0 
 0 
 1 
 0 
 0 
 0 
 0 
 0 
 0 
 0 
 0 
 1 
 0 
 0 
 0 
 0 
 0 
 1 
 0 
 0 
 0 
 0 
 0 
 0 
 0 
 0 
 0 
 0 
 0 
 0 
 0 
 0 
 0 
 0 
 0 
 0 
 0 
 0 
 0 
 0 
 0 
 0 
 1 
 1 
 0 
 0 
 0 
 0 
 0 
 0 
 0 
 0 
 0 
 0 
 0 
 0 
 0 
 0 
 0 
 0 
 0 
 0 
 0 
 0 
 0 
 0 
 0 
 0 
 0 
 0 
 0 
 0 
 0 
 0 
 0 
 0 
 0 
 0 
 0 
 0 
 0 
 0 
 0 
 0 
 0 
 0 
 0 
 0 
 1 
 0 
 0 
 1 
 0 
 0 
 0 
 0 
 0 
 0 
 0 
 0 
 0 
 0 
 0 
 0 
 0 
 0 
 0 
 0 
 0 
 0 
 0 
 0 
 0 
 0 
 0 
 0 
 0 
 0 
 0 
 0 
 0 
 0 
 0 
 0 
 0 
 0 
 0 
 0 
 0 
 0 
 1 
 0 
 0 
 0 
 0 
 0 
 0 
 0 
 0 
 0 
 0 
 0 
 0 
 0 
 0 
 0 
 0 
 0 
 0 
 0 
 0 
 0 
 0 
 0 
 0 
 0 
 0 
 0 
 0 
 0 
 0 
 0 
 0 
 0 
 0 
 0 
 0 
 0 
 0 
 0 
 0 
 0 
 0 
 0 
 0 
 0 
 0 
 0 
 0 
 0 
 0 
 0 
 0 
 0 
 0 
 0 
 0 
 0 
 0 
 0 
 0 
 0 
 0 
 0 
 0 
 0 
 0 
 0 
 0 
 0 
 0 
 0 
 0 
 0 
 0 
 0 
 0 
 0 
 0 
 0 
 0 
 0 
 0 
 0 
 0 
 0 
 0 
 0 
 0 
 0 
 0 
 0 
 0 
 0 
 0 
 0 
 0 
 0 
 0 
 0 
 0 
 0 
 0 
 0 
 0 
 0 
 0 
 0 
 0 
 0 
 0 
 0 
 0 
 0 
 0 
 0 
 0 
 0 
 0 
 0 
 0 
 0 
 0 
 0 
 0 
 0 
 0 
 0 
 0 
 0 
 0 
 0 
 0 
 0 
 0 
 0 
 0 
 0 
 0 
 0 
 0 
 0 
 0 
 0 
 0 
 0 
 0 
 0 
 0 
 0 
 0 
 0 
 0 
 0 
 0 
 0 
 0 
 0 
 0 
 0 
 0 
 0 
 0 
 0 
 0 
 0 
 0 
 0 
 0 
 0 
 0 
 0 
 0 
 0 
 0 
 0 
 0 
 0 
 0 
 0 
 0 
 0 
 0 
 0 
 0 
 0 
 0 
 0 
 0 
 0 
 0 
 0 
 0 
 0 
 0 
 0 
 0 
 0 
 0 
 0 
 0 
 0 
 0 
 0 
 0 
 0 
 0 
 0 
 0 
 0 
 0 
 0 
 0 
 0 
 0 
 0 
 0 
 0 
 0 
 0 
 0 
 0 
 0 
 0 
 0 
 0 
 0 
 0 
 0 
 0 
 0 
 0 
 0 
 0 
 0 
 0 
 0 
 0 
 0 
 0 
 0 
 0 
 0 
 0 
 0 
 0 
 0 
 0 
 0 
 0 
 0 
 0 
 0 
 0 
 0 
 0 
 0 
 0 
 0 
 0 
 0 
 0 
 0 
 0 
 0 
 0 
 0 
 0 
 0 
 0 
 0 
 0 
 0 
 0 
 0 
 0 
 0 
 0 
 0 
 0 
 0 
 0 
 0 
 0 
 0 
 0 
 0 
 0 
 0 
 0 
 1 
 0 
 0 
 1 
 0 
 0 
 0 
 0 
 0 
 0 
 0 
 0 
 0 
 0 
 0 
 0 
 0 
 0 
 0 
 0 
 0 
 0 
 0 
 0 
 0 
 0 
 0 
 0 
 0 
 0 
 0 
 0 
 0 
 0 
 0 
 0 
 0 
 0 
 0 
 0 
 0 
 0 
 0 
 0 
 0 
 0 
 0 
 0 
 0 
 0 
 0 
 0 
 0 
 0 
 0 
 0 
 0 
 0 
 0 
 0 
 0 
 0 
 0 
 0 
 0 
 0 
 0 
 0 
 0 
 0 
 0 
 0 
 0 
 0 
 0 
 0 
 0 
 0 
 0 
 0 
 0 
 0 
 0 
 0 
 0 
 0 
 0 
 0 
 0 
 0 
 0 
 0 
 0 
 0 
 0 
 0 
 0 
 0 
 0 
 0 
 0 
 0 
 0 
 0 
 0 
 0 
 0 
 0 
 0 
 0 
 0 
 0 
 0 
 0 
 0 
 0 
 0 
 0 
 0 
 0 
 0 
 0 
 0 
 0 
 0 
 0 
 0 
 0 
 0 
 0 
 0 
 0 
 0 
 0 
 0 
 0 
 0 
 0 
 0 
 0 
 0 
 0 
 0 
 0 
 0 
 0 
 0 
 0 
 0 
 0 
 0 
 0 
 0 
 0 
 0 
 0 
 0 
 0 
 0 
 0 
 0 
 0 
 0 
 0 
 0 
 0 
 0 
 0 
 0 
 0 
 0 
 0 
 0 
 0 
 0 
 0 
 0 
 0 
 0 
 0 
 0 
 0 
 0 
 0 
 0 
 0 
 0 
 0 
 0 
 0 
 0 
 0 
 0 
 0 
 0 
 0 
 0 
 0 
 0 
 0 
 0 
 0 
 0 
 0 
 0 
 0 
 0 
 0 
 0 
 0 
 0 
 1 
 0 
 0 
 0 
 0 
 0 
 0 
 0 
 0 
 0 
 0 
 0 
 0 
 0 
 0 
 0 
 0 
 0 
 0 
 0 
 0 
 0 
 0 
 0 
 0 
 0 
 0 
 0 
 0 
 0 
 0 
 0 
 0 
 0 
 0 
 0 
 0 
 0 
 0 
 0 
 0 
 0 
 0 
 0 
 0 
 0 
 0 
 0 
 0 
 0 
 0 
 0 
 0 
 0 
 0 
 0 
 0 
 0 
 0 
 0 
 0 
 0 
 0 
 0 
 0 
 0 
 0 
 0 
 0 
 0 
 0 
 0 
 0 
 0 
 0 
 0 
 0 
 0 
 0 
 0 
 0 
 0 
 0 
 0 
 0 
 0 
 0 
 0 
 0 
 0 
 0 
 0 
 0 
 0 
 0 
 0 
 0 
 0 
 1 
 0 
 0 
 0 
 0 
 0 
 0 
 0 
 0 
 0 
 0 
 0 
 0 
 0 
 0 
 0 
 0 
 0 
 0 
 0 
 0 
 0 
 0 
 0 
 0 
 0 
 0 
 0 
 0 
 0 
 0 
 0 
 0 
 0 
 0 
 0 
 0 
 0 
 0 
 0 
 0 
 0 
 0 
 0 
 0 
 0 
 0 
 0 
 0 
 0 
 0 
 0 
 0 
 0 
 0 
 0 
 0 
 0 
 0 
 0 
 0 
 0 
 0 
 0 
 0 
 0 
 0 
 0 
 0 
 0 
 0 
 0 
 0 
 0 
 0 
 0 
 0 
 0 
 0 
 0 
 0 
 0 
 0 
 0 
 0 
 0 
 0 
 0 
 0 
 0 
 0 
 0 
 0 
 0 
 0 
 0 
 0 
 0 
 0 
 0 
 0 
 0 
 0 
 0 
 0 
 0 
 0 
 0 
 0 
 0 
 0 
 0 
 0 
 0 
 0 
 0 
 0 
 0 
 0 
 0 
 0 
 0 
 0 
 0 
 0 
 0 
 0 
 0 
 0 
 0 
 0 
 0 
 0 
 0 
 0 
 0 
 0 
 0 
 0 
 0 
 0 
 0 
 0 
 0 
 0 
 0 
 0 
 0 
 0 
 0 
 0 
 0 
 0 
 0 
 0 
 0 
 0 
 0 
 0 
 0 
 0 
 0 
 0 
 0 
 0 
 0 
 0 
 0 
 0 
 1 
 0 
 0 
 0 
 0 
 0 
 0 
 0 
 0 
 0 
 0 
 0 
 0 
 0 
 0 
 0 
 0 
 0 
 0 
 0 
 0 
 0 
 0 
 0 
 0 
 0 
 0 
 0 
 0 
 0 
 0 
 0 
 0 
 0 
 0 
 0 
 0 
 0 
 0 
 0 
 0 
 0 
 0 
 0 
 0 
 0 
 0 
 0 
 0 
 0 
 0 
 0 
 0 
 0 
 0 
 0 
 0 
 0 
 0 
 0 
 0 
 0 
 0 
 0 
 0 
 0 
 0 
 0 
 0 
 0 
 0 
 0 
 0 
 0 
 0 
 0 
 0 
 0 
 0 
 0 
 0 
 0 
 0 
 0 
 0 
 0 
 0 
 0 
 0 
 0 
 0 
 0 
 0 
 0 
 0 
 0 
 0 
 0 
 0 
 0 
 0 
 0 
 0 
 0 
 0 
 0 
 0 
 0 
 0 
 0 
 0 
 0 
 0 
 0 
 0 
 0 
 0 
 0 
 0 
 0 
 0 
 0 
 0 
 0 
 0 
 0 
 0 
 0 
 0 
 0 
 0 
 0 
 0 
 0 
 0 
 0 
 0 
 0 
 0 
 0 
 0 
 0 
 0 
 0 
 0 
 0 
 0 
 0 
 0 
 0 
 0 
 0 
 0 
 0 
 0 
 0 
 0 
 0 
 0 
 1 
 0 
 0 
 0 
 0 
 0 
 0 
 0 
 0 
 0 
 0 
 0 
 0 
 0 
 0 
 0 
 0 
 0 
 0 
 0 
 0 
 0 
 0 
 0 
 0 
 0 
 0 
 0 
 0 
 0 
 0 
 0 
 0 
 0 
 0 
 0 
 0 
 0 
 0 
 0 
 0 
 0 
 0 
 0 
 0 
 0 
 0 
 0 
 0 
 0 
 0 
 0 
 0 
 0 
 0 
 0 
 0 
 0 
 0 
 0 
 0 
 0 
 0 
 0 
 0 
 0 
 0 
 0 
 0 
 0 
 0 
 0 
 0 
 0 
 0 
 0 
 0 
 0 
 0 
 0 
 0 
 0 
 0 
 0 
 0 
 0 
 0 
 0 
 0 
 0 
 0 
 0 
 0 
 0 
 0 
 0 
 0 
 0 
 0 
 0 
 0 
 0 
 0 
 0 
 0 
 0 
 0 
 0 
 0 
 0 
 0 
 0 
 0 
 0 
 0 
 0 
