 0 
 0 
 0 
 0 
 0 
 0 
 0 
 0 
 0 
 0 
 0 
 0 
 0 
 1 
 0 
 0 
 0 
 1 
 1 
 1 
 1 
 0 
 3 
 1 
 6 
 7 
 9 
 14 
 28 
 34 
 38 
 34 
 58 
 77 
 88 
 119 
 127 
 142 
 183 
 198 
 194 
 202 
 224 
 227 
 252 
 236 
 244 
 248 
 287 
 263 
 270 
 264 
 259 
 281 
 296 
 295 
 293 
 283 
 283 
 286 
 316 
 259 
 295 
 288 
 298 
 295 
 288 
 287 
 272 
 287 
 291 
 260 
 271 
 297 
 279 
 331 
 281 
 309 
 315 
 285 
 291 
 298 
 298 
 329 
 351 
 359 
 362 
 386 
 404 
 439 
 474 
 485 
 515 
 491 
 579 
 572 
 538 
 566 
 545 
 538 
 596 
 537 
 562 
 542 
 542 
 453 
 471 
 472 
 464 
 415 
 422 
 371 
 433 
 393 
 364 
 335 
 346 
 344 
 323 
 344 
 307 
 288 
 290 
 280 
 281 
 280 
 278 
 265 
 276 
 275 
 286 
 254 
 267 
 267 
 278 
 259 
 271 
 286 
 279 
 262 
 284 
 296 
 271 
 260 
 315 
 303 
 285 
 285 
 276 
 302 
 271 
 281 
 260 
 299 
 289 
 279 
 289 
 264 
 281 
 298 
 303 
 280 
 275 
 280 
 269 
 280 
 279 
 260 
 305 
 258 
 287 
 256 
 289 
 306 
 274 
 288 
 273 
 322 
 280 
 278 
 290 
 280 
 287 
 289 
 256 
 311 
 273 
 300 
 293 
 280 
 299 
 262 
 286 
 300 
 330 
 318 
 309 
 322 
 344 
 309 
 342 
 366 
 336 
 308 
 352 
 360 
 337 
 336 
 372 
 324 
 387 
 329 
 358 
 340 
 345 
 362 
 310 
 334 
 356 
 345 
 344 
 350 
 338 
 375 
 332 
 361 
 350 
 344 
 322 
 312 
 349 
 338 
 353 
 291 
 313 
 320 
 297 
 318 
 300 
 340 
 303 
 308 
 293 
 279 
 298 
 268 
 282 
 299 
 281 
 298 
 275 
 270 
 290 
 298 
 318 
 283 
 316 
 323 
 282 
 311 
 313 
 315 
 331 
 312 
 304 
 332 
 325 
 345 
 310 
 326 
 307 
 308 
 296 
 284 
 315 
 319 
 291 
 293 
 290 
 294 
 267 
 302 
 335 
 288 
 269 
 283 
 323 
 281 
 279 
 301 
 298 
 272 
 292 
 282 
 256 
 247 
 327 
 296 
 273 
 261 
 256 
 259 
 264 
 291 
 259 
 264 
 236 
 284 
 274 
 312 
 287 
 268 
 264 
 304 
 280 
 254 
 259 
 278 
 294 
 286 
 296 
 257 
 276 
 264 
 249 
 263 
 307 
 267 
 260 
 279 
 275 
 231 
 280 
 301 
 288 
 278 
 275 
 263 
 270 
 256 
 278 
 282 
 250 
 253 
 300 
 260 
 265 
 268 
 250 
 274 
 262 
 281 
 276 
 272 
 279 
 233 
 287 
 272 
 250 
 264 
 252 
 277 
 276 
 267 
 281 
 265 
 257 
 251 
 248 
 263 
 285 
 273 
 286 
 261 
 246 
 244 
 236 
 230 
 280 
 257 
 263 
 265 
 252 
 253 
 221 
 220 
 243 
 256 
 258 
 236 
 273 
 209 
 229 
 229 
 221 
 218 
 228 
 234 
 242 
 222 
 232 
 207 
 201 
 197 
 218 
 204 
 218 
 195 
 185 
 225 
 192 
 212 
 202 
 203 
 216 
 235 
 191 
 208 
 183 
 216 
 200 
 203 
 198 
 215 
 167 
 181 
 189 
 189 
 204 
 196 
 203 
 170 
 217 
 197 
 192 
 197 
 164 
 210 
 171 
 184 
 214 
 205 
 190 
 202 
 185 
 207 
 186 
 183 
 215 
 185 
 220 
 195 
 172 
 174 
 205 
 202 
 222 
 202 
 186 
 235 
 163 
 184 
 158 
 208 
 199 
 193 
 207 
 211 
 191 
 172 
 203 
 191 
 196 
 203 
 192 
 192 
 217 
 180 
 217 
 187 
 203 
 185 
 206 
 217 
 195 
 200 
 186 
 230 
 210 
 212 
 168 
 206 
 200 
 207 
 206 
 212 
 176 
 202 
 188 
 219 
 206 
 205 
 190 
 178 
 183 
 182 
 210 
 196 
 188 
 181 
 202 
 223 
 231 
 226 
 211 
 187 
 206 
 206 
 207 
 188 
 210 
 189 
 204 
 211 
 208 
 193 
 212 
 210 
 197 
 195 
 204 
 183 
 208 
 220 
 209 
 214 
 227 
 226 
 217 
 236 
 216 
 204 
 209 
 206 
 249 
 232 
 244 
 230 
 257 
 250 
 229 
 254 
 296 
 247 
 305 
 302 
 302 
 335 
 357 
 346 
 387 
 364 
 401 
 385 
 399 
 486 
 495 
 525 
 518 
 524 
 557 
 619 
 618 
 685 
 664 
 691 
 731 
 784 
 753 
 823 
 805 
 854 
 905 
 930 
 953 
 977 
 1001 
 942 
 985 
 999 
 1048 
 1011 
 1108 
 1029 
 1092 
 1047 
 1072 
 977 
 1066 
 1035 
 1053 
 1080 
 1030 
 990 
 998 
 965 
 955 
 951 
 890 
 843 
 824 
 858 
 830 
 744 
 671 
 663 
 687 
 608 
 572 
 571 
 528 
 499 
 492 
 448 
 442 
 436 
 377 
 399 
 359 
 319 
 319 
 289 
 235 
 258 
 213 
 232 
 201 
 209 
 206 
 182 
 167 
 204 
 155 
 140 
 139 
 130 
 139 
 129 
 110 
 120 
 127 
 106 
 119 
 108 
 115 
 109 
 102 
 90 
 98 
 109 
 90 
 84 
 89 
 101 
 82 
 92 
 100 
 89 
 95 
 86 
 92 
 112 
 101 
 90 
 90 
 78 
 79 
 73 
 105 
 84 
 89 
 71 
 91 
 109 
 82 
 117 
 71 
 73 
 84 
 95 
 79 
 110 
 82 
 101 
 96 
 107 
 93 
 97 
 89 
 89 
 99 
 83 
 103 
 94 
 77 
 99 
 85 
 111 
 75 
 96 
 81 
 95 
 87 
 104 
 82 
 92 
 106 
 94 
 87 
 84 
 76 
 88 
 108 
 88 
 88 
 92 
 92 
 81 
 91 
 93 
 103 
 74 
 91 
 91 
 96 
 95 
 94 
 81 
 85 
 92 
 94 
 94 
 82 
 92 
 94 
 101 
 96 
 77 
 98 
 72 
 83 
 91 
 88 
 94 
 86 
 112 
 98 
 102 
 94 
 97 
 94 
 67 
 104 
 97 
 83 
 81 
 98 
 100 
 81 
 105 
 86 
 89 
 84 
 99 
 98 
 84 
 82 
 93 
 94 
 90 
 97 
 96 
 90 
 96 
 83 
 101 
 89 
 82 
 98 
 91 
 82 
 87 
 90 
 67 
 87 
 90 
 103 
 74 
 91 
 90 
 80 
 84 
 83 
 75 
 92 
 79 
 80 
 85 
 91 
 79 
 85 
 92 
 106 
 89 
 91 
 68 
 89 
 85 
 85 
 95 
 107 
 86 
 86 
 84 
 85 
 99 
 89 
 81 
 84 
 94 
 88 
 76 
 64 
 82 
 82 
 97 
 98 
 83 
 92 
 88 
 79 
 87 
 94 
 78 
 75 
 84 
 68 
 96 
 101 
 93 
 85 
 103 
 89 
 102 
 89 
 84 
 72 
 83 
 80 
 77 
 88 
 74 
 92 
 97 
 89 
 84 
 108 
 99 
 94 
 83 
 111 
 90 
 92 
 87 
 97 
 99 
 81 
 100 
 74 
 85 
 90 
 84 
 73 
 96 
 104 
 74 
 96 
 83 
 83 
 71 
 85 
 89 
 70 
 109 
 102 
 91 
 115 
 92 
 90 
 89 
 75 
 93 
 99 
 99 
 95 
 85 
 84 
 85 
 93 
 89 
 86 
 84 
 81 
 77 
 90 
 90 
 87 
 71 
 96 
 79 
 68 
 118 
 77 
 101 
 88 
 95 
 72 
 85 
 95 
 101 
 70 
 96 
 92 
 77 
 88 
 88 
 106 
 107 
 91 
 71 
 86 
 86 
 81 
 82 
 80 
 81 
 86 
 94 
 98 
 87 
 65 
 84 
 91 
 103 
 107 
 94 
 94 
 87 
 88 
 74 
 83 
 75 
 83 
 79 
 95 
 87 
 86 
 75 
 81 
 85 
 67 
 65 
 92 
 83 
 96 
 90 
 81 
 86 
 76 
 94 
 88 
 87 
 82 
 92 
 71 
 81 
 114 
 95 
 91 
 103 
 82 
 74 
 98 
 90 
 95 
 85 
 86 
 100 
 98 
 77 
 109 
 91 
 91 
 81 
 82 
 97 
 82 
 92 
 97 
 87 
 110 
 77 
 85 
 82 
 78 
 91 
 110 
 91 
 98 
 84 
 70 
 116 
 95 
 78 
 84 
 110 
 85 
 79 
 90 
 95 
 93 
 104 
 86 
 83 
 81 
 107 
 85 
 93 
 92 
 96 
 97 
 95 
 95 
 96 
 82 
 81 
 78 
 80 
 99 
 87 
 83 
 94 
 83 
 99 
 96 
 85 
 83 
 104 
 85 
 103 
 90 
 86 
 94 
 94 
 109 
 88 
 104 
 81 
 97 
 96 
 82 
 93 
 91 
 88 
 82 
 110 
 100 
 76 
 94 
 70 
 82 
 101 
 98 
 94 
 81 
 107 
 74 
 97 
 90 
 86 
 119 
 94 
 109 
 95 
 89 
 86 
 97 
 93 
 84 
 110 
 89 
 114 
 75 
 102 
 90 
 97 
 87 
 97 
 116 
 108 
 88 
 88 
 97 
 101 
 99 
 84 
 101 
 105 
 92 
 104 
 118 
 101 
 98 
 102 
 85 
 98 
 99 
 77 
 78 
 95 
 88 
 111 
 95 
 85 
 90 
 110 
 119 
 91 
 104 
 112 
 104 
 97 
 103 
 100 
 100 
 91 
 93 
 90 
 102 
 113 
 100 
 85 
 88 
 91 
 82 
 86 
 89 
 82 
 101 
 72 
 103 
 71 
 84 
 100 
 73 
 80 
 87 
 69 
 82 
 76 
 72 
 87 
 81 
 76 
 85 
 75 
 77 
 67 
 81 
 67 
 69 
 75 
 57 
 74 
 72 
 73 
 67 
 65 
 59 
 59 
 60 
 80 
 51 
 44 
 57 
 62 
 53 
 59 
 49 
 58 
 60 
 58 
 56 
 50 
 34 
 52 
 52 
 44 
 43 
 43 
 43 
 44 
 52 
 43 
 40 
 55 
 55 
 41 
 34 
 49 
 48 
 39 
 58 
 49 
 42 
 42 
 35 
 28 
 37 
 41 
 40 
 23 
 39 
 44 
 33 
 36 
 34 
 31 
 37 
 44 
 35 
 31 
 31 
 32 
 37 
 29 
 39 
 43 
 27 
 29 
 35 
 42 
 36 
 30 
 38 
 38 
 30 
 28 
 23 
 39 
 36 
 37 
 29 
 34 
 37 
 33 
 24 
 26 
 30 
 28 
 29 
 29 
 33 
 30 
 22 
 18 
 22 
 32 
 16 
 22 
 35 
 27 
 23 
 28 
 22 
 18 
 25 
 24 
 21 
 24 
 37 
 26 
 26 
 19 
 26 
 28 
 22 
 16 
 20 
 23 
 14 
 25 
 14 
 26 
 23 
 27 
 26 
 23 
 18 
 23 
 25 
 26 
 14 
 15 
 19 
 28 
 26 
 21 
 15 
 26 
 15 
 18 
 19 
 23 
 19 
 17 
 26 
 14 
 19 
 19 
 16 
 18 
 18 
 18 
 17 
 27 
 15 
 10 
 26 
 17 
 24 
 15 
 19 
 19 
 11 
 19 
 19 
 20 
 20 
 19 
 15 
 19 
 27 
 16 
 19 
 20 
 22 
 34 
 23 
 19 
 19 
 27 
 20 
 28 
 23 
 31 
 37 
 29 
 33 
 34 
 24 
 32 
 31 
 38 
 27 
 42 
 36 
 42 
 51 
 52 
 51 
 52 
 58 
 77 
 60 
 59 
 74 
 69 
 75 
 69 
 76 
 88 
 81 
 93 
 92 
 124 
 99 
 106 
 114 
 120 
 133 
 143 
 129 
 148 
 130 
 154 
 165 
 146 
 157 
 143 
 163 
 198 
 200 
 201 
 203 
 209 
 216 
 215 
 204 
 214 
 238 
 216 
 221 
 286 
 235 
 268 
 254 
 253 
 262 
 265 
 295 
 276 
 297 
 268 
 281 
 314 
 314 
 325 
 294 
 295 
 321 
 318 
 296 
 303 
 324 
 279 
 319 
 328 
 288 
 332 
 316 
 335 
 326 
 291 
 305 
 315 
 318 
 283 
 290 
 294 
 258 
 252 
 279 
 295 
 254 
 256 
 242 
 264 
 220 
 222 
 244 
 229 
 232 
 222 
 257 
 198 
 223 
 193 
 179 
 207 
 175 
 143 
 169 
 147 
 187 
 132 
 142 
 159 
 164 
 142 
 136 
 119 
 136 
 110 
 113 
 116 
 106 
 125 
 100 
 91 
 99 
 69 
 84 
 78 
 78 
 79 
 74 
 55 
 70 
 51 
 62 
 40 
 52 
 51 
 42 
 43 
 39 
 32 
 34 
 37 
 38 
 31 
 31 
 33 
 29 
 31 
 23 
 22 
 27 
 21 
 19 
 16 
 20 
 11 
 19 
 22 
 10 
 14 
 12 
 16 
 12 
 10 
 10 
 10 
 4 
 8 
 9 
 7 
 8 
 10 
 9 
 5 
 8 
 9 
 8 
 2 
 10 
 6 
 13 
 2 
 7 
 3 
 6 
 5 
 3 
 5 
 3 
 2 
 5 
 3 
 5 
 4 
 5 
 5 
 2 
 5 
 4 
 7 
 6 
 6 
 2 
 3 
 1 
 1 
 1 
 3 
 1 
 6 
 4 
 3 
 3 
 4 
 6 
 5 
 2 
 4 
 2 
 1 
 7 
 0 
 2 
 5 
 7 
 3 
 3 
 5 
 4 
 5 
 6 
 7 
 4 
 2 
 1 
 4 
 3 
 5 
 4 
 3 
 5 
 4 
 4 
 2 
 3 
 3 
 6 
 4 
 3 
 4 
 5 
 1 
 6 
 4 
 2 
 3 
 0 
 3 
 3 
 2 
 2 
 4 
 4 
 3 
 5 
 4 
 2 
 3 
 0 
 5 
 3 
 2 
 3 
 2 
 1 
 6 
 7 
 1 
 3 
 3 
 5 
 1 
 4 
 5 
 5 
 2 
 2 
 4 
 5 
 4 
 1 
 1 
 2 
 4 
 3 
 3 
 2 
 3 
 4 
 2 
 3 
 3 
 3 
 4 
 1 
 0 
 2 
 2 
 11 
 1 
 2 
 5 
 2 
 5 
 2 
 5 
 1 
 3 
 0 
 5 
 4 
 5 
 3 
 1 
 6 
 5 
 4 
 3 
 1 
 0 
 2 
 2 
 0 
 2 
 0 
 6 
 3 
 0 
 4 
 4 
 0 
 3 
 1 
 1 
 2 
 1 
 4 
 5 
 4 
 1 
 3 
 1 
 2 
 3 
 3 
 2 
 3 
 4 
 2 
 2 
 4 
 3 
 5 
 3 
 0 
 2 
 5 
 1 
 3 
 3 
 5 
 3 
 3 
 2 
 0 
 2 
 5 
 5 
 3 
 2 
 2 
 2 
 1 
 1 
 2 
 1 
 1 
 4 
 2 
 2 
 6 
 1 
 1 
 1 
 3 
 5 
 1 
 2 
 3 
 2 
 3 
 3 
 0 
 2 
 2 
 3 
 1 
 1 
 4 
 4 
 5 
 2 
 1 
 1 
 1 
 2 
 2 
 2 
 3 
 6 
 2 
 0 
 1 
 1 
 2 
 1 
 1 
 3 
 3 
 1 
 2 
 4 
 1 
 4 
 3 
 2 
 5 
 1 
 2 
 1 
 2 
 2 
 2 
 1 
 3 
 3 
 4 
 2 
 2 
 0 
 3 
 1 
 5 
 5 
 1 
 1 
 2 
 1 
 4 
 4 
 2 
 2 
 1 
 3 
 1 
 1 
 0 
 1 
 2 
 0 
 3 
 2 
 2 
 1 
 1 
 2 
 0 
 0 
 0 
 1 
 0 
 3 
 4 
 4 
 1 
 0 
 0 
 3 
 1 
 0 
 0 
 3 
 0 
 2 
 1 
 1 
 1 
 2 
 0 
 0 
 3 
 1 
 1 
 2 
 1 
 3 
 3 
 2 
 1 
 1 
 0 
 0 
 0 
 1 
 0 
 0 
 0 
 1 
 1 
 1 
 4 
 5 
 0 
 2 
 2 
 0 
 1 
 1 
 0 
 3 
 1 
 0 
 2 
 1 
 1 
 2 
 1 
 1 
 1 
 2 
 1 
 2 
 1 
 2 
 2 
 1 
 3 
 1 
 0 
 1 
 1 
 0 
 4 
 2 
 0 
 2 
 1 
 1 
 2 
 1 
 1 
 0 
 3 
 2 
 0 
 0 
 0 
 0 
 4 
 0 
 0 
 1 
 1 
 1 
 1 
 2 
 1 
 2 
 2 
 2 
 1 
 1 
 4 
 0 
 3 
 0 
 3 
 2 
 2 
 1 
 1 
 1 
 0 
 3 
 1 
 0 
 1 
 2 
 0 
 1 
 2 
 3 
 4 
 3 
 3 
 1 
 1 
 0 
 0 
 3 
 0 
 1 
 1 
 3 
 6 
 1 
 2 
 2 
 1 
 5 
 3 
 3 
 2 
 3 
 2 
 5 
 4 
 7 
 1 
 3 
 2 
 3 
 7 
 6 
 1 
 4 
 5 
 3 
 0 
 6 
 1 
 2 
 3 
 4 
 6 
 3 
 4 
 2 
 6 
 4 
 2 
 8 
 2 
 5 
 5 
 6 
 3 
 3 
 4 
 3 
 4 
 4 
 4 
 3 
 2 
 3 
 2 
 2 
 3 
 6 
 1 
 4 
 5 
 4 
 5 
 1 
 2 
 1 
 5 
 4 
 1 
 4 
 8 
 7 
 4 
 0 
 7 
 4 
 0 
 6 
 1 
 1 
 1 
 1 
 3 
 5 
 2 
 0 
 1 
 2 
 2 
 5 
 0 
 4 
 2 
 3 
 1 
 1 
 2 
 2 
 1 
 2 
 1 
 4 
 2 
 2 
 0 
 2 
 2 
 2 
 1 
 0 
 0 
 1 
 0 
 0 
 2 
 0 
 3 
 0 
 0 
 2 
 2 
 2 
 1 
 0 
 1 
 0 
 0 
 0 
 0 
 0 
 0 
 0 
 0 
 0 
 0 
 1 
 1 
 3 
 0 
 0 
 0 
 1 
 0 
 0 
 0 
 0 
 0 
 2 
 0 
 0 
 0 
 0 
 1 
 0 
 0 
 0 
 0 
 0 
 0 
 0 
 1 
 0 
 0 
 0 
 0 
 0 
 0 
 0 
 0 
 0 
 0 
 0 
 0 
 0 
 1 
 0 
 0 
 0 
 0 
 0 
 0 
 0 
 0 
 0 
 0 
 0 
 0 
 0 
 0 
 1 
 0 
 0 
 0 
 0 
 0 
 0 
 0 
 0 
 0 
 0 
 0 
 0 
 0 
 0 
 0 
 0 
 0 
 0 
 1 
 0 
 0 
 1 
 1 
 1 
 0 
 0 
 0 
 0 
 0 
 0 
 0 
 0 
 0 
 0 
 0 
 1 
 1 
 0 
 0 
 0 
 0 
 0 
 0 
 0 
 0 
 0 
 0 
 1 
 0 
 0 
 0 
 0 
 0 
 0 
 0 
 0 
 0 
 0 
 0 
 0 
 0 
 0 
 0 
 0 
 0 
 0 
 0 
 0 
 0 
 0 
 1 
 0 
 0 
 0 
 0 
 0 
 0 
 0 
 0 
 0 
 0 
 0 
 0 
 0 
 0 
 0 
 0 
 0 
 0 
 0 
 0 
 0 
 0 
 0 
 0 
 0 
 0 
 1 
 0 
 0 
 1 
 1 
 0 
 0 
 0 
 1 
 0 
 0 
 0 
 0 
 0 
 0 
 0 
 0 
 0 
 0 
 0 
 1 
 0 
 0 
 0 
 0 
 0 
 0 
 0 
 0 
 0 
 0 
 0 
 0 
 0 
 0 
 0 
 0 
 1 
 0 
 0 
 0 
 0 
 1 
 0 
 0 
 0 
 0 
 0 
 0 
 0 
 0 
 0 
 1 
 0 
 0 
 0 
 0 
 0 
 0 
 0 
 0 
 0 
 0 
 0 
 0 
 0 
 0 
 0 
 0 
 0 
 0 
 0 
 0 
 0 
 0 
 0 
 0 
 0 
 0 
 0 
 0 
 0 
 0 
 0 
 0 
 0 
 0 
 0 
 0 
 0 
 0 
 0 
 0 
 0 
 0 
 1 
 1 
 0 
 0 
 0 
 0 
 0 
 0 
 0 
 0 
 0 
 0 
 0 
 0 
 0 
 0 
 0 
 0 
 0 
 0 
 0 
 0 
 0 
 0 
 0 
 0 
 0 
 0 
 0 
 0 
 0 
 0 
 0 
 0 
 0 
 0 
 0 
 0 
 0 
 0 
 0 
 0 
 0 
 0 
 0 
 0 
 0 
 0 
 0 
 0 
 0 
 0 
 0 
 0 
 0 
 0 
 0 
 0 
 0 
 0 
 0 
 0 
 0 
 0 
 0 
 0 
 0 
 0 
 0 
 0 
 0 
 0 
 0 
 0 
 0 
 0 
 0 
 0 
 0 
 0 
 0 
 0 
 0 
 0 
 0 
 0 
 0 
 0 
 0 
 0 
 0 
 0 
 2 
 0 
 0 
 0 
 0 
 1 
 0 
 0 
 0 
 1 
 0 
 0 
 0 
 0 
 0 
 0 
 0 
 0 
 0 
 0 
 0 
 0 
 0 
 1 
 0 
 0 
 1 
 0 
 0 
 0 
 0 
 0 
 0 
 0 
 0 
 0 
 0 
 0 
 1 
 0 
 0 
 0 
 0 
 0 
 0 
 0 
 0 
 0 
 0 
 0 
 0 
 0 
 0 
 0 
 1 
 0 
 0 
 1 
 0 
 0 
 1 
 0 
 0 
 0 
 0 
 0 
 0 
 0 
 1 
 0 
 0 
 0 
 0 
 0 
 0 
 0 
 1 
 1 
 0 
 0 
 0 
 0 
 1 
 0 
 0 
 0 
 0 
 0 
 0 
 1 
 0 
 0 
 0 
 0 
 0 
 0 
 0 
 0 
 0 
 0 
 0 
 0 
 0 
 0 
 0 
 0 
 0 
 0 
 0 
 0 
 0 
 0 
 0 
 0 
 0 
 0 
 0 
 0 
 0 
 0 
 0 
 0 
 0 
 0 
 0 
 0 
 0 
 0 
 0 
 0 
 0 
 0 
 0 
 0 
 0 
 0 
 0 
 0 
 0 
 1 
 0 
 0 
 0 
 0 
 1 
 0 
 0 
 0 
 0 
 0 
 0 
 0 
 0 
 0 
 0 
 0 
 0 
 0 
 0 
 0 
 1 
 0 
 0 
 0 
 0 
 0 
 0 
 0 
 0 
 0 
 0 
 0 
 0 
 0 
 0 
 0 
 0 
 0 
 0 
 0 
 0 
 0 
 0 
 0 
 0 
 0 
 0 
 0 
 0 
 0 
 0 
 1 
 0 
 0 
 0 
 0 
 0 
 0 
 0 
 0 
 0 
 0 
 0 
 0 
 0 
 0 
 0 
 0 
 0 
 0 
 0 
 0 
 0 
 0 
 0 
 0 
 0 
 0 
 0 
 0 
 0 
 0 
 0 
 0 
 0 
 0 
 0 
 0 
 0 
 1 
 0 
 0 
 0 
 0 
 0 
 0 
 0 
 0 
 0 
 0 
 0 
 0 
 0 
 0 
 0 
 0 
 0 
 0 
 0 
 1 
 0 
 0 
 1 
 0 
 0 
 0 
 0 
 0 
 1 
 0 
 0 
 0 
 0 
 0 
 0 
 0 
 0 
 0 
 0 
 0 
 0 
 0 
 0 
 0 
 0 
 0 
 0 
 0 
 0 
 0 
 0 
 0 
 0 
 0 
 0 
 0 
 0 
 0 
 0 
 0 
 0 
 0 
 0 
 0 
 0 
 0 
 0 
 0 
 0 
 0 
 0 
 0 
 0 
 0 
 0 
 0 
 0 
 0 
 0 
 0 
 0 
 0 
 0 
 0 
 0 
 0 
 0 
 0 
 0 
 0 
 0 
 0 
 0 
 0 
 0 
 0 
 0 
 0 
 0 
 0 
 0 
 0 
 0 
 0 
 0 
 0 
 0 
 0 
 0 
 0 
 0 
 0 
 0 
 0 
 0 
 0 
 0 
 0 
 0 
 0 
 0 
 0 
 1 
 0 
 0 
 0 
 0 
 0 
 0 
 0 
 0 
 0 
 0 
 0 
 0 
 0 
 0 
 0 
 0 
 0 
 0 
 0 
 0 
 0 
 0 
 0 
 0 
 0 
 1 
 0 
 0 
 0 
 0 
 0 
 0 
 0 
 0 
 0 
 0 
 0 
 0 
 0 
 0 
 0 
 0 
 0 
 0 
 0 
 0 
 0 
 0 
 0 
 0 
 0 
 0 
 0 
 0 
 0 
 0 
 0 
 0 
 0 
 0 
 0 
 0 
 0 
 0 
 0 
 0 
 0 
 0 
 0 
 0 
 0 
 0 
 0 
 0 
 0 
 0 
 0 
 0 
 0 
 0 
 0 
 0 
 0 
 0 
 0 
 0 
 0 
 0 
 0 
 0 
 0 
 0 
 0 
 0 
 0 
 0 
 0 
 0 
 0 
 0 
 0 
 0 
 0 
 0 
 0 
 0 
 0 
 0 
 0 
 0 
 0 
 0 
 1 
 0 
 0 
 0 
 0 
 0 
 0 
 0 
 0 
 0 
 0 
 0 
 0 
 0 
 0 
 0 
 0 
 0 
 0 
 0 
 0 
 0 
 0 
 1 
 0 
 0 
 0 
 1 
 0 
 0 
 0 
 0 
 0 
 0 
 0 
 1 
 0 
 0 
 0 
 0 
 0 
 0 
 1 
 0 
 0 
 0 
 0 
 0 
 0 
 0 
 0 
 0 
 0 
 0 
 0 
 0 
 0 
 0 
 0 
 0 
 0 
 0 
 0 
 0 
 0 
 0 
 0 
 0 
 0 
 0 
 0 
 0 
 0 
 0 
 0 
 0 
 0 
 0 
 0 
 0 
 0 
 0 
 0 
 0 
 0 
 0 
 0 
 0 
 0 
 0 
 0 
 0 
 0 
 0 
 0 
 0 
 0 
 0 
 0 
 0 
 0 
 0 
 0 
 0 
 0 
 0 
 0 
 0 
 0 
 0 
 0 
 0 
 0 
 0 
 0 
 0 
 1 
 0 
 0 
 0 
 0 
 0 
 0 
 0 
 0 
 0 
 0 
 0 
 0 
 0 
 0 
 0 
 0 
 0 
 0 
 0 
 0 
 0 
 0 
 0 
 0 
 0 
 0 
 0 
 0 
 0 
 0 
 0 
 0 
 0 
 0 
 0 
 0 
 0 
 0 
 0 
 0 
 0 
 0 
 0 
 0 
 0 
 0 
 0 
 0 
 0 
 0 
 0 
 0 
 0 
 0 
 0 
 0 
 0 
 0 
 0 
 0 
 0 
 0 
 0 
 0 
 0 
 0 
 0 
 0 
 0 
 0 
 0 
 1 
 0 
 0 
 0 
 0 
 0 
 0 
 0 
 0 
 0 
 0 
 0 
 0 
 0 
 0 
 0 
 0 
 0 
 0 
 0 
 0 
 0 
 0 
 1 
 0 
 0 
 0 
 0 
 0 
 0 
 0 
 0 
 0 
 0 
 0 
 0 
 0 
 0 
 0 
 0 
 0 
 0 
 0 
 0 
 0 
 0 
 0 
 0 
 0 
 0 
 0 
 0 
 0 
 0 
 0 
 0 
 0 
 0 
 0 
 0 
 0 
 0 
 0 
 0 
 0 
 0 
 0 
 0 
 0 
 0 
 0 
 0 
 0 
 0 
 0 
 0 
 0 
 0 
 0 
 0 
 0 
 0 
 0 
 0 
 0 
 0 
 0 
 0 
 0 
 0 
 0 
 0 
 0 
 0 
 0 
 0 
 0 
 0 
 0 
 0 
 0 
 0 
 0 
 0 
 0 
 0 
 0 
 0 
 0 
 0 
 0 
 0 
 0 
 0 
 0 
 0 
 0 
 0 
 0 
 0 
 0 
 0 
 0 
 0 
 0 
 0 
 0 
 0 
 0 
 0 
 0 
 0 
 0 
 0 
 0 
 0 
 0 
 0 
 0 
 0 
 0 
 0 
 0 
 0 
 0 
 0 
 0 
 0 
 0 
 0 
 0 
 0 
 0 
 0 
 0 
 0 
 0 
 0 
 0 
 0 
 0 
 0 
 0 
 0 
 0 
 0 
 0 
 0 
 0 
 0 
 0 
 0 
 0 
 0 
 0 
 0 
 0 
 0 
 0 
 0 
 0 
 0 
 0 
 0 
 0 
 0 
 0 
 0 
 0 
 0 
 0 
 0 
 0 
 0 
 0 
 0 
 0 
 0 
 0 
 0 
 0 
 0 
 0 
 0 
 0 
 0 
 0 
 0 
 0 
 0 
 0 
 0 
 0 
 0 
 0 
 0 
 0 
 0 
 0 
 0 
 0 
 0 
 0 
 0 
 0 
 0 
 0 
 0 
 0 
 0 
 0 
 0 
 0 
 0 
 0 
 0 
 0 
 0 
 0 
 0 
 0 
 0 
 0 
 0 
 0 
 0 
 0 
 0 
 0 
 0 
 0 
 0 
 0 
 0 
 0 
 0 
 0 
 0 
 0 
 0 
 0 
 0 
 0 
 0 
 0 
 0 
 0 
 0 
 0 
 0 
 0 
 0 
 0 
 0 
 0 
 0 
 0 
 0 
 0 
 0 
 0 
 0 
 0 
 0 
 0 
 0 
 0 
 0 
 0 
 0 
 0 
 0 
 0 
 0 
 0 
 0 
 0 
 0 
 0 
 0 
 0 
 0 
 0 
 0 
 0 
 0 
 0 
 0 
 0 
 0 
 0 
 0 
 0 
 0 
 0 
 0 
 0 
 0 
 0 
 0 
 0 
 0 
 0 
 0 
 0 
 0 
 0 
 0 
 0 
 0 
 0 
 0 
 0 
 0 
 0 
 0 
 0 
 0 
 0 
 0 
 0 
 0 
 0 
 0 
 0 
 0 
 0 
 0 
 0 
 0 
 0 
 0 
 0 
 0 
 0 
 0 
 0 
 0 
 0 
 0 
 0 
 0 
 0 
 0 
 0 
 0 
 0 
 0 
 0 
 0 
 0 
 0 
 0 
 0 
 0 
 0 
 0 
 0 
 0 
 0 
 0 
 0 
 0 
 0 
 0 
 0 
 0 
 0 
 0 
 0 
 0 
 0 
 0 
 0 
 0 
 0 
 0 
 0 
 0 
 0 
 0 
 0 
 0 
 0 
 0 
 0 
 0 
 0 
 0 
 0 
 0 
 0 
 0 
 0 
 0 
 0 
 0 
 0 
 0 
 0 
 0 
 0 
 0 
 0 
 0 
 0 
 0 
 0 
 0 
 0 
 0 
 0 
 0 
 0 
 0 
 0 
 0 
 0 
 0 
 0 
 0 
 0 
 0 
 0 
 0 
 0 
 0 
 0 
 0 
 0 
 0 
 0 
 0 
 0 
 0 
 0 
 0 
 0 
 0 
 0 
 0 
 0 
 0 
 0 
 0 
 0 
 0 
 0 
 0 
 0 
 0 
 0 
 0 
 0 
 0 
 0 
 0 
 0 
 0 
 0 
 0 
 0 
 0 
 0 
 0 
 0 
 0 
 0 
 0 
 0 
 0 
 0 
 0 
 0 
 0 
 0 
 0 
 0 
 0 
 0 
 0 
 0 
 0 
 0 
 0 
 0 
 0 
 0 
 0 
 0 
 0 
 0 
 0 
 0 
 0 
 0 
 0 
 0 
 0 
 0 
 0 
 0 
 0 
 0 
 0 
 0 
 0 
 0 
 0 
 0 
 0 
 0 
 0 
 0 
 0 
 0 
 0 
 0 
 0 
 0 
 0 
 0 
 0 
 0 
 0 
 0 
 0 
 0 
 0 
 0 
 0 
 0 
 0 
 0 
 0 
 0 
 0 
 0 
 0 
 0 
 0 
 0 
 0 
 0 
 0 
 0 
 0 
 0 
 0 
 0 
 0 
 0 
 0 
 0 
 0 
 0 
 0 
 0 
 0 
 0 
 0 
 0 
 0 
 0 
 0 
 0 
 0 
 0 
 0 
 0 
 0 
 0 
 0 
 0 
 0 
 0 
 0 
 0 
 0 
 0 
 0 
 0 
 0 
 0 
 0 
 0 
 0 
 0 
 0 
 0 
 0 
 0 
 0 
 0 
 0 
 0 
 0 
 0 
 0 
 0 
 0 
 0 
 0 
 0 
 0 
 0 
 0 
 0 
 0 
 0 
 0 
 0 
 0 
 0 
 0 
 0 
 0 
 0 
 0 
 0 
 0 
 0 
 0 
 0 
 0 
 0 
 0 
 0 
 0 
 0 
 0 
 0 
 0 
 0 
 0 
 0 
 0 
 0 
 0 
 0 
 0 
 0 
 0 
 0 
 0 
 0 
 0 
 0 
 0 
 0 
 0 
 0 
 0 
 0 
 0 
 0 
 0 
 0 
 0 
 0 
 0 
 0 
 0 
 0 
 0 
 0 
 0 
 0 
 0 
 0 
 0 
 0 
 0 
 0 
 0 
 0 
 0 
 0 
 0 
 0 
 0 
 0 
 0 
 0 
 0 
 0 
 0 
 0 
 0 
 0 
 0 
 0 
 0 
 0 
 0 
 0 
 0 
 0 
 0 
 0 
 0 
 0 
 0 
 0 
 0 
 0 
 0 
 0 
 0 
 0 
 0 
 0 
 0 
 0 
 0 
 0 
 0 
 0 
 0 
 0 
 0 
 0 
 0 
 0 
 0 
 0 
 0 
 0 
 0 
 0 
 0 
 0 
 0 
 0 
 0 
 0 
 0 
 0 
 0 
 0 
 0 
 0 
 0 
 0 
 0 
 0 
 0 
 0 
 0 
 0 
 0 
 0 
 0 
 0 
 0 
 0 
 0 
 0 
 0 
 0 
 0 
 0 
 0 
 0 
 0 
 0 
 0 
 0 
 0 
 0 
 0 
 0 
 0 
 0 
 0 
 0 
 0 
 0 
 0 
 0 
 0 
 0 
 0 
 0 
 0 
 0 
 0 
 0 
 0 
 0 
 0 
 0 
 0 
 0 
 0 
 0 
 0 
 0 
 0 
 0 
 0 
 0 
 0 
 0 
 0 
 0 
 0 
 0 
 0 
 0 
 0 
 0 
 0 
 0 
 0 
 0 
 0 
 0 
 0 
 0 
 0 
 0 
 0 
 0 
 0 
 0 
 0 
 0 
 0 
 0 
 0 
 0 
 0 
 0 
 0 
 0 
 0 
 0 
 0 
 0 
 0 
 0 
 0 
 0 
 0 
 0 
 0 
 0 
 0 
 0 
 0 
 0 
 0 
 0 
 0 
 0 
 0 
 0 
 0 
 0 
 0 
 0 
 0 
 0 
 0 
 0 
 0 
 0 
 0 
 0 
 0 
 0 
 0 
 0 
 0 
 0 
 0 
 0 
 0 
 0 
 0 
 0 
 0 
 0 
 0 
 0 
 0 
 0 
 0 
 0 
 0 
 0 
 0 
 0 
 0 
 0 
 0 
 0 
 0 
 0 
 0 
 0 
 0 
 0 
 0 
 0 
 0 
 0 
 0 
 0 
 0 
 0 
 0 
 0 
 0 
 0 
 0 
 0 
 0 
 0 
 0 
 0 
 0 
 0 
 0 
 0 
 0 
 0 
 0 
 0 
 0 
 0 
 0 
 0 
 0 
 0 
 0 
 0 
 0 
 0 
 0 
 0 
 0 
 0 
 0 
 0 
 0 
 0 
 0 
 0 
 0 
 0 
 0 
 0 
 0 
 0 
 0 
 0 
 0 
