 0 
 0 
 0 
 0 
 0 
 0 
 0 
 0 
 0 
 0 
 0 
 0 
 0 
 0 
 0 
 0 
 0 
 0 
 0 
 0 
 0 
 1 
 1 
 0 
 1 
 8 
 5 
 10 
 13 
 17 
 14 
 40 
 40 
 34 
 63 
 56 
 54 
 71 
 83 
 98 
 86 
 81 
 101 
 98 
 120 
 120 
 134 
 133 
 118 
 130 
 132 
 106 
 129 
 123 
 139 
 140 
 128 
 136 
 143 
 153 
 144 
 141 
 111 
 152 
 161 
 135 
 175 
 132 
 155 
 124 
 150 
 120 
 141 
 155 
 145 
 147 
 149 
 136 
 156 
 149 
 168 
 172 
 178 
 195 
 176 
 183 
 215 
 221 
 248 
 249 
 229 
 266 
 275 
 278 
 261 
 281 
 292 
 303 
 298 
 291 
 308 
 313 
 242 
 244 
 253 
 231 
 231 
 223 
 204 
 197 
 224 
 194 
 186 
 193 
 202 
 186 
 183 
 179 
 187 
 195 
 173 
 158 
 168 
 156 
 158 
 164 
 156 
 192 
 164 
 161 
 153 
 197 
 177 
 173 
 161 
 165 
 170 
 155 
 178 
 205 
 171 
 174 
 168 
 180 
 184 
 201 
 184 
 176 
 176 
 165 
 205 
 184 
 216 
 198 
 181 
 192 
 200 
 200 
 176 
 204 
 175 
 200 
 181 
 190 
 188 
 194 
 205 
 189 
 180 
 193 
 202 
 166 
 195 
 185 
 176 
 182 
 182 
 167 
 198 
 170 
 156 
 198 
 174 
 191 
 191 
 199 
 191 
 195 
 181 
 208 
 233 
 189 
 217 
 194 
 208 
 177 
 202 
 196 
 224 
 212 
 234 
 210 
 211 
 212 
 219 
 205 
 233 
 228 
 225 
 240 
 226 
 203 
 207 
 216 
 248 
 195 
 235 
 231 
 230 
 216 
 241 
 221 
 213 
 209 
 216 
 195 
 207 
 215 
 216 
 211 
 205 
 222 
 224 
 189 
 198 
 234 
 222 
 210 
 208 
 210 
 197 
 173 
 185 
 205 
 198 
 219 
 206 
 183 
 210 
 206 
 182 
 179 
 204 
 204 
 215 
 184 
 181 
 181 
 197 
 194 
 190 
 187 
 218 
 173 
 200 
 195 
 208 
 181 
 184 
 164 
 188 
 173 
 199 
 180 
 165 
 202 
 222 
 199 
 177 
 194 
 205 
 165 
 191 
 152 
 176 
 156 
 191 
 170 
 180 
 168 
 177 
 167 
 156 
 168 
 190 
 183 
 165 
 168 
 170 
 163 
 171 
 167 
 162 
 153 
 155 
 181 
 180 
 167 
 172 
 146 
 180 
 151 
 163 
 151 
 169 
 159 
 151 
 163 
 164 
 162 
 157 
 169 
 158 
 165 
 162 
 162 
 166 
 146 
 175 
 162 
 165 
 155 
 157 
 170 
 160 
 150 
 175 
 160 
 160 
 176 
 157 
 175 
 155 
 185 
 158 
 159 
 146 
 153 
 160 
 159 
 184 
 141 
 164 
 157 
 153 
 149 
 140 
 159 
 172 
 157 
 143 
 152 
 158 
 181 
 163 
 162 
 134 
 137 
 138 
 133 
 150 
 166 
 161 
 154 
 145 
 116 
 128 
 129 
 132 
 139 
 147 
 140 
 125 
 128 
 129 
 125 
 122 
 127 
 117 
 120 
 124 
 119 
 119 
 102 
 108 
 112 
 90 
 110 
 120 
 109 
 94 
 108 
 113 
 98 
 111 
 97 
 96 
 101 
 98 
 104 
 90 
 106 
 104 
 90 
 93 
 106 
 94 
 113 
 96 
 90 
 86 
 85 
 84 
 95 
 87 
 94 
 90 
 88 
 81 
 64 
 90 
 110 
 99 
 75 
 68 
 94 
 79 
 87 
 109 
 89 
 79 
 73 
 66 
 76 
 71 
 86 
 79 
 78 
 79 
 63 
 72 
 68 
 101 
 80 
 78 
 63 
 75 
 69 
 80 
 68 
 80 
 65 
 75 
 87 
 75 
 73 
 72 
 59 
 73 
 73 
 62 
 71 
 95 
 75 
 83 
 66 
 48 
 71 
 59 
 80 
 70 
 71 
 68 
 57 
 63 
 53 
 65 
 86 
 85 
 69 
 71 
 75 
 74 
 58 
 48 
 50 
 74 
 77 
 56 
 66 
 75 
 63 
 71 
 66 
 67 
 55 
 66 
 54 
 58 
 51 
 80 
 62 
 67 
 73 
 61 
 63 
 64 
 75 
 84 
 65 
 85 
 63 
 73 
 57 
 67 
 72 
 65 
 65 
 68 
 62 
 57 
 76 
 76 
 81 
 79 
 81 
 88 
 101 
 69 
 86 
 88 
 98 
 112 
 108 
 117 
 125 
 130 
 128 
 145 
 140 
 149 
 177 
 187 
 171 
 193 
 214 
 214 
 215 
 265 
 282 
 261 
 301 
 284 
 328 
 316 
 312 
 385 
 386 
 374 
 379 
 421 
 453 
 494 
 458 
 463 
 475 
 448 
 511 
 531 
 522 
 530 
 511 
 525 
 525 
 515 
 550 
 518 
 543 
 541 
 469 
 503 
 535 
 517 
 474 
 514 
 483 
 479 
 416 
 480 
 449 
 404 
 363 
 381 
 353 
 337 
 342 
 317 
 313 
 246 
 259 
 247 
 245 
 231 
 195 
 206 
 182 
 182 
 146 
 155 
 135 
 138 
 118 
 110 
 82 
 83 
 91 
 82 
 77 
 67 
 63 
 56 
 46 
 63 
 47 
 47 
 34 
 36 
 42 
 39 
 31 
 40 
 36 
 26 
 16 
 26 
 20 
 33 
 16 
 22 
 20 
 20 
 26 
 11 
 23 
 20 
 27 
 13 
 21 
 18 
 27 
 16 
 18 
 23 
 15 
 24 
 17 
 23 
 24 
 23 
 20 
 19 
 20 
 18 
 28 
 35 
 12 
 19 
 15 
 14 
 22 
 20 
 20 
 17 
 18 
 16 
 21 
 13 
 16 
 15 
 23 
 22 
 14 
 24 
 17 
 29 
 22 
 15 
 26 
 25 
 26 
 21 
 27 
 26 
 24 
 24 
 19 
 20 
 22 
 27 
 16 
 25 
 20 
 17 
 31 
 12 
 25 
 17 
 19 
 14 
 18 
 22 
 19 
 17 
 20 
 20 
 21 
 14 
 17 
 24 
 19 
 25 
 13 
 15 
 18 
 28 
 29 
 23 
 30 
 20 
 23 
 21 
 13 
 14 
 20 
 11 
 20 
 21 
 15 
 19 
 22 
 23 
 21 
 15 
 15 
 21 
 17 
 19 
 17 
 24 
 17 
 20 
 19 
 23 
 18 
 18 
 22 
 26 
 16 
 24 
 21 
 13 
 16 
 17 
 23 
 20 
 15 
 23 
 19 
 19 
 16 
 21 
 19 
 21 
 18 
 20 
 16 
 24 
 20 
 18 
 18 
 16 
 24 
 15 
 10 
 24 
 19 
 29 
 23 
 26 
 23 
 19 
 15 
 21 
 19 
 23 
 14 
 20 
 16 
 23 
 24 
 32 
 11 
 17 
 20 
 17 
 33 
 23 
 19 
 23 
 16 
 19 
 13 
 20 
 16 
 20 
 18 
 27 
 22 
 16 
 26 
 18 
 21 
 16 
 28 
 20 
 17 
 21 
 24 
 14 
 19 
 16 
 22 
 12 
 20 
 20 
 19 
 18 
 18 
 14 
 25 
 17 
 20 
 20 
 17 
 16 
 29 
 20 
 21 
 22 
 18 
 22 
 20 
 17 
 20 
 16 
 20 
 22 
 23 
 18 
 18 
 18 
 20 
 21 
 17 
 16 
 15 
 20 
 25 
 24 
 14 
 17 
 17 
 21 
 18 
 22 
 21 
 14 
 27 
 19 
 17 
 21 
 14 
 19 
 21 
 17 
 20 
 25 
 20 
 21 
 10 
 21 
 16 
 17 
 20 
 14 
 22 
 20 
 19 
 19 
 22 
 21 
 15 
 20 
 25 
 16 
 17 
 22 
 13 
 22 
 19 
 11 
 13 
 15 
 23 
 20 
 24 
 17 
 21 
 16 
 17 
 27 
 18 
 18 
 23 
 23 
 19 
 18 
 14 
 16 
 18 
 23 
 16 
 17 
 22 
 15 
 20 
 24 
 22 
 19 
 15 
 18 
 9 
 16 
 11 
 22 
 16 
 17 
 19 
 19 
 23 
 17 
 19 
 13 
 16 
 18 
 22 
 18 
 10 
 20 
 23 
 22 
 23 
 21 
 17 
 22 
 29 
 23 
 17 
 20 
 16 
 21 
 24 
 25 
 23 
 21 
 21 
 21 
 23 
 17 
 28 
 20 
 18 
 21 
 19 
 27 
 9 
 22 
 26 
 19 
 13 
 20 
 14 
 18 
 19 
 11 
 19 
 18 
 21 
 13 
 15 
 29 
 18 
 22 
 24 
 20 
 17 
 12 
 19 
 20 
 19 
 21 
 23 
 24 
 21 
 20 
 11 
 23 
 23 
 20 
 20 
 21 
 20 
 17 
 24 
 17 
 15 
 15 
 17 
 24 
 24 
 17 
 18 
 23 
 22 
 24 
 20 
 23 
 27 
 20 
 21 
 23 
 22 
 25 
 19 
 17 
 20 
 28 
 28 
 33 
 23 
 21 
 17 
 16 
 19 
 22 
 24 
 16 
 21 
 14 
 20 
 25 
 28 
 27 
 18 
 30 
 19 
 9 
 19 
 20 
 23 
 21 
 22 
 23 
 15 
 25 
 26 
 22 
 14 
 29 
 27 
 22 
 23 
 19 
 23 
 19 
 18 
 25 
 19 
 33 
 28 
 28 
 24 
 18 
 17 
 25 
 18 
 24 
 17 
 22 
 20 
 28 
 29 
 28 
 14 
 22 
 16 
 20 
 24 
 21 
 25 
 30 
 13 
 29 
 18 
 18 
 28 
 36 
 18 
 17 
 17 
 21 
 21 
 19 
 22 
 24 
 19 
 25 
 18 
 30 
 27 
 14 
 14 
 17 
 12 
 27 
 24 
 13 
 16 
 25 
 12 
 24 
 13 
 21 
 14 
 22 
 20 
 13 
 20 
 13 
 19 
 19 
 23 
 12 
 14 
 7 
 16 
 17 
 17 
 13 
 14 
 18 
 9 
 10 
 8 
 10 
 11 
 14 
 9 
 15 
 8 
 13 
 10 
 12 
 10 
 15 
 9 
 15 
 16 
 7 
 5 
 9 
 13 
 7 
 7 
 15 
 12 
 8 
 12 
 11 
 9 
 9 
 6 
 7 
 12 
 9 
 5 
 7 
 5 
 9 
 9 
 2 
 12 
 7 
 4 
 7 
 15 
 9 
 12 
 5 
 4 
 5 
 4 
 7 
 7 
 4 
 10 
 6 
 6 
 9 
 8 
 4 
 5 
 12 
 4 
 8 
 8 
 7 
 6 
 6 
 5 
 2 
 3 
 6 
 7 
 6 
 5 
 2 
 2 
 3 
 6 
 8 
 5 
 6 
 1 
 11 
 9 
 2 
 4 
 5 
 4 
 7 
 5 
 1 
 3 
 9 
 4 
 1 
 9 
 2 
 5 
 4 
 4 
 3 
 4 
 2 
 2 
 4 
 1 
 1 
 7 
 3 
 2 
 3 
 6 
 6 
 8 
 2 
 4 
 4 
 2 
 2 
 5 
 4 
 2 
 3 
 3 
 1 
 3 
 5 
 4 
 3 
 3 
 6 
 1 
 2 
 2 
 2 
 4 
 0 
 5 
 1 
 4 
 3 
 5 
 1 
 4 
 3 
 7 
 3 
 4 
 4 
 5 
 3 
 7 
 5 
 3 
 7 
 4 
 7 
 4 
 4 
 7 
 6 
 5 
 2 
 2 
 3 
 11 
 11 
 3 
 5 
 7 
 5 
 7 
 5 
 4 
 7 
 2 
 7 
 7 
 9 
 4 
 5 
 13 
 7 
 8 
 11 
 11 
 10 
 13 
 12 
 11 
 8 
 15 
 21 
 19 
 22 
 20 
 18 
 24 
 18 
 26 
 23 
 20 
 15 
 26 
 25 
 34 
 31 
 30 
 36 
 39 
 47 
 40 
 43 
 42 
 41 
 41 
 47 
 39 
 50 
 48 
 46 
 42 
 62 
 39 
 56 
 56 
 56 
 66 
 64 
 52 
 57 
 53 
 65 
 61 
 72 
 62 
 59 
 77 
 57 
 71 
 73 
 63 
 54 
 66 
 64 
 63 
 66 
 76 
 71 
 64 
 74 
 84 
 77 
 70 
 72 
 73 
 66 
 68 
 69 
 64 
 67 
 73 
 77 
 59 
 73 
 65 
 68 
 51 
 70 
 50 
 44 
 55 
 49 
 54 
 63 
 54 
 62 
 39 
 43 
 48 
 53 
 44 
 46 
 40 
 53 
 36 
 43 
 30 
 32 
 37 
 30 
 26 
 28 
 26 
 27 
 33 
 26 
 24 
 26 
 18 
 22 
 16 
 15 
 14 
 25 
 15 
 15 
 15 
 16 
 23 
 18 
 12 
 22 
 16 
 19 
 11 
 7 
 14 
 10 
 10 
 10 
 8 
 7 
 6 
 6 
 5 
 12 
 5 
 5 
 1 
 9 
 3 
 4 
 2 
 7 
 2 
 6 
 4 
 4 
 5 
 1 
 4 
 3 
 4 
 5 
 1 
 1 
 3 
 2 
 1 
 4 
 3 
 3 
 2 
 0 
 0 
 1 
 0 
 1 
 2 
 2 
 1 
 0 
 0 
 0 
 1 
 0 
 0 
 1 
 0 
 1 
 2 
 0 
 0 
 2 
 1 
 1 
 1 
 2 
 0 
 2 
 1 
 1 
 0 
 3 
 2 
 1 
 0 
 0 
 1 
 1 
 0 
 1 
 0 
 1 
 0 
 0 
 1 
 0 
 0 
 1 
 1 
 0 
 0 
 3 
 1 
 0 
 0 
 0 
 0 
 0 
 1 
 0 
 3 
 2 
 0 
 1 
 3 
 0 
 1 
 0 
 2 
 1 
 0 
 0 
 0 
 0 
 0 
 2 
 0 
 1 
 0 
 1 
 0 
 1 
 1 
 1 
 0 
 1 
 0 
 0 
 0 
 1 
 0 
 0 
 1 
 0 
 0 
 0 
 0 
 0 
 1 
 1 
 1 
 0 
 2 
 0 
 1 
 2 
 1 
 0 
 0 
 0 
 0 
 0 
 1 
 0 
 0 
 2 
 0 
 0 
 1 
 3 
 2 
 2 
 0 
 0 
 3 
 0 
 0 
 0 
 0 
 1 
 1 
 0 
 1 
 0 
 1 
 0 
 0 
 0 
 0 
 0 
 2 
 0 
 1 
 2 
 0 
 2 
 1 
 0 
 1 
 2 
 0 
 0 
 0 
 1 
 0 
 0 
 1 
 0 
 0 
 0 
 0 
 0 
 0 
 0 
 0 
 0 
 2 
 1 
 1 
 2 
 0 
 0 
 1 
 0 
 3 
 2 
 0 
 0 
 0 
 0 
 0 
 0 
 1 
 0 
 1 
 1 
 1 
 0 
 0 
 0 
 1 
 1 
 1 
 0 
 0 
 0 
 0 
 1 
 2 
 0 
 0 
 0 
 0 
 0 
 0 
 0 
 1 
 0 
 0 
 0 
 1 
 1 
 0 
 0 
 0 
 0 
 1 
 1 
 0 
 0 
 0 
 0 
 0 
 0 
 0 
 0 
 0 
 0 
 1 
 0 
 0 
 0 
 1 
 0 
 1 
 0 
 0 
 0 
 0 
 0 
 0 
 0 
 0 
 0 
 0 
 1 
 0 
 1 
 0 
 0 
 0 
 0 
 0 
 2 
 2 
 0 
 1 
 1 
 1 
 0 
 0 
 0 
 0 
 1 
 0 
 0 
 0 
 0 
 0 
 0 
 0 
 0 
 0 
 0 
 0 
 0 
 0 
 1 
 0 
 0 
 1 
 0 
 0 
 0 
 0 
 0 
 0 
 1 
 0 
 1 
 0 
 1 
 0 
 0 
 0 
 2 
 0 
 0 
 0 
 0 
 0 
 0 
 0 
 0 
 0 
 0 
 0 
 0 
 0 
 0 
 0 
 1 
 0 
 0 
 0 
 0 
 0 
 0 
 1 
 0 
 0 
 0 
 0 
 0 
 0 
 0 
 0 
 0 
 0 
 1 
 0 
 0 
 0 
 1 
 0 
 0 
 0 
 0 
 0 
 0 
 0 
 0 
 0 
 0 
 0 
 0 
 0 
 0 
 0 
 0 
 1 
 0 
 0 
 0 
 0 
 0 
 1 
 0 
 0 
 0 
 1 
 1 
 0 
 0 
 0 
 0 
 1 
 0 
 0 
 0 
 0 
 0 
 0 
 0 
 0 
 0 
 0 
 1 
 0 
 0 
 0 
 0 
 0 
 0 
 0 
 0 
 0 
 0 
 0 
 0 
 0 
 0 
 0 
 1 
 0 
 0 
 0 
 1 
 0 
 0 
 0 
 0 
 0 
 0 
 1 
 0 
 0 
 0 
 0 
 0 
 0 
 1 
 0 
 0 
 1 
 0 
 0 
 1 
 0 
 0 
 1 
 0 
 1 
 0 
 1 
 0 
 1 
 1 
 1 
 0 
 0 
 0 
 0 
 0 
 0 
 0 
 1 
 0 
 0 
 0 
 0 
 0 
 1 
 0 
 1 
 1 
 0 
 0 
 1 
 0 
 1 
 0 
 1 
 0 
 0 
 1 
 0 
 0 
 0 
 1 
 0 
 0 
 0 
 1 
 2 
 0 
 1 
 0 
 1 
 0 
 0 
 0 
 0 
 1 
 0 
 0 
 0 
 0 
 0 
 3 
 0 
 1 
 0 
 2 
 0 
 1 
 0 
 0 
 1 
 0 
 0 
 2 
 0 
 0 
 0 
 1 
 0 
 0 
 1 
 1 
 0 
 0 
 0 
 0 
 1 
 1 
 0 
 0 
 0 
 0 
 0 
 0 
 0 
 1 
 0 
 0 
 0 
 0 
 0 
 0 
 0 
 0 
 1 
 0 
 0 
 0 
 0 
 0 
 0 
 0 
 0 
 1 
 0 
 1 
 0 
 0 
 0 
 0 
 0 
 0 
 0 
 0 
 0 
 0 
 0 
 0 
 0 
 0 
 0 
 0 
 0 
 0 
 0 
 0 
 0 
 0 
 0 
 1 
 0 
 0 
 0 
 0 
 0 
 0 
 0 
 0 
 1 
 0 
 0 
 0 
 0 
 0 
 0 
 0 
 0 
 0 
 0 
 0 
 0 
 0 
 0 
 0 
 0 
 0 
 0 
 0 
 0 
 0 
 0 
 0 
 0 
 0 
 0 
 0 
 0 
 0 
 0 
 0 
 0 
 0 
 0 
 0 
 0 
 0 
 0 
 0 
 0 
 0 
 0 
 0 
 0 
 0 
 0 
 0 
 0 
 0 
 0 
 0 
 0 
 0 
 0 
 0 
 0 
 0 
 0 
 1 
 0 
 0 
 0 
 0 
 0 
 0 
 0 
 0 
 0 
 0 
 0 
 0 
 0 
 0 
 0 
 0 
 0 
 0 
 0 
 0 
 1 
 0 
 0 
 0 
 0 
 0 
 0 
 0 
 0 
 0 
 0 
 0 
 0 
 0 
 0 
 0 
 0 
 0 
 0 
 0 
 0 
 0 
 0 
 0 
 0 
 0 
 0 
 0 
 0 
 0 
 0 
 0 
 0 
 0 
 0 
 0 
 0 
 0 
 0 
 0 
 0 
 0 
 0 
 0 
 0 
 0 
 0 
 0 
 0 
 0 
 0 
 0 
 0 
 0 
 0 
 0 
 0 
 0 
 0 
 0 
 0 
 0 
 0 
 0 
 0 
 0 
 0 
 0 
 0 
 0 
 0 
 0 
 0 
 0 
 0 
 0 
 0 
 0 
 0 
 0 
 0 
 0 
 0 
 0 
 0 
 0 
 0 
 0 
 0 
 0 
 0 
 0 
 0 
 0 
 0 
 0 
 0 
 0 
 1 
 0 
 0 
 0 
 1 
 0 
 0 
 0 
 0 
 0 
 0 
 0 
 0 
 0 
 0 
 0 
 0 
 0 
 0 
 0 
 0 
 0 
 0 
 0 
 0 
 0 
 0 
 0 
 0 
 0 
 1 
 0 
 0 
 0 
 0 
 0 
 0 
 0 
 0 
 0 
 0 
 0 
 0 
 0 
 0 
 0 
 0 
 0 
 0 
 0 
 0 
 0 
 0 
 0 
 0 
 0 
 0 
 0 
 0 
 0 
 0 
 0 
 0 
 0 
 0 
 0 
 0 
 0 
 0 
 0 
 0 
 0 
 0 
 0 
 0 
 0 
 0 
 0 
 0 
 0 
 0 
 1 
 0 
 0 
 0 
 0 
 0 
 1 
 0 
 0 
 0 
 0 
 0 
 0 
 0 
 0 
 0 
 0 
 0 
 0 
 0 
 0 
 0 
 0 
 0 
 0 
 0 
 0 
 0 
 0 
 0 
 0 
 0 
 0 
 0 
 0 
 0 
 0 
 1 
 0 
 0 
 0 
 0 
 0 
 0 
 0 
 0 
 0 
 0 
 0 
 0 
 0 
 0 
 0 
 0 
 0 
 0 
 0 
 0 
 0 
 0 
 0 
 0 
 0 
 0 
 0 
 0 
 0 
 0 
 0 
 0 
 0 
 0 
 0 
 0 
 0 
 0 
 0 
 0 
 0 
 0 
 0 
 0 
 0 
 1 
 0 
 0 
 0 
 0 
 0 
 0 
 0 
 0 
 0 
 0 
 0 
 0 
 0 
 0 
 0 
 1 
 0 
 0 
 0 
 0 
 0 
 0 
 0 
 0 
 0 
 0 
 0 
 0 
 0 
 0 
 0 
 0 
 0 
 0 
 0 
 0 
 0 
 0 
 0 
 0 
 0 
 0 
 0 
 0 
 0 
 0 
 0 
 0 
 0 
 0 
 0 
 0 
 0 
 0 
 0 
 0 
 0 
 0 
 0 
 0 
 0 
 0 
 0 
 0 
 0 
 0 
 0 
 0 
 0 
 0 
 0 
 0 
 0 
 0 
 0 
 0 
 0 
 0 
 0 
 0 
 0 
 0 
 0 
 0 
 0 
 0 
 0 
 0 
 0 
 0 
 0 
 0 
 0 
 0 
 0 
 0 
 0 
 0 
 0 
 0 
 0 
 0 
 0 
 0 
 0 
 0 
 0 
 0 
 0 
 0 
 0 
 0 
 0 
 0 
 0 
 0 
 0 
 0 
 0 
 0 
 0 
 0 
 0 
 0 
 0 
 0 
 0 
 0 
 0 
 0 
 0 
 0 
 0 
 0 
 0 
 0 
 0 
 0 
 0 
 0 
 0 
 0 
 0 
 0 
 0 
 0 
 0 
 0 
 0 
 0 
 0 
 0 
 0 
 0 
 0 
 0 
 0 
 0 
 0 
 0 
 0 
 0 
 1 
 0 
 0 
 0 
 0 
 0 
 0 
 0 
 0 
 0 
 0 
 0 
 0 
 0 
 0 
 0 
 0 
 0 
 0 
 0 
 0 
 0 
 0 
 0 
 0 
 0 
 0 
 0 
 1 
 0 
 0 
 0 
 0 
 0 
 0 
 0 
 0 
 0 
 0 
 0 
 0 
 0 
 0 
 0 
 0 
 0 
 0 
 0 
 0 
 0 
 0 
 0 
 0 
 0 
 0 
 0 
 0 
 0 
 0 
 0 
 0 
 0 
 0 
 0 
 0 
 1 
 0 
 0 
 0 
 0 
 0 
 0 
 0 
 0 
 0 
 0 
 0 
 0 
 0 
 0 
 0 
 0 
 0 
 0 
 0 
 0 
 0 
 0 
 0 
 0 
 0 
 0 
 0 
 0 
 0 
 0 
 0 
 0 
 0 
 0 
 0 
 0 
 0 
 0 
 0 
 0 
 0 
 0 
 0 
 0 
 0 
 0 
 0 
 0 
 0 
 0 
 0 
 0 
 0 
 0 
 0 
 0 
 0 
 0 
 0 
 0 
 0 
 0 
 0 
 0 
 0 
 0 
 0 
 0 
 0 
 0 
 0 
 0 
 0 
 0 
 0 
 0 
 0 
 0 
 0 
 0 
 0 
 0 
 0 
 0 
 0 
 0 
 0 
 0 
 0 
 0 
 0 
 0 
 0 
 0 
 0 
 0 
 0 
 0 
 0 
 0 
 0 
 0 
 0 
 0 
 0 
 0 
 0 
 0 
 0 
 0 
 0 
 0 
 0 
 0 
 0 
 0 
 0 
 0 
 0 
 0 
 0 
 0 
 0 
 0 
 0 
 0 
 0 
 0 
 0 
 0 
 0 
 0 
 0 
 0 
 0 
 0 
 0 
 0 
 0 
 0 
 0 
 0 
 0 
 0 
 0 
 0 
 0 
 0 
 0 
 0 
 0 
 0 
 0 
 0 
 0 
 0 
 0 
 0 
 0 
 0 
 0 
 0 
 0 
 0 
 0 
 0 
 0 
 0 
 0 
 0 
 0 
 0 
 0 
 0 
 0 
 0 
 0 
 0 
 0 
 0 
 0 
 0 
 0 
 0 
 0 
 0 
 0 
 0 
 0 
 0 
 0 
 0 
 0 
 0 
 0 
 0 
 0 
 0 
 0 
 0 
 0 
 0 
 0 
 0 
 0 
 1 
 0 
 0 
 0 
 0 
 0 
 0 
 0 
 0 
 1 
 0 
 0 
 1 
 0 
 0 
 0 
 0 
 0 
 0 
 0 
 0 
 0 
 0 
 0 
 0 
 0 
 0 
 0 
 0 
 0 
 0 
 0 
 0 
 0 
 0 
 0 
 0 
 0 
 0 
 0 
 0 
 0 
 0 
 0 
 0 
 0 
 0 
 0 
 0 
 0 
 0 
 0 
 0 
 0 
 0 
 0 
 0 
 0 
 0 
 0 
 0 
 0 
 0 
 0 
 0 
 0 
 0 
 0 
 0 
 0 
 0 
 1 
 0 
 0 
 0 
 0 
 0 
 0 
 0 
 0 
 0 
 0 
 0 
 0 
 0 
 0 
 0 
 0 
 0 
 0 
 0 
 0 
 0 
 0 
 0 
 0 
 0 
 0 
 0 
 0 
 0 
 0 
 0 
 0 
 0 
 0 
 0 
 0 
 0 
 0 
 0 
 0 
 0 
 0 
 0 
 0 
 0 
 0 
 0 
 0 
 0 
 0 
 0 
 0 
 0 
 0 
 0 
 0 
 0 
 0 
 0 
 0 
 0 
 0 
 0 
 0 
 0 
 0 
 0 
 0 
 0 
 0 
 0 
 0 
 0 
 0 
 0 
 0 
 0 
 0 
 0 
 0 
 0 
 0 
 0 
 0 
 1 
 0 
 0 
 0 
 0 
 0 
 0 
 0 
 0 
 0 
 0 
 0 
 0 
 0 
 0 
 0 
 0 
 0 
 0 
 0 
 0 
 0 
 0 
 0 
 0 
 0 
 0 
 0 
 0 
 0 
 0 
 0 
 0 
 0 
 0 
 0 
 0 
 0 
 0 
 0 
 0 
 0 
 0 
 0 
 0 
 0 
 0 
 0 
 0 
 1 
 0 
 0 
 0 
 0 
 0 
 0 
 0 
 0 
 0 
 0 
 0 
 0 
 0 
 0 
 0 
 0 
 0 
 0 
 0 
 0 
 0 
 0 
 0 
 0 
 0 
 0 
 0 
 0 
 0 
 0 
 0 
 0 
 0 
 0 
 0 
 0 
 0 
 0 
 0 
 0 
 0 
 0 
 0 
 0 
 1 
 0 
 0 
 0 
 0 
 0 
 0 
 0 
 0 
 0 
 0 
 0 
 0 
 0 
 0 
 0 
 0 
 0 
 0 
 0 
 0 
 0 
 0 
 0 
 0 
 0 
 0 
 0 
 0 
 0 
 0 
 0 
 0 
 0 
 0 
 0 
 0 
 0 
 0 
 0 
 0 
 0 
 0 
 0 
 0 
 0 
 0 
 0 
 0 
 0 
 0 
 0 
 0 
 0 
 0 
 0 
 0 
 0 
 0 
 0 
 0 
 0 
 0 
 0 
 0 
 0 
 0 
 0 
 0 
 0 
 0 
 0 
 0 
 0 
 0 
 0 
 0 
 0 
 0 
 0 
 0 
 0 
 0 
 0 
 0 
 0 
 0 
 0 
 0 
 0 
 0 
 0 
 0 
 0 
 0 
 0 
 0 
 0 
 0 
 0 
 0 
 0 
 0 
 0 
 0 
 0 
 0 
 0 
 0 
 0 
 0 
 0 
 0 
 0 
 0 
 0 
 0 
 0 
 0 
 0 
 0 
 0 
 0 
 0 
 0 
 0 
 0 
 0 
 0 
 0 
 0 
 0 
 0 
 0 
 0 
 0 
 0 
 0 
 0 
 0 
 0 
 0 
 0 
 0 
 0 
 0 
 0 
 0 
 0 
 0 
 0 
 0 
 0 
 0 
 0 
 0 
 0 
 0 
 0 
 0 
 0 
 0 
 0 
 0 
 0 
 0 
 0 
 0 
 0 
 0 
 0 
 0 
 0 
 0 
 0 
 0 
 0 
 0 
 0 
 0 
 0 
 0 
 0 
 0 
 0 
 0 
 0 
 0 
 0 
 0 
 0 
 0 
 0 
 0 
 0 
 0 
 0 
 0 
 0 
 0 
 0 
 0 
 0 
 0 
 0 
 0 
 0 
 0 
 0 
 0 
 0 
 0 
 0 
 0 
 0 
 0 
 0 
 0 
 0 
 0 
 0 
 0 
 0 
 0 
 0 
 0 
 0 
 0 
 0 
 0 
 0 
 0 
 0 
 0 
 0 
 0 
 0 
 0 
 0 
 0 
 0 
 0 
 0 
 0 
 0 
 0 
 0 
 0 
 0 
 0 
 0 
 0 
 0 
 0 
 0 
 0 
 0 
 0 
 0 
 0 
 0 
 0 
 0 
 0 
 0 
 0 
 0 
 0 
 0 
 0 
 0 
 0 
 0 
 0 
 0 
 0 
 0 
 0 
 0 
 0 
 0 
 0 
 0 
 0 
 0 
 0 
 0 
 0 
 0 
 0 
 0 
 0 
 0 
 0 
 0 
 0 
 0 
 0 
 0 
 0 
 0 
 0 
 0 
 0 
 0 
 0 
 0 
 0 
 0 
 0 
 0 
 0 
 0 
 0 
 0 
 0 
 0 
 0 
 0 
 0 
 0 
 0 
 0 
 0 
 0 
 0 
 0 
 0 
 0 
 0 
 0 
 0 
 0 
 0 
 0 
 0 
 0 
 0 
 0 
 0 
 0 
 0 
 0 
 0 
 0 
 0 
 0 
 0 
 0 
 0 
 0 
 0 
 0 
 0 
 0 
 0 
 0 
 0 
 0 
 0 
 0 
 0 
 0 
 0 
 0 
 0 
 0 
 0 
 0 
 0 
 0 
 0 
 0 
 0 
 0 
 0 
 0 
 0 
 0 
 0 
 0 
 0 
 0 
 0 
 0 
 0 
 0 
 0 
 0 
 0 
 0 
 0 
 0 
 0 
 0 
 0 
 0 
 0 
 0 
 0 
 0 
 0 
 0 
 0 
 0 
 0 
 0 
 0 
 0 
 0 
 0 
 0 
 0 
 0 
 0 
 0 
 0 
 0 
 0 
 0 
 0 
 0 
 0 
 0 
 0 
 0 
 0 
 0 
 0 
 0 
 0 
 0 
 0 
 0 
 0 
 0 
 0 
 0 
 0 
 0 
 0 
 0 
 0 
 0 
 0 
 0 
 0 
 0 
 0 
 0 
 0 
 0 
 0 
 0 
 0 
 0 
 0 
 0 
 0 
 0 
 0 
 0 
 0 
 0 
 0 
 0 
 0 
 0 
 0 
 0 
 0 
 0 
 0 
 0 
 0 
 0 
 0 
 0 
 0 
 0 
 0 
 0 
 0 
 0 
 0 
 0 
 0 
 0 
 0 
 0 
 0 
 0 
 0 
 0 
 0 
 0 
 0 
 0 
 0 
 0 
 0 
 0 
 0 
 0 
 0 
 0 
 0 
 0 
 0 
 0 
 0 
 0 
 0 
 0 
 0 
 0 
 0 
 0 
 0 
 0 
 0 
 0 
 0 
 0 
 0 
 0 
 0 
 0 
 0 
 0 
 0 
 1 
 0 
 0 
 0 
 0 
 0 
 0 
 0 
 0 
 0 
 0 
 0 
 0 
 0 
 0 
 0 
 0 
 0 
 0 
 0 
 0 
 0 
 0 
 0 
 0 
 0 
 0 
 0 
 0 
 0 
 0 
 0 
 0 
 0 
 0 
 0 
 0 
 0 
 0 
 0 
 0 
 0 
 0 
 0 
 0 
 0 
 0 
 0 
 0 
 0 
 0 
 0 
 0 
 0 
 0 
 0 
 0 
 0 
 0 
 0 
 0 
 0 
 0 
 0 
 0 
 0 
 0 
 0 
 0 
 0 
 0 
 0 
 0 
 0 
 0 
 0 
 0 
 0 
 0 
 0 
 0 
 0 
 0 
 0 
 0 
 0 
 0 
 0 
 0 
 0 
 0 
 0 
 0 
 0 
 0 
 0 
 0 
 0 
 0 
 0 
 0 
 0 
 0 
 0 
 0 
 0 
 0 
 0 
 0 
 0 
 0 
 0 
 0 
 0 
 0 
 0 
 0 
 0 
 0 
 0 
 0 
 0 
 0 
 0 
 0 
 0 
 0 
 0 
 0 
 0 
 0 
 0 
 0 
 0 
 0 
 0 
 0 
 0 
 0 
 0 
 0 
 0 
 0 
 0 
 0 
 0 
 0 
 0 
 0 
 0 
 0 
 0 
 0 
 0 
 0 
 0 
 0 
 0 
 0 
 0 
 0 
 0 
 0 
 0 
 0 
 0 
 0 
 0 
 0 
 0 
 0 
 0 
 0 
 0 
 0 
 0 
 0 
 0 
 0 
 0 
 0 
 0 
 0 
 0 
 0 
 0 
 0 
 0 
 0 
 0 
 0 
 0 
 0 
 0 
 0 
 0 
 0 
 0 
 0 
 0 
 0 
 0 
 0 
 0 
 0 
 0 
 0 
 0 
 0 
 0 
 0 
 0 
 0 
 0 
 0 
 0 
 0 
 0 
 0 
 0 
 0 
 0 
 0 
 0 
 0 
 0 
 0 
 0 
 0 
 0 
 0 
 0 
 0 
 0 
 0 
 0 
 0 
 0 
 0 
 0 
 0 
 1 
 0 
 0 
 0 
 0 
 0 
 0 
 0 
 0 
 0 
 0 
 0 
 0 
 0 
 0 
 0 
 0 
 0 
 0 
 0 
 0 
 0 
 0 
 0 
 0 
 0 
 0 
 0 
 0 
 0 
 0 
 0 
 0 
 0 
 0 
 0 
 0 
 0 
 0 
 0 
 0 
 0 
 1 
 0 
 0 
 0 
 0 
 0 
 0 
 0 
 0 
 0 
 0 
 0 
 0 
 0 
 0 
 0 
 0 
 0 
 0 
 0 
 0 
 0 
 0 
 0 
 0 
 0 
 0 
 0 
 0 
 0 
 0 
 0 
 0 
 0 
 0 
 0 
 0 
 0 
 0 
 0 
 0 
 0 
 0 
 0 
 0 
 0 
 0 
 0 
 0 
 0 
 0 
 0 
 0 
 0 
 0 
 0 
 0 
 0 
 0 
 0 
 0 
 0 
 0 
 0 
 0 
 0 
 0 
 0 
 0 
 0 
 0 
 0 
 0 
 0 
 0 
 0 
 0 
 0 
 0 
 0 
 0 
 0 
 0 
 0 
 0 
 0 
 0 
 0 
 0 
 0 
 0 
 0 
 0 
 0 
 0 
 0 
 0 
 0 
 0 
 0 
 0 
 0 
 0 
 0 
 0 
 0 
 0 
 0 
 0 
 0 
 0 
 0 
 0 
 0 
 0 
 0 
 0 
 0 
 0 
 0 
 0 
 0 
 0 
 0 
 0 
 0 
 0 
 0 
 0 
 0 
 0 
 0 
 0 
 0 
 0 
 0 
 0 
 0 
 0 
 0 
 0 
 0 
 0 
 0 
 0 
 0 
 0 
 0 
 0 
 0 
 0 
 0 
 0 
 0 
 0 
 0 
 0 
 0 
 0 
 0 
 0 
 0 
 0 
 0 
 0 
