 0 
 0 
 0 
 0 
 0 
 0 
 0 
 0 
 0 
 0 
 0 
 0 
 0 
 0 
 0 
 0 
 0 
 0 
 0 
 0 
 0 
 0 
 0 
 3 
 0 
 0 
 0 
 3 
 6 
 4 
 9 
 6 
 12 
 17 
 16 
 23 
 19 
 25 
 15 
 26 
 29 
 39 
 40 
 36 
 36 
 44 
 45 
 43 
 37 
 42 
 49 
 44 
 31 
 47 
 42 
 54 
 41 
 46 
 45 
 60 
 47 
 70 
 49 
 62 
 61 
 51 
 63 
 43 
 59 
 58 
 65 
 58 
 55 
 52 
 62 
 65 
 69 
 69 
 60 
 76 
 80 
 64 
 109 
 90 
 106 
 108 
 109 
 124 
 142 
 132 
 133 
 172 
 183 
 143 
 197 
 229 
 197 
 182 
 188 
 173 
 178 
 197 
 156 
 152 
 162 
 116 
 128 
 139 
 130 
 138 
 134 
 99 
 105 
 101 
 96 
 97 
 101 
 88 
 97 
 98 
 75 
 77 
 73 
 82 
 78 
 67 
 71 
 66 
 80 
 76 
 84 
 85 
 73 
 72 
 70 
 78 
 84 
 77 
 80 
 70 
 77 
 74 
 95 
 77 
 80 
 85 
 76 
 86 
 84 
 110 
 79 
 76 
 86 
 85 
 90 
 94 
 88 
 96 
 85 
 90 
 96 
 82 
 81 
 77 
 101 
 98 
 84 
 94 
 96 
 80 
 85 
 89 
 97 
 85 
 82 
 66 
 103 
 72 
 79 
 82 
 98 
 126 
 99 
 85 
 87 
 95 
 85 
 96 
 83 
 95 
 91 
 95 
 100 
 108 
 95 
 100 
 94 
 95 
 109 
 105 
 93 
 98 
 112 
 115 
 105 
 97 
 115 
 116 
 104 
 105 
 103 
 93 
 110 
 104 
 108 
 99 
 100 
 104 
 112 
 91 
 97 
 111 
 106 
 93 
 92 
 103 
 106 
 108 
 113 
 93 
 79 
 96 
 115 
 68 
 104 
 84 
 90 
 79 
 86 
 87 
 62 
 78 
 81 
 85 
 81 
 62 
 77 
 69 
 68 
 66 
 77 
 78 
 66 
 84 
 90 
 70 
 61 
 80 
 73 
 68 
 64 
 73 
 76 
 79 
 80 
 68 
 79 
 79 
 72 
 68 
 72 
 76 
 85 
 59 
 50 
 64 
 79 
 56 
 75 
 78 
 54 
 75 
 61 
 73 
 68 
 62 
 57 
 56 
 67 
 60 
 47 
 66 
 62 
 55 
 60 
 61 
 70 
 64 
 66 
 58 
 60 
 60 
 54 
 53 
 62 
 58 
 50 
 39 
 43 
 45 
 30 
 40 
 48 
 44 
 31 
 54 
 53 
 44 
 34 
 42 
 46 
 38 
 35 
 42 
 37 
 39 
 56 
 51 
 41 
 38 
 35 
 39 
 34 
 32 
 32 
 39 
 42 
 48 
 39 
 28 
 37 
 41 
 35 
 46 
 45 
 41 
 28 
 38 
 34 
 45 
 50 
 42 
 38 
 41 
 29 
 25 
 31 
 33 
 34 
 32 
 35 
 35 
 28 
 28 
 38 
 36 
 18 
 38 
 33 
 28 
 23 
 23 
 26 
 32 
 38 
 32 
 32 
 21 
 32 
 25 
 27 
 29 
 41 
 26 
 31 
 28 
 28 
 32 
 33 
 28 
 22 
 36 
 29 
 29 
 23 
 24 
 24 
 23 
 27 
 30 
 28 
 23 
 34 
 25 
 22 
 26 
 25 
 37 
 21 
 21 
 17 
 29 
 22 
 17 
 22 
 17 
 20 
 19 
 20 
 35 
 19 
 23 
 23 
 21 
 20 
 21 
 30 
 25 
 29 
 24 
 25 
 24 
 26 
 23 
 22 
 27 
 22 
 30 
 22 
 22 
 15 
 20 
 17 
 16 
 20 
 28 
 24 
 20 
 31 
 24 
 21 
 22 
 16 
 23 
 22 
 22 
 12 
 21 
 18 
 25 
 25 
 14 
 19 
 20 
 25 
 24 
 19 
 24 
 20 
 28 
 12 
 20 
 27 
 22 
 15 
 24 
 26 
 18 
 22 
 29 
 30 
 19 
 22 
 26 
 31 
 26 
 20 
 29 
 14 
 23 
 27 
 21 
 19 
 25 
 21 
 31 
 25 
 16 
 20 
 20 
 28 
 16 
 18 
 22 
 22 
 22 
 34 
 20 
 13 
 27 
 24 
 23 
 13 
 16 
 24 
 25 
 18 
 25 
 16 
 22 
 28 
 32 
 19 
 23 
 31 
 15 
 24 
 33 
 18 
 17 
 19 
 15 
 18 
 32 
 15 
 29 
 26 
 23 
 20 
 34 
 25 
 42 
 19 
 31 
 21 
 22 
 20 
 29 
 27 
 19 
 25 
 31 
 22 
 36 
 39 
 33 
 28 
 43 
 41 
 23 
 37 
 42 
 32 
 41 
 49 
 43 
 23 
 46 
 49 
 46 
 34 
 43 
 45 
 53 
 47 
 48 
 46 
 57 
 50 
 43 
 48 
 54 
 48 
 44 
 44 
 43 
 50 
 40 
 41 
 44 
 45 
 41 
 39 
 38 
 43 
 33 
 43 
 39 
 43 
 33 
 42 
 26 
 26 
 30 
 29 
 25 
 31 
 23 
 20 
 19 
 27 
 24 
 24 
 23 
 26 
 25 
 17 
 13 
 10 
 10 
 16 
 15 
 17 
 17 
 13 
 3 
 8 
 9 
 9 
 9 
 7 
 5 
 9 
 8 
 9 
 10 
 10 
 10 
 10 
 11 
 12 
 10 
 9 
 10 
 9 
 13 
 7 
 5 
 5 
 9 
 6 
 5 
 11 
 4 
 4 
 6 
 13 
 6 
 8 
 15 
 8 
 9 
 7 
 10 
 8 
 12 
 4 
 3 
 6 
 8 
 5 
 6 
 5 
 7 
 7 
 3 
 9 
 12 
 10 
 5 
 5 
 7 
 7 
 11 
 11 
 5 
 5 
 8 
 15 
 6 
 7 
 6 
 6 
 9 
 8 
 5 
 7 
 5 
 6 
 6 
 8 
 4 
 5 
 6 
 6 
 11 
 9 
 6 
 9 
 6 
 11 
 6 
 12 
 8 
 7 
 9 
 7 
 2 
 10 
 7 
 5 
 12 
 11 
 8 
 7 
 11 
 4 
 4 
 7 
 6 
 5 
 4 
 6 
 3 
 3 
 11 
 5 
 7 
 6 
 7 
 7 
 7 
 9 
 5 
 9 
 7 
 3 
 4 
 6 
 2 
 3 
 5 
 8 
 7 
 9 
 9 
 6 
 11 
 7 
 9 
 6 
 6 
 1 
 7 
 6 
 4 
 3 
 6 
 11 
 5 
 5 
 7 
 5 
 6 
 4 
 4 
 5 
 5 
 10 
 5 
 6 
 4 
 7 
 6 
 5 
 8 
 8 
 8 
 7 
 8 
 8 
 8 
 8 
 3 
 9 
 3 
 3 
 7 
 6 
 6 
 6 
 7 
 8 
 3 
 4 
 7 
 5 
 7 
 11 
 7 
 6 
 6 
 5 
 5 
 8 
 3 
 5 
 5 
 3 
 5 
 6 
 10 
 5 
 2 
 2 
 8 
 5 
 9 
 6 
 4 
 7 
 4 
 7 
 5 
 8 
 4 
 6 
 2 
 7 
 9 
 2 
 6 
 5 
 9 
 5 
 5 
 6 
 7 
 10 
 7 
 9 
 11 
 10 
 7 
 11 
 7 
 5 
 5 
 7 
 6 
 3 
 5 
 4 
 9 
 10 
 5 
 2 
 10 
 3 
 1 
 10 
 9 
 5 
 7 
 4 
 6 
 8 
 7 
 5 
 4 
 5 
 7 
 8 
 9 
 11 
 6 
 7 
 7 
 7 
 4 
 8 
 9 
 3 
 4 
 7 
 11 
 7 
 4 
 6 
 8 
 10 
 6 
 4 
 3 
 5 
 6 
 2 
 6 
 3 
 8 
 4 
 6 
 7 
 2 
 8 
 5 
 6 
 7 
 7 
 12 
 7 
 6 
 9 
 8 
 7 
 2 
 5 
 9 
 6 
 5 
 5 
 8 
 7 
 7 
 5 
 6 
 5 
 5 
 6 
 7 
 8 
 6 
 9 
 5 
 4 
 7 
 10 
 8 
 8 
 7 
 4 
 3 
 6 
 5 
 6 
 4 
 8 
 5 
 5 
 7 
 2 
 4 
 4 
 13 
 10 
 2 
 6 
 6 
 7 
 8 
 7 
 8 
 6 
 8 
 5 
 6 
 5 
 8 
 4 
 5 
 2 
 6 
 7 
 5 
 5 
 3 
 4 
 8 
 7 
 5 
 2 
 7 
 9 
 3 
 8 
 5 
 5 
 6 
 5 
 8 
 6 
 6 
 9 
 5 
 2 
 5 
 4 
 5 
 2 
 6 
 3 
 8 
 8 
 8 
 3 
 6 
 4 
 6 
 5 
 10 
 2 
 4 
 3 
 3 
 9 
 4 
 6 
 9 
 4 
 7 
 5 
 5 
 7 
 2 
 5 
 8 
 4 
 4 
 7 
 6 
 4 
 9 
 3 
 8 
 7 
 11 
 6 
 4 
 9 
 8 
 4 
 7 
 10 
 4 
 7 
 5 
 6 
 3 
 5 
 5 
 6 
 5 
 3 
 7 
 7 
 10 
 3 
 3 
 3 
 7 
 8 
 7 
 7 
 9 
 3 
 5 
 7 
 10 
 7 
 5 
 7 
 13 
 9 
 7 
 8 
 5 
 4 
 6 
 6 
 6 
 5 
 7 
 6 
 4 
 5 
 5 
 7 
 9 
 6 
 5 
 7 
 7 
 8 
 8 
 6 
 6 
 9 
 1 
 6 
 4 
 3 
 9 
 6 
 11 
 5 
 2 
 7 
 4 
 3 
 8 
 8 
 6 
 7 
 1 
 9 
 6 
 9 
 9 
 6 
 6 
 5 
 8 
 3 
 3 
 4 
 4 
 6 
 5 
 4 
 6 
 2 
 1 
 4 
 4 
 6 
 1 
 6 
 7 
 4 
 2 
 9 
 5 
 6 
 3 
 6 
 8 
 5 
 6 
 6 
 3 
 4 
 3 
 2 
 6 
 6 
 2 
 5 
 4 
 4 
 3 
 3 
 6 
 3 
 3 
 5 
 5 
 8 
 3 
 4 
 4 
 3 
 4 
 1 
 3 
 3 
 5 
 4 
 1 
 2 
 4 
 5 
 5 
 4 
 7 
 3 
 0 
 3 
 0 
 2 
 4 
 4 
 4 
 4 
 1 
 2 
 1 
 6 
 2 
 2 
 3 
 2 
 3 
 6 
 3 
 3 
 2 
 5 
 1 
 2 
 5 
 2 
 4 
 4 
 5 
 3 
 4 
 1 
 6 
 3 
 0 
 1 
 1 
 3 
 1 
 4 
 0 
 3 
 4 
 3 
 2 
 2 
 2 
 4 
 2 
 3 
 5 
 5 
 3 
 5 
 1 
 2 
 4 
 1 
 3 
 4 
 3 
 2 
 2 
 0 
 3 
 2 
 1 
 4 
 2 
 4 
 1 
 3 
 1 
 3 
 3 
 1 
 1 
 2 
 3 
 7 
 4 
 1 
 4 
 1 
 0 
 1 
 2 
 1 
 4 
 2 
 2 
 2 
 2 
 0 
 4 
 4 
 1 
 2 
 5 
 0 
 1 
 1 
 2 
 2 
 3 
 5 
 2 
 4 
 2 
 0 
 1 
 9 
 5 
 4 
 4 
 5 
 2 
 2 
 2 
 1 
 1 
 3 
 3 
 0 
 3 
 4 
 1 
 5 
 3 
 5 
 6 
 3 
 2 
 1 
 2 
 2 
 3 
 1 
 1 
 4 
 3 
 4 
 3 
 2 
 3 
 1 
 5 
 0 
 2 
 2 
 4 
 2 
 2 
 3 
 1 
 1 
 2 
 3 
 3 
 2 
 3 
 2 
 6 
 2 
 4 
 6 
 4 
 4 
 7 
 4 
 8 
 4 
 1 
 9 
 6 
 6 
 4 
 6 
 6 
 3 
 5 
 7 
 4 
 7 
 3 
 7 
 6 
 8 
 10 
 7 
 7 
 10 
 10 
 3 
 11 
 11 
 10 
 8 
 8 
 10 
 6 
 9 
 7 
 11 
 11 
 10 
 13 
 9 
 8 
 6 
 15 
 11 
 10 
 10 
 13 
 15 
 14 
 16 
 10 
 17 
 13 
 11 
 12 
 11 
 6 
 12 
 13 
 14 
 15 
 12 
 5 
 12 
 8 
 9 
 18 
 11 
 14 
 11 
 17 
 10 
 12 
 12 
 9 
 12 
 10 
 11 
 8 
 15 
 9 
 6 
 6 
 12 
 10 
 9 
 10 
 4 
 10 
 12 
 3 
 9 
 9 
 9 
 5 
 11 
 7 
 6 
 5 
 7 
 6 
 5 
 5 
 4 
 3 
 7 
 6 
 5 
 2 
 4 
 4 
 8 
 1 
 1 
 2 
 3 
 1 
 2 
 4 
 3 
 2 
 2 
 3 
 4 
 2 
 3 
 1 
 3 
 0 
 0 
 0 
 2 
 2 
 1 
 2 
 0 
 1 
 1 
 2 
 1 
 2 
 0 
 1 
 1 
 2 
 0 
 0 
 1 
 1 
 0 
 1 
 0 
 1 
 2 
 0 
 0 
 0 
 1 
 0 
 1 
 0 
 1 
 1 
 0 
 0 
 0 
 0 
 1 
 1 
 0 
 1 
 0 
 0 
 1 
 0 
 0 
 0 
 0 
 1 
 0 
 1 
 0 
 0 
 1 
 0 
 0 
 1 
 0 
 1 
 0 
 0 
 0 
 0 
 0 
 1 
 0 
 0 
 0 
 0 
 1 
 0 
 0 
 0 
 0 
 1 
 0 
 0 
 0 
 0 
 0 
 1 
 0 
 0 
 0 
 0 
 0 
 0 
 0 
 2 
 1 
 0 
 1 
 0 
 0 
 0 
 1 
 0 
 0 
 1 
 0 
 0 
 0 
 0 
 0 
 0 
 0 
 1 
 0 
 0 
 1 
 3 
 0 
 0 
 0 
 0 
 0 
 1 
 1 
 0 
 0 
 0 
 1 
 1 
 0 
 0 
 0 
 0 
 0 
 0 
 0 
 0 
 1 
 0 
 0 
 0 
 1 
 0 
 0 
 2 
 0 
 0 
 0 
 0 
 0 
 0 
 0 
 0 
 0 
 0 
 0 
 0 
 1 
 0 
 0 
 1 
 0 
 0 
 2 
 0 
 0 
 0 
 0 
 0 
 0 
 1 
 0 
 0 
 1 
 0 
 0 
 1 
 0 
 0 
 0 
 0 
 0 
 1 
 1 
 0 
 0 
 0 
 0 
 0 
 0 
 0 
 0 
 1 
 0 
 0 
 0 
 0 
 0 
 0 
 0 
 0 
 0 
 0 
 0 
 0 
 0 
 0 
 0 
 0 
 0 
 0 
 0 
 0 
 0 
 0 
 2 
 0 
 1 
 0 
 0 
 0 
 0 
 0 
 0 
 0 
 0 
 0 
 0 
 0 
 0 
 0 
 0 
 0 
 1 
 0 
 0 
 0 
 0 
 0 
 0 
 0 
 0 
 0 
 0 
 0 
 0 
 0 
 0 
 0 
 0 
 0 
 0 
 0 
 0 
 0 
 0 
 0 
 0 
 0 
 0 
 0 
 0 
 0 
 0 
 0 
 0 
 0 
 0 
 0 
 0 
 0 
 0 
 0 
 0 
 0 
 0 
 0 
 0 
 0 
 0 
 0 
 0 
 0 
 0 
 0 
 0 
 0 
 0 
 0 
 0 
 0 
 0 
 0 
 0 
 0 
 0 
 0 
 0 
 0 
 0 
 0 
 0 
 0 
 0 
 0 
 0 
 0 
 0 
 0 
 0 
 0 
 0 
 1 
 0 
 0 
 0 
 0 
 1 
 0 
 0 
 0 
 0 
 1 
 0 
 0 
 0 
 0 
 0 
 0 
 0 
 0 
 0 
 0 
 0 
 0 
 1 
 0 
 0 
 0 
 0 
 0 
 0 
 0 
 0 
 0 
 0 
 0 
 0 
 0 
 0 
 0 
 0 
 0 
 0 
 0 
 0 
 0 
 0 
 0 
 0 
 0 
 0 
 0 
 0 
 0 
 0 
 0 
 0 
 0 
 0 
 0 
 0 
 0 
 0 
 0 
 1 
 0 
 0 
 0 
 0 
 0 
 0 
 0 
 0 
 0 
 0 
 0 
 0 
 0 
 0 
 0 
 0 
 0 
 0 
 0 
 0 
 0 
 1 
 0 
 0 
 0 
 0 
 0 
 0 
 0 
 0 
 0 
 0 
 0 
 0 
 0 
 0 
 0 
 0 
 0 
 0 
 0 
 1 
 0 
 0 
 0 
 0 
 0 
 0 
 0 
 0 
 0 
 0 
 0 
 0 
 0 
 0 
 0 
 0 
 0 
 0 
 0 
 0 
 0 
 0 
 0 
 0 
 0 
 0 
 0 
 0 
 0 
 0 
 0 
 0 
 0 
 0 
 0 
 0 
 0 
 0 
 0 
 0 
 0 
 0 
 0 
 0 
 0 
 0 
 0 
 0 
 0 
 0 
 0 
 0 
 0 
 0 
 0 
 1 
 0 
 0 
 0 
 0 
 0 
 1 
 0 
 0 
 0 
 0 
 0 
 0 
 0 
 0 
 0 
 0 
 1 
 0 
 0 
 0 
 0 
 0 
 0 
 0 
 0 
 1 
 0 
 0 
 0 
 0 
 0 
 0 
 1 
 0 
 0 
 0 
 0 
 0 
 0 
 0 
 0 
 0 
 0 
 0 
 0 
 0 
 0 
 0 
 0 
 0 
 0 
 0 
 0 
 0 
 0 
 0 
 0 
 0 
 0 
 0 
 0 
 0 
 0 
 0 
 0 
 0 
 0 
 1 
 0 
 0 
 0 
 0 
 0 
 0 
 0 
 0 
 0 
 0 
 0 
 0 
 0 
 0 
 0 
 0 
 0 
 0 
 0 
 0 
 0 
 0 
 0 
 0 
 0 
 0 
 0 
 0 
 0 
 0 
 0 
 0 
 0 
 0 
 0 
 0 
 0 
 0 
 0 
 0 
 0 
 0 
 0 
 0 
 0 
 0 
 1 
 0 
 0 
 0 
 0 
 0 
 0 
 0 
 0 
 0 
 0 
 0 
 0 
 0 
 0 
 0 
 0 
 0 
 1 
 0 
 0 
 0 
 0 
 0 
 0 
 0 
 0 
 0 
 0 
 0 
 0 
 0 
 0 
 0 
 1 
 0 
 0 
 0 
 0 
 0 
 0 
 0 
 0 
 0 
 0 
 0 
 0 
 0 
 0 
 0 
 0 
 0 
 0 
 0 
 0 
 0 
 0 
 0 
 0 
 0 
 0 
 0 
 0 
 0 
 0 
 0 
 0 
 0 
 0 
 0 
 0 
 0 
 0 
 0 
 0 
 0 
 0 
 0 
 0 
 0 
 0 
 0 
 0 
 0 
 0 
 1 
 0 
 0 
 0 
 0 
 0 
 0 
 0 
 0 
 0 
 0 
 0 
 0 
 0 
 0 
 0 
 0 
 0 
 0 
 0 
 0 
 0 
 0 
 0 
 0 
 0 
 0 
 0 
 0 
 0 
 0 
 0 
 0 
 0 
 0 
 0 
 0 
 0 
 0 
 0 
 0 
 0 
 0 
 0 
 0 
 0 
 0 
 0 
 0 
 0 
 0 
 0 
 0 
 0 
 0 
 0 
 0 
 0 
 0 
 0 
 0 
 0 
 0 
 0 
 0 
 0 
 0 
 0 
 0 
 0 
 0 
 0 
 0 
 0 
 0 
 0 
 0 
 0 
 0 
 0 
 0 
 0 
 0 
 1 
 0 
 0 
 0 
 1 
 1 
 0 
 0 
 1 
 0 
 0 
 0 
 0 
 0 
 1 
 0 
 0 
 0 
 0 
 0 
 0 
 0 
 0 
 0 
 0 
 0 
 0 
 0 
 0 
 0 
 0 
 0 
 0 
 0 
 0 
 0 
 1 
 0 
 0 
 0 
 0 
 0 
 0 
 0 
 0 
 0 
 0 
 0 
 0 
 0 
 0 
 0 
 0 
 0 
 0 
 0 
 0 
 0 
 0 
 0 
 0 
 0 
 0 
 0 
 0 
 0 
 0 
 0 
 0 
 0 
 0 
 0 
 0 
 0 
 1 
 0 
 0 
 0 
 0 
 0 
 0 
 0 
 0 
 0 
 0 
 0 
 0 
 0 
 0 
 0 
 0 
 0 
 0 
 0 
 0 
 0 
 0 
 0 
 0 
 0 
 0 
 0 
 0 
 0 
 0 
 0 
 0 
 0 
 0 
 0 
 0 
 0 
 0 
 0 
 0 
 0 
 0 
 0 
 0 
 0 
 0 
 0 
 0 
 0 
 0 
 0 
 0 
 0 
 0 
 0 
 0 
 0 
 0 
 1 
 0 
 0 
 0 
 0 
 0 
 0 
 0 
 0 
 0 
 0 
 0 
 0 
 0 
 0 
 0 
 0 
 0 
 0 
 0 
 0 
 0 
 0 
 0 
 0 
 0 
 0 
 0 
 0 
 0 
 0 
 0 
 0 
 0 
 0 
 0 
 0 
 0 
 0 
 0 
 0 
 0 
 0 
 0 
 0 
 0 
 0 
 0 
 0 
 0 
 0 
 0 
 0 
 0 
 0 
 0 
 0 
 0 
 0 
 0 
 0 
 0 
 0 
 0 
 0 
 0 
 0 
 0 
 0 
 0 
 0 
 0 
 0 
 1 
 0 
 0 
 0 
 0 
 0 
 0 
 0 
 0 
 0 
 0 
 0 
 0 
 0 
 0 
 0 
 0 
 0 
 0 
 0 
 0 
 0 
 0 
 0 
 0 
 0 
 0 
 1 
 0 
 0 
 0 
 0 
 0 
 0 
 0 
 0 
 0 
 0 
 0 
 0 
 0 
 0 
 0 
 1 
 0 
 0 
 0 
 0 
 0 
 0 
 0 
 0 
 0 
 0 
 0 
 1 
 0 
 0 
 0 
 0 
 0 
 0 
 0 
 0 
 0 
 0 
 0 
 0 
 0 
 0 
 0 
 0 
 0 
 0 
 0 
 0 
 0 
 0 
 0 
 0 
 0 
 0 
 0 
 0 
 0 
 0 
 0 
 0 
 0 
 0 
 0 
 0 
 0 
 0 
 0 
 0 
 0 
 0 
 0 
 0 
 0 
 0 
 0 
 0 
 0 
 0 
 0 
 0 
 0 
 0 
 0 
 0 
 0 
 0 
 1 
 0 
 0 
 0 
 0 
 0 
 0 
 0 
 0 
 0 
 0 
 0 
 0 
 0 
 0 
 0 
 0 
 0 
 0 
 0 
 0 
 0 
 0 
 0 
 0 
 0 
 0 
 0 
 0 
 0 
 0 
 0 
 0 
 0 
 0 
 0 
 0 
 0 
 0 
 0 
 1 
 0 
 0 
 0 
 0 
 0 
 0 
 0 
 0 
 0 
 0 
 0 
 0 
 0 
 0 
 0 
 0 
 0 
 0 
 0 
 0 
 0 
 0 
 0 
 0 
 0 
 0 
 0 
 0 
 0 
 0 
 0 
 0 
 0 
 0 
 0 
 0 
 0 
 0 
 0 
 0 
 0 
 0 
 0 
 0 
 0 
 0 
 0 
 0 
 0 
 0 
 0 
 0 
 0 
 0 
 0 
 0 
 0 
 0 
 0 
 0 
 0 
 0 
 0 
 0 
 0 
 0 
 0 
 0 
 0 
 0 
 0 
 0 
 0 
 0 
 0 
 0 
 0 
 0 
 0 
 0 
 0 
 0 
 0 
 0 
 0 
 0 
 0 
 0 
 0 
 0 
 0 
 0 
 0 
 0 
 0 
 0 
 0 
 0 
 0 
 0 
 0 
 0 
 0 
 0 
 0 
 0 
 0 
 0 
 0 
 0 
 0 
 0 
 0 
 0 
 0 
 0 
 0 
 1 
 0 
 0 
 0 
 0 
 0 
 0 
 0 
 0 
 0 
 0 
 0 
 0 
 0 
 0 
 0 
 0 
 0 
 0 
 0 
 0 
 0 
 0 
 0 
 0 
 0 
 0 
 0 
 0 
 0 
 0 
 0 
 0 
 0 
 0 
 0 
 0 
 0 
 0 
 0 
 0 
 0 
 0 
 0 
 0 
 0 
 0 
 0 
 0 
 0 
 0 
 0 
 0 
 0 
 0 
 0 
 0 
 0 
 0 
 0 
 0 
 0 
 0 
 0 
 0 
 0 
 0 
 0 
 0 
 0 
 0 
 0 
 0 
 0 
 0 
 0 
 0 
 0 
 0 
 0 
 0 
 0 
 0 
 0 
 0 
 0 
 0 
 0 
 0 
 0 
 0 
 0 
 0 
 0 
 0 
 0 
 0 
 0 
 0 
 0 
 0 
 0 
 1 
 0 
 0 
 0 
 0 
 0 
 0 
 0 
 0 
 0 
 0 
 0 
 0 
 0 
 0 
 0 
 0 
 0 
 0 
 0 
 0 
 0 
 0 
 0 
 0 
 0 
 0 
 0 
 0 
 0 
 0 
 0 
 0 
 0 
 0 
 0 
 0 
 0 
 0 
 0 
 0 
 0 
 0 
 0 
 0 
 0 
 0 
 0 
 0 
 0 
 0 
 0 
 0 
 0 
 0 
 1 
 0 
 0 
 0 
 0 
 0 
 0 
 0 
 0 
 0 
 0 
 0 
 1 
 0 
 0 
 0 
 0 
 0 
 0 
 0 
 0 
 0 
 0 
 0 
 0 
 0 
 0 
 1 
 0 
 0 
 0 
 0 
 0 
 0 
 0 
 0 
 0 
 0 
 0 
 0 
 0 
 0 
 0 
 0 
 0 
 0 
 0 
 0 
 0 
 0 
 0 
 0 
 0 
 0 
 0 
 0 
 0 
 0 
 0 
 0 
 0 
 0 
 0 
 1 
 0 
 0 
 1 
 0 
 0 
 0 
 0 
 0 
 0 
 0 
 0 
 0 
 0 
 0 
 0 
 0 
 0 
 0 
 0 
 0 
 0 
 0 
 0 
 0 
 0 
 0 
 0 
 0 
 0 
 0 
 0 
 0 
 0 
 0 
 0 
 0 
 0 
 0 
 0 
 0 
 0 
 0 
 0 
 0 
 0 
 0 
 0 
 0 
 0 
 0 
 0 
 0 
 0 
 0 
 0 
 0 
 0 
 0 
 0 
 0 
 0 
 0 
 0 
 0 
 0 
 0 
 0 
 0 
 0 
 0 
 0 
 0 
 0 
 0 
 0 
 0 
 0 
 0 
 0 
 0 
 0 
 0 
 0 
 0 
 0 
 0 
 0 
 0 
 0 
 0 
 0 
 0 
 0 
 0 
 0 
 0 
 0 
 1 
 0 
 0 
 0 
 0 
 0 
 0 
 0 
 0 
 0 
 0 
 0 
 0 
 0 
 0 
 0 
 0 
 0 
 0 
 0 
 0 
 0 
 0 
 0 
 0 
 0 
 0 
 0 
 0 
 0 
 0 
 0 
 0 
 0 
 0 
 0 
 0 
 0 
 0 
 0 
 0 
 1 
 0 
 0 
 0 
 0 
 0 
 0 
 0 
 0 
 0 
 0 
 0 
 0 
 0 
 0 
 0 
 0 
 0 
 0 
 0 
 0 
 0 
 0 
 0 
 0 
 0 
 0 
 0 
 0 
 0 
 0 
 0 
 0 
 0 
 0 
 0 
 0 
 0 
 0 
 0 
 0 
 0 
 0 
 0 
 0 
 0 
 0 
 0 
 0 
 0 
 0 
 0 
 0 
 0 
 0 
 0 
 0 
 0 
 0 
 0 
 0 
 0 
 0 
 0 
 0 
 0 
 0 
 0 
 0 
 0 
 0 
 0 
 0 
 0 
 0 
 0 
 0 
 0 
 0 
 0 
 0 
 0 
 0 
 0 
 0 
 0 
 0 
 0 
 0 
 0 
 0 
 0 
 0 
 0 
 0 
 0 
 0 
 0 
 0 
 0 
 0 
 0 
 0 
 0 
 0 
 0 
 0 
 0 
 0 
 0 
 0 
 0 
 0 
 0 
 0 
 0 
 0 
 0 
 0 
 0 
 0 
 0 
 0 
 0 
 0 
 0 
 0 
 0 
 0 
 0 
 0 
 0 
 0 
 0 
 0 
 0 
 0 
 0 
 0 
 0 
 0 
 0 
 0 
 0 
 0 
 0 
 0 
 0 
 0 
 0 
 0 
 0 
 0 
 0 
 0 
 0 
 0 
 0 
 0 
 0 
 0 
 0 
 0 
 0 
 0 
 0 
 0 
 0 
 0 
 0 
 0 
 0 
 0 
 0 
 0 
 0 
 0 
 0 
 0 
 0 
 0 
 0 
 0 
 0 
 0 
 0 
 0 
 0 
 0 
 0 
 0 
 0 
 0 
 0 
 0 
 0 
 0 
 0 
 0 
 0 
 0 
 0 
 0 
 0 
 0 
 0 
 0 
 0 
 0 
 0 
 0 
 0 
 0 
 0 
 0 
 0 
 0 
 0 
 0 
 0 
 0 
 0 
 0 
 0 
 0 
 0 
 0 
 0 
 0 
 0 
 0 
 0 
 0 
 0 
 0 
 0 
 0 
 0 
 0 
 0 
 0 
 0 
 0 
 0 
 0 
 0 
 0 
 0 
 0 
 0 
 0 
 0 
 0 
 0 
 0 
 0 
 0 
 0 
 0 
 0 
 0 
 0 
 0 
 0 
 0 
 0 
 0 
 0 
 0 
 0 
 0 
 0 
 0 
 0 
 0 
 0 
 0 
 0 
 0 
 0 
 0 
 0 
 0 
 0 
 0 
 0 
 0 
 0 
 0 
 0 
 0 
 0 
 0 
 0 
 0 
 0 
 0 
 0 
 0 
 0 
 0 
 0 
 0 
 0 
 0 
 0 
 0 
 0 
 0 
 0 
 0 
 0 
 0 
 0 
 0 
 0 
 0 
 0 
 1 
 0 
 0 
 0 
 0 
 0 
 0 
 0 
 0 
 0 
 0 
 0 
 0 
 0 
 0 
 0 
 1 
 0 
 0 
 1 
 0 
 0 
 0 
 0 
 0 
 0 
 0 
 0 
 0 
 0 
 0 
 0 
 0 
 0 
 0 
 0 
 0 
 0 
 0 
 0 
 0 
 1 
 0 
 0 
 0 
 0 
 0 
 0 
 0 
 0 
 0 
 0 
 0 
 0 
 0 
 0 
 0 
 0 
 0 
 1 
 0 
 0 
 0 
 0 
 0 
 0 
 0 
 0 
 0 
 0 
 0 
 0 
 0 
 0 
 0 
 0 
 0 
 0 
 0 
 0 
 0 
 0 
 0 
 0 
 0 
 0 
 0 
 0 
 0 
 0 
 0 
 0 
 0 
 0 
 0 
 0 
 0 
 0 
 0 
 0 
 0 
 0 
 0 
 0 
 0 
 0 
 0 
 0 
 0 
 0 
 0 
 0 
 0 
 0 
 0 
 0 
 0 
 0 
 0 
 0 
 0 
 0 
 0 
 0 
 0 
 0 
 0 
 0 
 0 
 0 
 0 
 0 
 0 
 0 
 0 
 0 
 0 
 0 
 0 
 0 
 0 
 0 
 0 
 0 
 0 
 0 
 0 
 0 
 0 
 0 
 0 
 0 
 0 
 0 
 0 
 0 
 0 
 0 
 0 
 0 
 0 
 0 
 0 
 0 
 0 
 0 
 0 
 0 
 0 
 0 
 0 
 0 
 0 
 0 
 0 
 0 
 0 
 0 
 0 
 0 
 0 
 0 
 0 
 0 
 0 
 0 
 0 
 0 
 0 
 0 
 0 
 0 
 0 
 0 
 0 
 0 
 0 
 0 
 0 
 0 
 0 
 0 
 0 
 0 
 0 
 0 
 0 
 1 
 0 
 0 
 0 
 0 
 0 
 0 
 0 
 0 
 0 
 0 
 0 
 0 
 0 
 0 
 0 
 0 
 0 
 0 
 0 
 0 
 0 
 0 
 0 
 0 
 0 
 0 
 0 
 0 
 0 
 0 
 0 
 0 
 0 
 0 
 0 
 0 
 0 
 0 
 0 
 0 
 0 
 0 
 0 
 0 
 0 
 0 
 0 
 0 
 0 
 0 
 0 
 0 
 0 
 0 
 0 
 0 
 0 
 0 
 0 
 0 
 0 
 0 
 0 
 0 
 0 
 0 
 0 
 0 
 0 
 0 
 0 
 0 
 0 
 0 
 0 
 0 
 0 
 0 
 0 
 0 
 0 
 0 
 0 
 0 
 0 
 0 
 0 
 0 
 0 
 0 
 0 
 0 
 0 
 0 
 0 
 0 
 0 
 0 
 0 
 0 
 0 
 0 
 0 
 0 
 0 
 0 
 0 
 0 
 0 
 0 
 0 
 0 
 0 
 0 
 0 
 0 
 0 
 0 
 0 
 0 
 0 
 0 
 0 
 0 
 0 
 0 
 0 
 0 
 0 
 0 
 0 
 0 
 0 
 0 
 0 
 0 
 0 
 0 
 0 
 0 
 0 
 0 
 0 
 0 
 0 
 0 
 0 
 0 
 0 
 0 
 0 
 0 
 0 
 0 
 0 
 0 
 0 
 0 
 0 
 0 
 0 
 0 
 0 
 0 
 0 
 0 
 0 
 0 
 0 
 0 
 0 
 0 
 0 
 0 
 0 
 0 
 0 
 0 
 0 
 0 
 0 
 0 
 0 
 0 
 0 
 0 
 0 
 0 
 0 
 0 
 0 
 0 
 0 
 0 
 0 
 0 
 0 
 0 
 0 
 0 
 0 
 0 
 0 
 0 
 0 
 0 
 0 
 0 
 0 
 0 
 0 
 0 
 0 
 0 
 0 
 0 
 0 
 0 
 0 
 0 
 0 
 0 
 0 
 0 
 0 
 0 
 0 
 0 
 0 
 0 
 0 
 0 
 0 
 0 
 0 
 0 
 0 
 0 
 0 
 0 
 0 
 0 
 0 
 0 
 0 
 0 
 0 
 0 
 0 
 0 
 0 
 0 
 0 
 0 
 0 
 0 
 0 
 0 
 0 
 0 
 0 
 0 
 0 
 0 
 0 
 0 
 0 
 0 
 0 
 0 
 0 
 0 
 0 
 0 
 0 
 0 
 0 
 0 
 0 
 0 
 0 
 0 
 0 
 0 
 0 
 0 
 0 
 0 
 0 
 0 
 0 
 0 
 0 
 0 
 0 
 0 
 0 
 0 
 0 
 0 
 0 
 0 
 0 
 0 
 0 
 0 
 0 
 0 
 0 
 0 
 0 
 0 
 0 
 0 
 0 
 0 
 0 
 0 
 0 
 0 
 0 
 0 
 0 
 0 
 0 
 0 
 0 
 0 
 0 
 0 
 0 
 0 
 0 
 0 
 0 
 0 
 0 
 0 
 0 
 0 
 1 
 0 
 0 
 0 
 0 
 0 
 0 
 0 
 0 
 0 
 0 
 0 
 0 
 0 
 0 
 0 
 0 
 0 
 0 
 0 
 0 
 0 
 0 
 0 
 0 
 0 
 0 
 0 
 0 
 0 
 0 
 0 
 0 
 0 
 0 
 0 
 0 
 0 
 0 
 0 
 0 
 0 
 0 
 0 
 0 
 0 
 0 
 0 
 0 
 0 
 0 
 0 
 0 
 0 
 0 
 0 
 0 
 0 
 0 
 0 
 0 
 0 
 0 
 0 
 0 
 0 
 0 
 0 
 0 
 0 
 0 
 0 
 0 
 0 
 0 
 0 
 0 
 0 
 0 
 0 
 0 
 0 
 0 
 0 
 0 
 0 
 0 
 0 
 0 
 0 
 0 
 0 
 0 
 0 
 0 
 0 
 0 
 0 
 0 
 0 
 0 
 0 
 0 
 0 
 0 
 0 
 0 
 0 
 0 
 0 
 0 
 0 
 0 
 0 
 0 
 0 
 0 
 0 
 0 
 0 
 0 
 0 
 0 
 0 
 0 
 0 
 0 
 0 
 0 
 0 
 0 
 0 
 0 
 0 
 0 
 0 
 0 
 0 
 0 
 0 
 0 
 0 
 0 
 0 
 0 
 0 
 0 
 0 
 0 
 0 
