 0 
 0 
 0 
 0 
 0 
 0 
 0 
 0 
 0 
 0 
 0 
 0 
 0 
 0 
 0 
 0 
 0 
 0 
 0 
 0 
 0 
 0 
 1 
 0 
 2 
 1 
 2 
 8 
 9 
 3 
 12 
 20 
 16 
 25 
 24 
 39 
 38 
 40 
 68 
 57 
 65 
 50 
 59 
 59 
 72 
 55 
 75 
 62 
 59 
 79 
 95 
 68 
 79 
 84 
 69 
 111 
 79 
 81 
 87 
 95 
 81 
 85 
 88 
 93 
 84 
 92 
 100 
 105 
 104 
 102 
 96 
 85 
 91 
 100 
 113 
 98 
 102 
 118 
 111 
 90 
 102 
 120 
 143 
 138 
 142 
 145 
 154 
 173 
 162 
 202 
 186 
 209 
 214 
 225 
 199 
 225 
 212 
 247 
 267 
 247 
 241 
 186 
 212 
 214 
 195 
 167 
 190 
 168 
 159 
 147 
 146 
 150 
 154 
 138 
 138 
 144 
 104 
 119 
 127 
 128 
 104 
 114 
 118 
 121 
 111 
 106 
 127 
 118 
 113 
 121 
 88 
 120 
 113 
 125 
 115 
 116 
 122 
 107 
 135 
 118 
 131 
 113 
 137 
 127 
 126 
 125 
 128 
 137 
 120 
 125 
 144 
 124 
 119 
 108 
 127 
 124 
 136 
 138 
 133 
 124 
 142 
 122 
 134 
 101 
 137 
 137 
 127 
 164 
 160 
 127 
 122 
 138 
 116 
 129 
 141 
 149 
 152 
 149 
 155 
 161 
 138 
 129 
 156 
 131 
 127 
 124 
 150 
 122 
 138 
 121 
 129 
 129 
 117 
 142 
 128 
 129 
 138 
 141 
 144 
 147 
 149 
 136 
 136 
 168 
 155 
 131 
 140 
 172 
 150 
 165 
 148 
 168 
 152 
 141 
 148 
 159 
 153 
 165 
 160 
 177 
 172 
 146 
 153 
 175 
 150 
 153 
 166 
 137 
 152 
 135 
 151 
 149 
 126 
 124 
 134 
 143 
 127 
 140 
 152 
 139 
 129 
 149 
 124 
 140 
 136 
 123 
 149 
 135 
 142 
 143 
 99 
 132 
 121 
 144 
 107 
 149 
 148 
 147 
 129 
 120 
 126 
 120 
 135 
 114 
 127 
 130 
 124 
 130 
 139 
 135 
 117 
 124 
 115 
 115 
 118 
 118 
 116 
 117 
 134 
 131 
 128 
 117 
 124 
 121 
 115 
 94 
 110 
 99 
 118 
 115 
 113 
 102 
 91 
 108 
 97 
 94 
 99 
 94 
 103 
 116 
 91 
 88 
 100 
 82 
 99 
 105 
 91 
 77 
 85 
 104 
 93 
 103 
 78 
 96 
 94 
 101 
 92 
 104 
 78 
 95 
 94 
 102 
 93 
 105 
 92 
 100 
 77 
 91 
 88 
 87 
 83 
 93 
 71 
 95 
 68 
 93 
 86 
 105 
 88 
 72 
 93 
 78 
 79 
 81 
 82 
 91 
 89 
 93 
 88 
 97 
 70 
 93 
 92 
 82 
 87 
 71 
 65 
 90 
 70 
 91 
 75 
 78 
 77 
 78 
 85 
 72 
 79 
 96 
 88 
 75 
 65 
 77 
 69 
 86 
 75 
 82 
 69 
 65 
 60 
 91 
 69 
 54 
 76 
 68 
 70 
 75 
 66 
 55 
 57 
 60 
 66 
 67 
 59 
 57 
 62 
 61 
 56 
 67 
 66 
 84 
 57 
 70 
 59 
 61 
 50 
 59 
 56 
 53 
 48 
 65 
 56 
 53 
 57 
 85 
 55 
 60 
 52 
 54 
 63 
 53 
 52 
 58 
 64 
 56 
 63 
 51 
 52 
 58 
 55 
 45 
 57 
 58 
 50 
 56 
 54 
 71 
 63 
 56 
 50 
 62 
 47 
 55 
 50 
 55 
 57 
 56 
 66 
 62 
 54 
 67 
 54 
 63 
 59 
 62 
 61 
 58 
 47 
 74 
 59 
 55 
 55 
 42 
 41 
 60 
 56 
 59 
 60 
 53 
 64 
 46 
 44 
 40 
 52 
 67 
 54 
 52 
 46 
 61 
 61 
 55 
 48 
 44 
 57 
 44 
 57 
 53 
 52 
 59 
 58 
 55 
 70 
 61 
 61 
 65 
 62 
 49 
 61 
 63 
 50 
 51 
 39 
 62 
 69 
 54 
 66 
 51 
 63 
 64 
 63 
 77 
 65 
 48 
 56 
 52 
 60 
 55 
 56 
 65 
 57 
 56 
 57 
 54 
 59 
 51 
 52 
 70 
 53 
 53 
 63 
 50 
 57 
 62 
 67 
 55 
 66 
 75 
 65 
 79 
 63 
 76 
 64 
 60 
 70 
 60 
 67 
 82 
 88 
 84 
 75 
 87 
 83 
 90 
 89 
 98 
 113 
 128 
 103 
 118 
 107 
 125 
 128 
 136 
 144 
 140 
 144 
 136 
 152 
 150 
 175 
 181 
 159 
 164 
 173 
 208 
 189 
 180 
 172 
 191 
 174 
 184 
 186 
 180 
 203 
 173 
 187 
 204 
 179 
 208 
 206 
 174 
 198 
 193 
 174 
 173 
 173 
 165 
 150 
 164 
 164 
 147 
 126 
 148 
 138 
 111 
 128 
 115 
 133 
 113 
 86 
 97 
 104 
 76 
 81 
 75 
 67 
 63 
 74 
 54 
 69 
 49 
 66 
 59 
 34 
 54 
 30 
 37 
 49 
 26 
 40 
 29 
 31 
 17 
 26 
 22 
 23 
 21 
 23 
 15 
 13 
 15 
 18 
 15 
 24 
 22 
 18 
 24 
 23 
 11 
 17 
 21 
 18 
 22 
 22 
 16 
 10 
 15 
 9 
 15 
 9 
 16 
 8 
 22 
 14 
 16 
 12 
 15 
 9 
 17 
 12 
 16 
 12 
 14 
 18 
 20 
 17 
 17 
 19 
 14 
 12 
 20 
 16 
 14 
 16 
 16 
 16 
 15 
 21 
 16 
 12 
 20 
 13 
 13 
 13 
 17 
 16 
 13 
 16 
 10 
 18 
 20 
 5 
 20 
 15 
 7 
 12 
 19 
 20 
 20 
 17 
 13 
 20 
 14 
 13 
 23 
 14 
 13 
 8 
 12 
 7 
 12 
 18 
 19 
 18 
 15 
 12 
 15 
 23 
 12 
 12 
 25 
 16 
 15 
 12 
 16 
 15 
 14 
 16 
 11 
 17 
 16 
 19 
 20 
 16 
 18 
 20 
 15 
 19 
 14 
 14 
 19 
 14 
 19 
 17 
 9 
 13 
 4 
 18 
 12 
 18 
 12 
 13 
 10 
 16 
 11 
 11 
 19 
 12 
 13 
 13 
 10 
 19 
 19 
 9 
 8 
 14 
 14 
 12 
 11 
 17 
 10 
 14 
 15 
 11 
 13 
 16 
 13 
 16 
 20 
 19 
 11 
 13 
 10 
 10 
 10 
 8 
 12 
 11 
 11 
 15 
 13 
 9 
 11 
 9 
 10 
 15 
 12 
 11 
 9 
 14 
 12 
 15 
 19 
 9 
 14 
 12 
 12 
 11 
 17 
 10 
 11 
 10 
 13 
 8 
 18 
 16 
 14 
 12 
 21 
 12 
 15 
 14 
 11 
 14 
 11 
 15 
 16 
 10 
 5 
 16 
 10 
 8 
 14 
 9 
 15 
 15 
 18 
 16 
 9 
 13 
 18 
 11 
 12 
 18 
 9 
 10 
 11 
 12 
 14 
 11 
 11 
 13 
 13 
 15 
 10 
 20 
 9 
 12 
 17 
 5 
 10 
 16 
 14 
 11 
 16 
 14 
 9 
 3 
 18 
 12 
 18 
 18 
 12 
 14 
 15 
 16 
 12 
 12 
 10 
 10 
 12 
 15 
 13 
 8 
 12 
 13 
 14 
 21 
 13 
 10 
 11 
 12 
 13 
 16 
 11 
 18 
 9 
 14 
 14 
 10 
 11 
 7 
 13 
 16 
 12 
 17 
 14 
 9 
 11 
 8 
 12 
 14 
 9 
 13 
 15 
 8 
 11 
 15 
 8 
 10 
 13 
 9 
 12 
 19 
 17 
 18 
 15 
 12 
 9 
 5 
 15 
 9 
 12 
 15 
 15 
 12 
 8 
 18 
 8 
 12 
 11 
 8 
 11 
 21 
 11 
 14 
 11 
 18 
 12 
 15 
 14 
 12 
 19 
 8 
 8 
 17 
 10 
 6 
 13 
 20 
 11 
 13 
 16 
 14 
 13 
 14 
 14 
 16 
 10 
 9 
 9 
 11 
 17 
 19 
 10 
 14 
 9 
 16 
 12 
 16 
 10 
 9 
 13 
 20 
 20 
 8 
 16 
 16 
 13 
 13 
 12 
 14 
 13 
 10 
 10 
 15 
 13 
 20 
 13 
 17 
 14 
 14 
 15 
 10 
 15 
 12 
 13 
 12 
 13 
 7 
 16 
 6 
 20 
 15 
 17 
 12 
 14 
 7 
 14 
 8 
 15 
 20 
 10 
 16 
 16 
 11 
 12 
 12 
 13 
 12 
 11 
 15 
 18 
 10 
 13 
 11 
 12 
 13 
 14 
 17 
 12 
 19 
 22 
 15 
 14 
 13 
 14 
 13 
 16 
 13 
 11 
 23 
 13 
 14 
 11 
 9 
 12 
 6 
 8 
 8 
 23 
 17 
 11 
 22 
 16 
 7 
 21 
 16 
 15 
 24 
 21 
 13 
 18 
 11 
 17 
 14 
 15 
 16 
 12 
 14 
 16 
 17 
 8 
 11 
 9 
 15 
 14 
 8 
 10 
 21 
 15 
 21 
 14 
 17 
 16 
 22 
 10 
 13 
 18 
 20 
 14 
 13 
 9 
 14 
 11 
 13 
 16 
 15 
 7 
 11 
 9 
 13 
 12 
 14 
 15 
 14 
 18 
 11 
 13 
 20 
 14 
 7 
 16 
 21 
 16 
 9 
 17 
 10 
 10 
 12 
 7 
 4 
 7 
 12 
 11 
 14 
 13 
 6 
 7 
 19 
 18 
 14 
 14 
 17 
 13 
 9 
 8 
 16 
 5 
 7 
 10 
 11 
 12 
 9 
 18 
 10 
 9 
 3 
 7 
 11 
 10 
 10 
 7 
 7 
 9 
 9 
 8 
 6 
 7 
 3 
 14 
 10 
 8 
 7 
 3 
 9 
 9 
 6 
 11 
 3 
 10 
 10 
 10 
 3 
 4 
 9 
 5 
 3 
 8 
 10 
 2 
 9 
 9 
 6 
 5 
 5 
 6 
 7 
 1 
 3 
 4 
 3 
 11 
 5 
 3 
 5 
 3 
 8 
 9 
 8 
 5 
 6 
 6 
 2 
 5 
 6 
 4 
 4 
 5 
 4 
 5 
 7 
 9 
 5 
 4 
 2 
 4 
 6 
 6 
 3 
 6 
 3 
 8 
 3 
 4 
 4 
 5 
 6 
 8 
 3 
 4 
 6 
 7 
 5 
 2 
 3 
 2 
 8 
 4 
 5 
 4 
 5 
 7 
 8 
 7 
 8 
 0 
 6 
 2 
 1 
 3 
 2 
 3 
 3 
 4 
 6 
 5 
 0 
 2 
 4 
 4 
 3 
 6 
 5 
 7 
 2 
 2 
 2 
 2 
 4 
 1 
 7 
 4 
 1 
 9 
 0 
 1 
 0 
 4 
 8 
 3 
 6 
 4 
 5 
 2 
 5 
 3 
 2 
 10 
 1 
 4 
 4 
 3 
 4 
 2 
 4 
 4 
 2 
 5 
 2 
 5 
 7 
 2 
 5 
 0 
 4 
 6 
 5 
 9 
 3 
 4 
 5 
 4 
 3 
 4 
 3 
 6 
 3 
 3 
 2 
 3 
 5 
 9 
 3 
 9 
 4 
 7 
 9 
 5 
 3 
 6 
 4 
 9 
 10 
 4 
 7 
 7 
 9 
 9 
 7 
 10 
 4 
 11 
 7 
 9 
 6 
 7 
 7 
 13 
 12 
 9 
 5 
 22 
 15 
 15 
 20 
 14 
 20 
 21 
 18 
 25 
 18 
 21 
 22 
 21 
 30 
 16 
 31 
 24 
 25 
 24 
 22 
 28 
 31 
 32 
 39 
 29 
 34 
 25 
 37 
 34 
 22 
 30 
 46 
 38 
 27 
 29 
 32 
 33 
 38 
 31 
 37 
 32 
 38 
 34 
 38 
 26 
 35 
 49 
 33 
 33 
 26 
 23 
 36 
 43 
 38 
 33 
 29 
 33 
 41 
 36 
 24 
 29 
 27 
 47 
 35 
 34 
 34 
 34 
 31 
 33 
 37 
 34 
 30 
 37 
 27 
 24 
 27 
 31 
 21 
 20 
 33 
 20 
 21 
 17 
 18 
 30 
 25 
 18 
 14 
 16 
 25 
 18 
 17 
 7 
 14 
 11 
 13 
 16 
 15 
 9 
 13 
 10 
 11 
 11 
 7 
 7 
 7 
 9 
 11 
 4 
 10 
 4 
 6 
 6 
 7 
 8 
 6 
 7 
 4 
 4 
 0 
 3 
 8 
 2 
 5 
 1 
 6 
 3 
 2 
 7 
 3 
 3 
 1 
 1 
 2 
 0 
 2 
 1 
 2 
 1 
 0 
 0 
 2 
 0 
 1 
 1 
 1 
 1 
 4 
 1 
 4 
 2 
 1 
 2 
 1 
 0 
 0 
 2 
 0 
 1 
 0 
 0 
 0 
 0 
 1 
 1 
 1 
 1 
 0 
 2 
 0 
 0 
 0 
 0 
 0 
 1 
 0 
 1 
 0 
 2 
 0 
 0 
 1 
 1 
 2 
 0 
 0 
 0 
 0 
 1 
 0 
 0 
 0 
 0 
 0 
 0 
 0 
 0 
 0 
 0 
 1 
 0 
 0 
 1 
 1 
 1 
 0 
 0 
 0 
 0 
 2 
 1 
 0 
 1 
 0 
 0 
 2 
 0 
 0 
 0 
 0 
 2 
 0 
 0 
 0 
 0 
 1 
 0 
 0 
 1 
 1 
 1 
 0 
 0 
 1 
 0 
 2 
 1 
 1 
 0 
 0 
 1 
 0 
 1 
 0 
 2 
 0 
 0 
 0 
 0 
 0 
 0 
 0 
 0 
 0 
 1 
 2 
 1 
 1 
 2 
 1 
 0 
 1 
 0 
 0 
 0 
 0 
 0 
 0 
 0 
 1 
 1 
 1 
 0 
 0 
 1 
 0 
 0 
 1 
 0 
 0 
 0 
 0 
 0 
 1 
 1 
 0 
 1 
 0 
 0 
 0 
 0 
 1 
 0 
 0 
 0 
 0 
 0 
 1 
 0 
 0 
 0 
 0 
 0 
 0 
 0 
 0 
 0 
 0 
 0 
 0 
 0 
 0 
 0 
 1 
 0 
 0 
 0 
 0 
 0 
 0 
 0 
 0 
 0 
 0 
 0 
 0 
 0 
 0 
 0 
 0 
 0 
 0 
 0 
 0 
 0 
 0 
 0 
 0 
 0 
 0 
 0 
 0 
 0 
 0 
 0 
 0 
 0 
 0 
 0 
 0 
 0 
 0 
 0 
 0 
 2 
 0 
 0 
 0 
 0 
 0 
 0 
 0 
 1 
 0 
 1 
 1 
 0 
 0 
 1 
 0 
 1 
 0 
 0 
 1 
 0 
 0 
 0 
 0 
 0 
 0 
 0 
 0 
 0 
 1 
 0 
 0 
 0 
 1 
 0 
 0 
 0 
 0 
 0 
 0 
 0 
 0 
 2 
 1 
 0 
 0 
 0 
 0 
 0 
 0 
 0 
 0 
 0 
 0 
 0 
 0 
 0 
 0 
 0 
 0 
 0 
 0 
 1 
 0 
 0 
 1 
 0 
 0 
 0 
 0 
 1 
 0 
 0 
 0 
 0 
 0 
 0 
 0 
 0 
 0 
 0 
 0 
 0 
 0 
 0 
 0 
 0 
 0 
 0 
 0 
 1 
 0 
 0 
 0 
 1 
 0 
 0 
 0 
 0 
 0 
 1 
 0 
 0 
 0 
 0 
 0 
 0 
 0 
 0 
 0 
 0 
 0 
 0 
 0 
 0 
 0 
 0 
 0 
 0 
 0 
 0 
 0 
 0 
 0 
 0 
 0 
 0 
 0 
 1 
 0 
 0 
 0 
 0 
 0 
 0 
 0 
 0 
 0 
 0 
 0 
 0 
 0 
 0 
 0 
 0 
 0 
 0 
 0 
 0 
 0 
 0 
 0 
 0 
 0 
 0 
 0 
 0 
 0 
 0 
 1 
 0 
 0 
 0 
 0 
 0 
 0 
 0 
 0 
 0 
 0 
 0 
 0 
 0 
 0 
 0 
 0 
 0 
 0 
 0 
 0 
 0 
 0 
 0 
 0 
 0 
 0 
 0 
 0 
 1 
 0 
 0 
 1 
 1 
 0 
 0 
 0 
 0 
 0 
 0 
 0 
 1 
 0 
 0 
 0 
 0 
 0 
 0 
 0 
 0 
 0 
 0 
 0 
 1 
 0 
 0 
 1 
 0 
 0 
 0 
 0 
 0 
 0 
 0 
 0 
 0 
 0 
 1 
 0 
 0 
 0 
 0 
 0 
 0 
 0 
 0 
 1 
 0 
 0 
 0 
 0 
 0 
 0 
 0 
 0 
 1 
 0 
 0 
 0 
 0 
 0 
 1 
 0 
 0 
 0 
 0 
 0 
 0 
 0 
 0 
 0 
 0 
 0 
 0 
 0 
 0 
 1 
 0 
 0 
 0 
 0 
 0 
 0 
 0 
 0 
 0 
 0 
 0 
 0 
 0 
 1 
 0 
 0 
 0 
 0 
 0 
 0 
 0 
 1 
 0 
 0 
 0 
 0 
 0 
 0 
 0 
 0 
 0 
 0 
 0 
 0 
 0 
 0 
 1 
 0 
 0 
 0 
 0 
 0 
 0 
 0 
 0 
 0 
 0 
 0 
 0 
 0 
 0 
 0 
 0 
 0 
 0 
 0 
 0 
 0 
 0 
 0 
 0 
 1 
 0 
 0 
 0 
 0 
 0 
 0 
 0 
 0 
 0 
 0 
 0 
 0 
 0 
 0 
 0 
 0 
 0 
 0 
 1 
 0 
 0 
 0 
 0 
 0 
 0 
 0 
 0 
 0 
 0 
 0 
 0 
 0 
 0 
 1 
 0 
 0 
 0 
 0 
 0 
 0 
 0 
 1 
 1 
 0 
 0 
 0 
 0 
 0 
 0 
 0 
 1 
 0 
 0 
 0 
 0 
 0 
 0 
 0 
 0 
 0 
 0 
 0 
 0 
 0 
 0 
 0 
 0 
 0 
 0 
 0 
 0 
 0 
 0 
 0 
 1 
 0 
 1 
 0 
 0 
 0 
 0 
 0 
 0 
 0 
 0 
 0 
 0 
 0 
 0 
 0 
 0 
 0 
 0 
 0 
 0 
 0 
 0 
 0 
 0 
 0 
 0 
 0 
 0 
 0 
 0 
 0 
 0 
 0 
 0 
 0 
 0 
 0 
 0 
 0 
 0 
 0 
 0 
 0 
 0 
 0 
 0 
 0 
 0 
 0 
 0 
 0 
 0 
 0 
 0 
 0 
 0 
 0 
 0 
 0 
 0 
 0 
 0 
 0 
 0 
 0 
 0 
 0 
 0 
 1 
 0 
 0 
 0 
 0 
 0 
 0 
 0 
 0 
 0 
 0 
 0 
 0 
 0 
 0 
 0 
 0 
 0 
 0 
 0 
 0 
 0 
 0 
 0 
 0 
 0 
 0 
 0 
 0 
 0 
 0 
 0 
 0 
 0 
 0 
 0 
 0 
 0 
 0 
 0 
 0 
 0 
 0 
 0 
 0 
 0 
 0 
 0 
 0 
 0 
 0 
 0 
 0 
 0 
 0 
 0 
 0 
 0 
 0 
 0 
 0 
 1 
 1 
 0 
 0 
 0 
 0 
 0 
 0 
 0 
 0 
 0 
 0 
 0 
 0 
 0 
 0 
 0 
 0 
 0 
 0 
 0 
 0 
 0 
 0 
 0 
 0 
 0 
 0 
 1 
 0 
 0 
 0 
 0 
 0 
 0 
 0 
 0 
 0 
 0 
 0 
 0 
 0 
 0 
 0 
 0 
 0 
 0 
 0 
 0 
 0 
 0 
 1 
 0 
 0 
 0 
 0 
 0 
 0 
 0 
 0 
 0 
 0 
 0 
 0 
 1 
 0 
 0 
 0 
 0 
 0 
 0 
 0 
 0 
 0 
 0 
 0 
 0 
 0 
 0 
 0 
 0 
 0 
 0 
 0 
 0 
 0 
 0 
 0 
 0 
 0 
 0 
 0 
 0 
 0 
 0 
 0 
 0 
 0 
 0 
 0 
 0 
 0 
 0 
 0 
 0 
 0 
 0 
 0 
 0 
 0 
 0 
 0 
 0 
 0 
 0 
 0 
 0 
 1 
 0 
 0 
 1 
 0 
 0 
 0 
 0 
 0 
 0 
 0 
 0 
 0 
 0 
 0 
 0 
 0 
 0 
 0 
 0 
 0 
 0 
 0 
 0 
 0 
 0 
 0 
 0 
 0 
 0 
 0 
 0 
 0 
 0 
 0 
 0 
 0 
 0 
 0 
 0 
 0 
 0 
 0 
 0 
 0 
 0 
 0 
 1 
 0 
 0 
 1 
 0 
 0 
 1 
 0 
 0 
 0 
 0 
 0 
 0 
 0 
 0 
 0 
 0 
 0 
 0 
 0 
 0 
 0 
 0 
 0 
 0 
 0 
 0 
 0 
 0 
 0 
 0 
 0 
 0 
 1 
 0 
 0 
 0 
 0 
 0 
 0 
 0 
 0 
 0 
 0 
 0 
 0 
 0 
 0 
 0 
 0 
 0 
 0 
 0 
 0 
 0 
 0 
 0 
 0 
 0 
 0 
 0 
 0 
 0 
 0 
 0 
 0 
 0 
 0 
 0 
 0 
 0 
 0 
 0 
 0 
 0 
 0 
 0 
 0 
 0 
 0 
 0 
 0 
 1 
 0 
 0 
 0 
 0 
 0 
 0 
 0 
 0 
 0 
 0 
 0 
 0 
 0 
 0 
 0 
 0 
 0 
 0 
 0 
 0 
 0 
 0 
 0 
 0 
 0 
 0 
 0 
 0 
 0 
 0 
 0 
 0 
 0 
 0 
 0 
 0 
 0 
 0 
 0 
 0 
 0 
 0 
 0 
 0 
 0 
 0 
 0 
 0 
 0 
 0 
 0 
 0 
 0 
 0 
 0 
 0 
 0 
 0 
 0 
 0 
 0 
 0 
 0 
 0 
 0 
 0 
 0 
 0 
 0 
 0 
 0 
 0 
 0 
 0 
 0 
 0 
 0 
 0 
 0 
 0 
 0 
 0 
 0 
 0 
 0 
 0 
 0 
 0 
 0 
 0 
 0 
 0 
 0 
 0 
 0 
 0 
 0 
 0 
 0 
 0 
 0 
 0 
 0 
 0 
 0 
 0 
 0 
 0 
 0 
 0 
 0 
 0 
 0 
 0 
 0 
 0 
 0 
 0 
 0 
 0 
 0 
 0 
 0 
 0 
 0 
 0 
 0 
 0 
 0 
 0 
 0 
 0 
 0 
 0 
 0 
 0 
 0 
 0 
 0 
 0 
 0 
 0 
 0 
 0 
 0 
 0 
 0 
 0 
 0 
 0 
 0 
 0 
 0 
 0 
 0 
 0 
 0 
 0 
 0 
 0 
 0 
 0 
 0 
 0 
 0 
 0 
 0 
 0 
 0 
 0 
 0 
 0 
 0 
 0 
 0 
 0 
 0 
 0 
 0 
 0 
 0 
 0 
 0 
 0 
 0 
 0 
 0 
 0 
 0 
 0 
 0 
 0 
 0 
 0 
 0 
 0 
 0 
 0 
 0 
 0 
 0 
 0 
 0 
 0 
 0 
 0 
 0 
 0 
 0 
 0 
 0 
 0 
 0 
 0 
 0 
 0 
 0 
 0 
 0 
 0 
 0 
 0 
 0 
 0 
 0 
 0 
 0 
 0 
 0 
 0 
 0 
 0 
 0 
 0 
 0 
 0 
 0 
 0 
 0 
 0 
 0 
 0 
 0 
 0 
 0 
 0 
 0 
 0 
 0 
 0 
 0 
 0 
 0 
 0 
 0 
 0 
 0 
 0 
 0 
 0 
 0 
 0 
 0 
 0 
 0 
 0 
 0 
 0 
 0 
 0 
 0 
 0 
 0 
 0 
 0 
 0 
 0 
 0 
 0 
 0 
 0 
 0 
 0 
 0 
 0 
 0 
 0 
 0 
 0 
 0 
 0 
 0 
 0 
 0 
 0 
 0 
 0 
 0 
 0 
 0 
 0 
 0 
 0 
 0 
 0 
 0 
 0 
 0 
 0 
 0 
 0 
 1 
 0 
 0 
 0 
 0 
 0 
 0 
 0 
 0 
 0 
 0 
 0 
 0 
 0 
 0 
 0 
 0 
 0 
 0 
 0 
 0 
 0 
 0 
 0 
 0 
 0 
 0 
 0 
 0 
 0 
 0 
 1 
 0 
 0 
 0 
 0 
 0 
 0 
 0 
 0 
 0 
 0 
 0 
 0 
 0 
 0 
 0 
 0 
 0 
 0 
 0 
 0 
 0 
 0 
 1 
 1 
 0 
 0 
 0 
 0 
 1 
 0 
 0 
 0 
 0 
 0 
 0 
 0 
 0 
 0 
 0 
 0 
 0 
 0 
 0 
 0 
 0 
 0 
 0 
 0 
 0 
 0 
 0 
 0 
 0 
 0 
 0 
 0 
 0 
 0 
 0 
 0 
 0 
 0 
 0 
 0 
 0 
 0 
 0 
 0 
 0 
 0 
 0 
 0 
 0 
 0 
 0 
 0 
 0 
 0 
 0 
 0 
 0 
 0 
 0 
 0 
 0 
 0 
 0 
 0 
 0 
 0 
 0 
 0 
 0 
 0 
 0 
 0 
 0 
 0 
 0 
 0 
 0 
 0 
 0 
 0 
 0 
 0 
 0 
 0 
 0 
 0 
 0 
 0 
 0 
 0 
 0 
 0 
 0 
 0 
 0 
 0 
 0 
 0 
 0 
 0 
 0 
 0 
 0 
 0 
 0 
 0 
 0 
 0 
 0 
 0 
 0 
 0 
 0 
 0 
 0 
 0 
 0 
 0 
 0 
 0 
 0 
 0 
 0 
 0 
 0 
 0 
 0 
 0 
 0 
 0 
 0 
 0 
 0 
 0 
 0 
 0 
 0 
 0 
 0 
 0 
 0 
 0 
 0 
 0 
 0 
 0 
 0 
 0 
 0 
 0 
 0 
 0 
 0 
 0 
 0 
 0 
 0 
 0 
 0 
 0 
 0 
 0 
 0 
 0 
 0 
 0 
 0 
 0 
 0 
 0 
 0 
 0 
 0 
 0 
 0 
 0 
 0 
 0 
 0 
 0 
 0 
 0 
 0 
 0 
 0 
 0 
 0 
 0 
 0 
 0 
 0 
 0 
 0 
 0 
 0 
 0 
 0 
 0 
 0 
 0 
 0 
 0 
 0 
 0 
 0 
 0 
 0 
 0 
 0 
 0 
 0 
 0 
 0 
 0 
 0 
 0 
 0 
 0 
 0 
 0 
 0 
 0 
 1 
 0 
 0 
 0 
 1 
 0 
 0 
 0 
 0 
 0 
 0 
 0 
 0 
 0 
 0 
 0 
 0 
 0 
 0 
 0 
 0 
 0 
 0 
 0 
 0 
 0 
 0 
 0 
 0 
 0 
 0 
 0 
 0 
 0 
 0 
 0 
 0 
 0 
 0 
 0 
 0 
 0 
 0 
 0 
 0 
 0 
 0 
 0 
 0 
 0 
 0 
 0 
 0 
 0 
 0 
 0 
 0 
 0 
 0 
 0 
 0 
 0 
 0 
 0 
 0 
 0 
 0 
 0 
 0 
 0 
 0 
 0 
 0 
 0 
 0 
 0 
 0 
 0 
 0 
 0 
 0 
 0 
 0 
 0 
 0 
 1 
 0 
 0 
 0 
 0 
 0 
 0 
 0 
 0 
 0 
 0 
 0 
 0 
 0 
 0 
 0 
 0 
 0 
 0 
 0 
 0 
 0 
 0 
 0 
 0 
 0 
 0 
 0 
 0 
 0 
 0 
 0 
 0 
 0 
 0 
 0 
 0 
 0 
 0 
 0 
 0 
 0 
 0 
 0 
 0 
 0 
 0 
 0 
 0 
 0 
 0 
 0 
 0 
 0 
 0 
 0 
 0 
 0 
 0 
 0 
 0 
 0 
 0 
 0 
 0 
 0 
 0 
 0 
 0 
 0 
 0 
 0 
 0 
 0 
 0 
 0 
 0 
 0 
 0 
 0 
 0 
 0 
 0 
 0 
 0 
 0 
 0 
 0 
 0 
 0 
 0 
 0 
 0 
 0 
 0 
 0 
 0 
 0 
 0 
 0 
 0 
 0 
 0 
 0 
 0 
 0 
 0 
 0 
 0 
 0 
 0 
 0 
 0 
 0 
 0 
 0 
 0 
 0 
 0 
 0 
 0 
 0 
 0 
 0 
 0 
 0 
 0 
 0 
 0 
 0 
 0 
 0 
 0 
 0 
 0 
 0 
 0 
 0 
 0 
 0 
 0 
 0 
 0 
 0 
 0 
 0 
 0 
 0 
 0 
 0 
 0 
 0 
 0 
 0 
 0 
 0 
 0 
 0 
 0 
 0 
 0 
 0 
 0 
 0 
 0 
 0 
 0 
 0 
 0 
 0 
 0 
 0 
 0 
 0 
 0 
 0 
 0 
 0 
 0 
 0 
 0 
 0 
 0 
 0 
 0 
 0 
 0 
 0 
 0 
 0 
 0 
 0 
 0 
 0 
 0 
 0 
 0 
 0 
 0 
 0 
 0 
 0 
 0 
 0 
 0 
 0 
 0 
 0 
 0 
 0 
 0 
 0 
 0 
 0 
 0 
 0 
 0 
 0 
 1 
 0 
 0 
 0 
 0 
 0 
 0 
 0 
 0 
 0 
 0 
 0 
 0 
 0 
 0 
 0 
 0 
 0 
 0 
 1 
 0 
 0 
 0 
 0 
 0 
 0 
 0 
 0 
 0 
 0 
 0 
 0 
 0 
 0 
 0 
 0 
 0 
 0 
 0 
 0 
 0 
 0 
 0 
 0 
 0 
 0 
 0 
 0 
 0 
 0 
 0 
 0 
 0 
 0 
 0 
 0 
 0 
 0 
 0 
 0 
 0 
 0 
 0 
 0 
 0 
 0 
 0 
 0 
 0 
 0 
 0 
 0 
 0 
 0 
 0 
 0 
 0 
 0 
 0 
 0 
 0 
 0 
 0 
 0 
 0 
 0 
 0 
 0 
 0 
 0 
 0 
 0 
 0 
 0 
 0 
 0 
 0 
 0 
 0 
 0 
 0 
 0 
 0 
 0 
 0 
 0 
 0 
 0 
 0 
 0 
 0 
 0 
 0 
 0 
 0 
 0 
 0 
 0 
 0 
 0 
 0 
 0 
 0 
 0 
 0 
 0 
 0 
 0 
 0 
 0 
 0 
 0 
 0 
 0 
 0 
 0 
 0 
 0 
 0 
 0 
 0 
 0 
 0 
 0 
 0 
 0 
 0 
 0 
 0 
 0 
 0 
 0 
 0 
 0 
 0 
 0 
 0 
 0 
 0 
 0 
 0 
 0 
 0 
 0 
 0 
 0 
 0 
 0 
 0 
 0 
 1 
 0 
 0 
 0 
 0 
 0 
 0 
 0 
 0 
 0 
 0 
 0 
 0 
 0 
 0 
 0 
 0 
 0 
 0 
 0 
 0 
 0 
 0 
 0 
 0 
 0 
 0 
 0 
 0 
 0 
 0 
 0 
 0 
 0 
 0 
 0 
 0 
 0 
 0 
 0 
 0 
 0 
 0 
 0 
 0 
 0 
 0 
 0 
 0 
 0 
 0 
 0 
 0 
 0 
 0 
 0 
 0 
 0 
 0 
 0 
 0 
 0 
 0 
 0 
 0 
 0 
 0 
 0 
 0 
 0 
 0 
 0 
 0 
 0 
 0 
 0 
 0 
 0 
 0 
 0 
 0 
 0 
 0 
 0 
 0 
 0 
 0 
 0 
 0 
 0 
 0 
 0 
 0 
 0 
 0 
 0 
 0 
 0 
 0 
 0 
 0 
 0 
 0 
 0 
 0 
 0 
 0 
 0 
 0 
 0 
 0 
 0 
 0 
 0 
 0 
 0 
 0 
 0 
 0 
 0 
 0 
 0 
 0 
 0 
 0 
 0 
 0 
 0 
 0 
 0 
 0 
 0 
 0 
 0 
 0 
 0 
 0 
 0 
 0 
 0 
 0 
 0 
 0 
 0 
 0 
 0 
 0 
 0 
 0 
 0 
 0 
 0 
 0 
 0 
 0 
 0 
 0 
 0 
 0 
 0 
 0 
 0 
 0 
 0 
 0 
 0 
 0 
 0 
 0 
 0 
 0 
 0 
 0 
 0 
 0 
 0 
 0 
 0 
 0 
 0 
 0 
 0 
 0 
 0 
 0 
 0 
 0 
 0 
 0 
 0 
 0 
 0 
 0 
 0 
 0 
 0 
 0 
 0 
 0 
 0 
 0 
 0 
 0 
 0 
 0 
 0 
 0 
 0 
 0 
 0 
 0 
 0 
 0 
 0 
 0 
 0 
 0 
 0 
 0 
 0 
 0 
 0 
 0 
 0 
 0 
 0 
 0 
 0 
 1 
 0 
 0 
 0 
 0 
 0 
 0 
 0 
 0 
 0 
 0 
 0 
 0 
 0 
 0 
 0 
 0 
 0 
 0 
 0 
 0 
 0 
 0 
 0 
 0 
 0 
 0 
 0 
 0 
 0 
 0 
 0 
 0 
 0 
 0 
 0 
 0 
 0 
 0 
 0 
 0 
 0 
 0 
 0 
 0 
 0 
 0 
 0 
 0 
 0 
 0 
 0 
 0 
 0 
 0 
 0 
 0 
 0 
 0 
 0 
 0 
 0 
 0 
 0 
 0 
 0 
 0 
 0 
 0 
 0 
 0 
 0 
 0 
 0 
 0 
 0 
 0 
 0 
 0 
 0 
 0 
 0 
 0 
 0 
 0 
 0 
 0 
 0 
 0 
 0 
 0 
 0 
 0 
 0 
 0 
 0 
 0 
 0 
 0 
 0 
 0 
 0 
 0 
 0 
 0 
 0 
 0 
 0 
 0 
 0 
 0 
 0 
 0 
 0 
 0 
 0 
 0 
 0 
 0 
 0 
 0 
 0 
 0 
 0 
 0 
 0 
 0 
 0 
 0 
 0 
 0 
 0 
 0 
 0 
 0 
 0 
 0 
 0 
 0 
 0 
 0 
 0 
 0 
 0 
 0 
 0 
 0 
 0 
 0 
 0 
 0 
 0 
 0 
 0 
 0 
 0 
 0 
 0 
 0 
 0 
 0 
 0 
 0 
 0 
 1 
 0 
 0 
 0 
 0 
 0 
 0 
 0 
 0 
 0 
 0 
 0 
 0 
 0 
 0 
 0 
 0 
 0 
 0 
 0 
 0 
 0 
 0 
 0 
 0 
 0 
 0 
 0 
 0 
 0 
 0 
 0 
 0 
 0 
 0 
 0 
 0 
 0 
 0 
 0 
 0 
 0 
 0 
 0 
 0 
 0 
 0 
 0 
 0 
 0 
 0 
 0 
 0 
 0 
 0 
 0 
 0 
 0 
 0 
 0 
 0 
 0 
 0 
 0 
 0 
 0 
 0 
 0 
 0 
 0 
 0 
 0 
 0 
 0 
 0 
 0 
 0 
 0 
 0 
 0 
 0 
 0 
 0 
 0 
 0 
 0 
 0 
 0 
 0 
 0 
 0 
 0 
 0 
 0 
 0 
 0 
 0 
 0 
 0 
 0 
 0 
 0 
 0 
 0 
 0 
 0 
 0 
 0 
 0 
 0 
 0 
 0 
 0 
 0 
 0 
 0 
 0 
 0 
 0 
 0 
 0 
 0 
 0 
 0 
 0 
 0 
 0 
 0 
 0 
 0 
 0 
 0 
 0 
 0 
 0 
 0 
 0 
 0 
