 0 
 1 
 0 
 0 
 0 
 0 
 0 
 0 
 0 
 0 
 0 
 0 
 0 
 0 
 0 
 0 
 0 
 0 
 0 
 0 
 0 
 0 
 0 
 0 
 0 
 1 
 1 
 4 
 4 
 3 
 5 
 6 
 9 
 12 
 15 
 17 
 28 
 20 
 32 
 34 
 29 
 31 
 30 
 35 
 32 
 36 
 34 
 41 
 43 
 26 
 41 
 47 
 43 
 43 
 52 
 33 
 50 
 46 
 51 
 37 
 55 
 58 
 64 
 57 
 61 
 53 
 45 
 42 
 55 
 45 
 63 
 50 
 48 
 56 
 57 
 59 
 68 
 63 
 60 
 70 
 74 
 61 
 76 
 75 
 88 
 107 
 104 
 93 
 136 
 129 
 133 
 168 
 149 
 154 
 178 
 161 
 159 
 187 
 185 
 172 
 156 
 172 
 167 
 139 
 131 
 135 
 129 
 104 
 103 
 106 
 105 
 104 
 98 
 93 
 90 
 89 
 91 
 96 
 82 
 67 
 91 
 58 
 86 
 81 
 86 
 74 
 61 
 67 
 65 
 72 
 72 
 63 
 54 
 75 
 72 
 85 
 71 
 74 
 65 
 69 
 69 
 84 
 82 
 86 
 68 
 64 
 77 
 83 
 74 
 85 
 76 
 90 
 72 
 81 
 72 
 85 
 94 
 81 
 76 
 71 
 78 
 77 
 72 
 71 
 77 
 69 
 75 
 77 
 77 
 99 
 75 
 68 
 89 
 89 
 85 
 82 
 77 
 83 
 87 
 81 
 89 
 73 
 70 
 62 
 98 
 77 
 87 
 88 
 81 
 82 
 85 
 80 
 82 
 67 
 89 
 89 
 84 
 88 
 80 
 78 
 78 
 90 
 94 
 101 
 82 
 94 
 102 
 96 
 107 
 105 
 101 
 86 
 122 
 99 
 99 
 87 
 105 
 103 
 103 
 95 
 78 
 105 
 78 
 94 
 79 
 85 
 94 
 107 
 81 
 80 
 84 
 82 
 88 
 87 
 75 
 64 
 73 
 71 
 71 
 69 
 81 
 66 
 78 
 70 
 80 
 79 
 69 
 83 
 69 
 79 
 66 
 69 
 85 
 64 
 78 
 73 
 82 
 71 
 57 
 75 
 83 
 79 
 66 
 78 
 62 
 62 
 68 
 57 
 71 
 77 
 60 
 71 
 63 
 60 
 56 
 66 
 69 
 59 
 58 
 56 
 59 
 67 
 48 
 62 
 54 
 73 
 75 
 51 
 58 
 47 
 62 
 42 
 55 
 54 
 43 
 53 
 42 
 51 
 45 
 47 
 44 
 50 
 51 
 56 
 53 
 41 
 41 
 48 
 40 
 49 
 38 
 39 
 44 
 48 
 44 
 34 
 35 
 43 
 39 
 47 
 31 
 36 
 37 
 36 
 41 
 33 
 32 
 38 
 30 
 31 
 45 
 39 
 34 
 33 
 39 
 27 
 33 
 31 
 19 
 37 
 43 
 36 
 28 
 39 
 30 
 27 
 34 
 44 
 30 
 32 
 31 
 29 
 37 
 34 
 36 
 38 
 31 
 31 
 17 
 30 
 16 
 26 
 28 
 28 
 29 
 31 
 27 
 29 
 23 
 20 
 34 
 29 
 26 
 33 
 21 
 27 
 22 
 30 
 21 
 14 
 22 
 28 
 29 
 24 
 30 
 19 
 18 
 19 
 20 
 25 
 16 
 34 
 26 
 27 
 28 
 23 
 20 
 24 
 19 
 17 
 26 
 18 
 21 
 27 
 23 
 23 
 29 
 18 
 29 
 25 
 13 
 27 
 26 
 19 
 16 
 18 
 19 
 27 
 21 
 19 
 15 
 20 
 15 
 19 
 12 
 17 
 17 
 27 
 8 
 14 
 16 
 21 
 18 
 21 
 17 
 24 
 21 
 23 
 14 
 18 
 16 
 16 
 18 
 16 
 12 
 26 
 24 
 10 
 13 
 19 
 13 
 21 
 12 
 15 
 17 
 15 
 22 
 26 
 30 
 18 
 12 
 14 
 13 
 15 
 13 
 20 
 22 
 21 
 11 
 14 
 12 
 14 
 18 
 20 
 11 
 21 
 16 
 19 
 15 
 18 
 20 
 23 
 18 
 16 
 22 
 13 
 12 
 11 
 10 
 13 
 26 
 9 
 13 
 17 
 14 
 12 
 14 
 29 
 19 
 14 
 9 
 21 
 29 
 16 
 17 
 13 
 13 
 14 
 14 
 14 
 17 
 18 
 15 
 17 
 27 
 10 
 19 
 19 
 20 
 13 
 14 
 15 
 6 
 16 
 16 
 19 
 22 
 15 
 18 
 13 
 9 
 14 
 17 
 16 
 18 
 18 
 16 
 16 
 18 
 18 
 21 
 17 
 17 
 17 
 23 
 17 
 18 
 25 
 16 
 14 
 18 
 25 
 28 
 22 
 19 
 15 
 21 
 12 
 34 
 30 
 26 
 30 
 29 
 18 
 27 
 26 
 27 
 24 
 19 
 30 
 26 
 22 
 35 
 25 
 24 
 22 
 26 
 23 
 31 
 28 
 30 
 26 
 22 
 32 
 37 
 28 
 27 
 30 
 24 
 21 
 30 
 28 
 35 
 27 
 32 
 26 
 30 
 25 
 20 
 27 
 25 
 28 
 14 
 25 
 20 
 16 
 20 
 18 
 21 
 9 
 8 
 17 
 20 
 13 
 17 
 16 
 5 
 16 
 5 
 9 
 16 
 12 
 8 
 4 
 8 
 8 
 7 
 11 
 7 
 10 
 7 
 5 
 8 
 5 
 5 
 11 
 4 
 5 
 4 
 7 
 5 
 5 
 5 
 6 
 7 
 8 
 5 
 5 
 6 
 8 
 6 
 6 
 8 
 5 
 5 
 7 
 8 
 4 
 2 
 7 
 11 
 4 
 8 
 3 
 5 
 5 
 12 
 2 
 8 
 4 
 8 
 3 
 10 
 5 
 4 
 6 
 8 
 6 
 7 
 9 
 5 
 5 
 8 
 8 
 9 
 8 
 8 
 7 
 5 
 3 
 5 
 1 
 9 
 8 
 9 
 2 
 4 
 6 
 5 
 7 
 4 
 10 
 7 
 11 
 3 
 4 
 6 
 1 
 5 
 6 
 4 
 5 
 8 
 9 
 10 
 5 
 3 
 3 
 5 
 5 
 6 
 8 
 7 
 11 
 6 
 8 
 9 
 6 
 6 
 4 
 4 
 8 
 8 
 6 
 10 
 3 
 4 
 7 
 5 
 3 
 5 
 4 
 7 
 6 
 7 
 7 
 8 
 8 
 7 
 8 
 6 
 5 
 5 
 6 
 5 
 7 
 6 
 5 
 5 
 2 
 7 
 8 
 2 
 4 
 1 
 6 
 5 
 6 
 2 
 4 
 3 
 3 
 4 
 6 
 14 
 8 
 4 
 8 
 2 
 8 
 5 
 2 
 3 
 8 
 9 
 8 
 7 
 5 
 4 
 4 
 2 
 5 
 8 
 3 
 7 
 7 
 8 
 6 
 5 
 6 
 7 
 7 
 4 
 5 
 5 
 7 
 4 
 8 
 2 
 8 
 4 
 6 
 6 
 9 
 6 
 3 
 3 
 2 
 3 
 2 
 7 
 5 
 1 
 5 
 3 
 5 
 5 
 8 
 3 
 3 
 6 
 0 
 9 
 4 
 9 
 8 
 2 
 1 
 7 
 8 
 9 
 4 
 5 
 2 
 3 
 2 
 5 
 8 
 7 
 2 
 4 
 4 
 6 
 2 
 4 
 7 
 4 
 3 
 4 
 1 
 6 
 6 
 3 
 6 
 4 
 5 
 8 
 3 
 4 
 2 
 9 
 4 
 4 
 6 
 4 
 8 
 6 
 2 
 5 
 6 
 2 
 6 
 6 
 7 
 4 
 2 
 3 
 4 
 1 
 3 
 3 
 3 
 3 
 1 
 4 
 5 
 3 
 5 
 3 
 4 
 7 
 10 
 0 
 0 
 5 
 2 
 6 
 5 
 8 
 3 
 3 
 3 
 2 
 2 
 3 
 4 
 2 
 7 
 9 
 3 
 7 
 4 
 6 
 7 
 2 
 5 
 4 
 2 
 4 
 3 
 2 
 2 
 5 
 4 
 7 
 4 
 1 
 4 
 4 
 8 
 2 
 8 
 4 
 5 
 3 
 3 
 4 
 2 
 8 
 5 
 7 
 3 
 8 
 4 
 6 
 4 
 7 
 3 
 5 
 7 
 4 
 4 
 9 
 5 
 3 
 5 
 2 
 3 
 2 
 3 
 4 
 2 
 8 
 4 
 3 
 6 
 6 
 6 
 7 
 9 
 7 
 7 
 4 
 4 
 5 
 6 
 5 
 9 
 3 
 5 
 5 
 3 
 4 
 5 
 7 
 4 
 8 
 4 
 7 
 4 
 5 
 7 
 2 
 4 
 9 
 5 
 5 
 3 
 4 
 3 
 11 
 1 
 3 
 6 
 5 
 4 
 1 
 6 
 4 
 5 
 3 
 7 
 2 
 5 
 5 
 4 
 4 
 5 
 9 
 7 
 6 
 6 
 7 
 4 
 3 
 4 
 6 
 9 
 9 
 4 
 5 
 2 
 7 
 4 
 7 
 6 
 7 
 2 
 3 
 5 
 8 
 6 
 7 
 2 
 3 
 8 
 3 
 5 
 4 
 3 
 7 
 11 
 4 
 5 
 4 
 3 
 3 
 4 
 5 
 4 
 5 
 5 
 3 
 5 
 3 
 2 
 2 
 3 
 1 
 4 
 5 
 6 
 2 
 4 
 3 
 7 
 4 
 6 
 6 
 7 
 1 
 2 
 6 
 5 
 6 
 6 
 7 
 7 
 7 
 3 
 5 
 3 
 7 
 5 
 3 
 4 
 4 
 3 
 5 
 3 
 6 
 6 
 6 
 1 
 7 
 2 
 2 
 3 
 3 
 8 
 3 
 1 
 4 
 3 
 4 
 4 
 6 
 7 
 3 
 5 
 3 
 4 
 6 
 2 
 4 
 2 
 6 
 1 
 3 
 6 
 3 
 3 
 2 
 5 
 7 
 4 
 1 
 3 
 5 
 1 
 6 
 1 
 3 
 1 
 9 
 2 
 2 
 2 
 4 
 6 
 8 
 2 
 2 
 3 
 2 
 2 
 4 
 2 
 2 
 3 
 3 
 4 
 3 
 6 
 1 
 3 
 4 
 1 
 3 
 1 
 4 
 4 
 1 
 5 
 2 
 2 
 1 
 2 
 3 
 2 
 0 
 0 
 3 
 3 
 3 
 2 
 4 
 4 
 3 
 0 
 3 
 2 
 2 
 4 
 2 
 1 
 2 
 3 
 2 
 3 
 1 
 1 
 3 
 4 
 3 
 3 
 2 
 2 
 3 
 0 
 5 
 3 
 2 
 1 
 1 
 2 
 2 
 2 
 2 
 1 
 1 
 3 
 5 
 3 
 1 
 0 
 2 
 4 
 4 
 2 
 2 
 4 
 2 
 3 
 1 
 2 
 2 
 2 
 2 
 0 
 0 
 3 
 0 
 1 
 2 
 1 
 2 
 2 
 1 
 3 
 1 
 1 
 1 
 4 
 5 
 4 
 2 
 1 
 4 
 2 
 3 
 2 
 2 
 2 
 2 
 1 
 0 
 1 
 1 
 2 
 0 
 1 
 3 
 3 
 2 
 1 
 1 
 0 
 2 
 5 
 1 
 2 
 2 
 3 
 3 
 2 
 3 
 2 
 1 
 0 
 1 
 2 
 1 
 2 
 3 
 4 
 2 
 3 
 1 
 2 
 2 
 5 
 4 
 1 
 3 
 4 
 3 
 0 
 3 
 0 
 3 
 6 
 4 
 0 
 2 
 5 
 2 
 2 
 3 
 3 
 1 
 2 
 0 
 2 
 3 
 1 
 3 
 3 
 2 
 1 
 4 
 2 
 2 
 3 
 2 
 1 
 5 
 3 
 1 
 0 
 5 
 2 
 0 
 0 
 3 
 1 
 4 
 2 
 6 
 4 
 5 
 2 
 3 
 4 
 5 
 6 
 3 
 4 
 6 
 2 
 5 
 0 
 2 
 1 
 9 
 5 
 2 
 6 
 4 
 9 
 3 
 4 
 5 
 6 
 6 
 4 
 7 
 5 
 7 
 4 
 6 
 6 
 3 
 3 
 8 
 4 
 10 
 7 
 6 
 11 
 7 
 7 
 9 
 13 
 10 
 6 
 8 
 10 
 8 
 16 
 8 
 5 
 9 
 8 
 9 
 9 
 12 
 9 
 6 
 12 
 9 
 13 
 10 
 12 
 9 
 8 
 8 
 8 
 7 
 6 
 8 
 12 
 4 
 5 
 10 
 6 
 3 
 6 
 9 
 13 
 3 
 10 
 10 
 5 
 6 
 8 
 5 
 7 
 3 
 4 
 5 
 3 
 6 
 2 
 6 
 5 
 6 
 3 
 0 
 7 
 7 
 5 
 1 
 3 
 3 
 2 
 2 
 4 
 2 
 0 
 5 
 6 
 3 
 3 
 2 
 2 
 1 
 2 
 6 
 4 
 2 
 1 
 5 
 3 
 2 
 1 
 3 
 0 
 2 
 1 
 1 
 0 
 1 
 3 
 1 
 1 
 0 
 0 
 0 
 1 
 0 
 0 
 0 
 0 
 2 
 0 
 0 
 0 
 0 
 0 
 0 
 1 
 0 
 0 
 0 
 1 
 0 
 1 
 2 
 0 
 1 
 0 
 0 
 0 
 1 
 0 
 1 
 1 
 0 
 1 
 0 
 1 
 0 
 1 
 0 
 0 
 2 
 0 
 0 
 2 
 0 
 0 
 1 
 0 
 0 
 0 
 0 
 0 
 0 
 1 
 0 
 0 
 0 
 0 
 0 
 0 
 0 
 0 
 0 
 0 
 0 
 1 
 0 
 0 
 0 
 0 
 0 
 0 
 1 
 0 
 0 
 0 
 0 
 1 
 1 
 1 
 1 
 0 
 0 
 0 
 0 
 0 
 0 
 0 
 0 
 0 
 0 
 0 
 0 
 0 
 0 
 1 
 0 
 0 
 0 
 0 
 0 
 1 
 0 
 0 
 0 
 1 
 0 
 1 
 0 
 0 
 0 
 0 
 0 
 0 
 0 
 0 
 0 
 0 
 0 
 0 
 0 
 0 
 0 
 0 
 1 
 0 
 0 
 0 
 0 
 0 
 0 
 1 
 0 
 0 
 1 
 1 
 1 
 1 
 0 
 0 
 1 
 0 
 0 
 1 
 1 
 1 
 0 
 0 
 0 
 1 
 0 
 0 
 0 
 0 
 0 
 0 
 0 
 0 
 0 
 0 
 1 
 1 
 0 
 0 
 0 
 0 
 0 
 0 
 1 
 1 
 0 
 0 
 0 
 0 
 0 
 0 
 0 
 0 
 0 
 0 
 0 
 0 
 0 
 0 
 0 
 0 
 0 
 1 
 0 
 0 
 0 
 0 
 0 
 0 
 0 
 0 
 0 
 0 
 0 
 1 
 0 
 0 
 1 
 0 
 0 
 0 
 1 
 0 
 0 
 0 
 0 
 0 
 0 
 0 
 0 
 0 
 0 
 0 
 0 
 1 
 0 
 0 
 0 
 0 
 0 
 0 
 0 
 0 
 0 
 0 
 0 
 0 
 0 
 0 
 0 
 0 
 0 
 0 
 0 
 1 
 0 
 0 
 0 
 0 
 1 
 0 
 0 
 0 
 0 
 0 
 0 
 0 
 0 
 0 
 0 
 0 
 1 
 0 
 0 
 0 
 0 
 0 
 1 
 0 
 0 
 0 
 0 
 0 
 0 
 0 
 0 
 0 
 0 
 0 
 0 
 1 
 0 
 0 
 0 
 1 
 0 
 0 
 0 
 1 
 0 
 0 
 0 
 0 
 0 
 0 
 0 
 0 
 0 
 0 
 0 
 0 
 0 
 1 
 0 
 0 
 0 
 1 
 0 
 0 
 1 
 0 
 0 
 0 
 0 
 1 
 0 
 0 
 0 
 0 
 0 
 0 
 0 
 0 
 0 
 0 
 1 
 0 
 0 
 0 
 0 
 0 
 0 
 0 
 0 
 0 
 0 
 0 
 0 
 0 
 0 
 0 
 0 
 0 
 0 
 0 
 0 
 0 
 0 
 0 
 0 
 0 
 0 
 0 
 0 
 0 
 0 
 0 
 0 
 0 
 0 
 0 
 0 
 0 
 0 
 0 
 1 
 0 
 0 
 0 
 0 
 0 
 0 
 0 
 0 
 1 
 0 
 0 
 0 
 0 
 0 
 0 
 1 
 0 
 0 
 0 
 0 
 0 
 0 
 0 
 0 
 0 
 0 
 0 
 0 
 0 
 0 
 0 
 0 
 0 
 0 
 0 
 0 
 0 
 0 
 0 
 0 
 0 
 0 
 0 
 1 
 0 
 0 
 0 
 0 
 0 
 0 
 0 
 1 
 0 
 1 
 0 
 0 
 0 
 0 
 0 
 0 
 0 
 0 
 0 
 0 
 0 
 0 
 0 
 0 
 0 
 0 
 0 
 0 
 0 
 0 
 0 
 0 
 0 
 0 
 0 
 0 
 0 
 0 
 0 
 0 
 0 
 0 
 0 
 0 
 0 
 0 
 0 
 0 
 0 
 0 
 0 
 0 
 0 
 0 
 0 
 0 
 0 
 0 
 0 
 0 
 0 
 0 
 0 
 0 
 0 
 0 
 0 
 0 
 0 
 0 
 0 
 0 
 0 
 0 
 0 
 0 
 0 
 0 
 0 
 0 
 0 
 0 
 0 
 0 
 0 
 0 
 0 
 0 
 0 
 0 
 0 
 0 
 1 
 0 
 0 
 0 
 0 
 0 
 0 
 0 
 1 
 0 
 1 
 0 
 0 
 0 
 0 
 0 
 0 
 0 
 0 
 0 
 0 
 0 
 1 
 0 
 0 
 0 
 0 
 0 
 0 
 0 
 0 
 0 
 0 
 1 
 0 
 0 
 0 
 0 
 0 
 0 
 0 
 0 
 0 
 0 
 0 
 0 
 0 
 0 
 0 
 0 
 0 
 1 
 0 
 0 
 0 
 0 
 0 
 0 
 0 
 0 
 0 
 0 
 0 
 0 
 0 
 0 
 0 
 0 
 0 
 1 
 0 
 0 
 0 
 0 
 0 
 0 
 0 
 0 
 0 
 0 
 0 
 0 
 0 
 0 
 0 
 0 
 0 
 0 
 0 
 0 
 0 
 0 
 0 
 0 
 0 
 0 
 0 
 0 
 0 
 0 
 0 
 0 
 0 
 0 
 0 
 0 
 0 
 0 
 0 
 1 
 0 
 0 
 0 
 0 
 0 
 0 
 0 
 0 
 0 
 0 
 1 
 0 
 0 
 0 
 1 
 0 
 0 
 0 
 0 
 0 
 0 
 0 
 0 
 0 
 0 
 0 
 0 
 0 
 0 
 0 
 0 
 0 
 0 
 0 
 0 
 0 
 0 
 0 
 0 
 0 
 0 
 0 
 0 
 0 
 0 
 0 
 0 
 0 
 0 
 0 
 0 
 0 
 0 
 0 
 0 
 0 
 0 
 0 
 0 
 0 
 0 
 0 
 0 
 0 
 0 
 0 
 0 
 0 
 0 
 0 
 0 
 0 
 0 
 0 
 0 
 0 
 0 
 0 
 0 
 0 
 0 
 0 
 0 
 0 
 0 
 0 
 0 
 0 
 0 
 0 
 0 
 0 
 0 
 0 
 0 
 0 
 0 
 0 
 0 
 0 
 0 
 0 
 0 
 0 
 1 
 0 
 0 
 0 
 0 
 0 
 0 
 0 
 0 
 0 
 0 
 0 
 0 
 0 
 0 
 0 
 0 
 0 
 0 
 0 
 0 
 0 
 0 
 0 
 0 
 0 
 0 
 0 
 0 
 0 
 0 
 0 
 0 
 1 
 0 
 0 
 0 
 0 
 0 
 0 
 0 
 0 
 0 
 0 
 0 
 0 
 0 
 0 
 0 
 0 
 0 
 0 
 0 
 0 
 0 
 0 
 0 
 0 
 0 
 0 
 0 
 0 
 0 
 0 
 0 
 0 
 0 
 1 
 0 
 0 
 0 
 0 
 0 
 0 
 0 
 0 
 0 
 0 
 0 
 0 
 0 
 0 
 0 
 0 
 0 
 0 
 0 
 0 
 0 
 0 
 0 
 0 
 0 
 0 
 0 
 0 
 0 
 0 
 0 
 0 
 0 
 0 
 0 
 0 
 0 
 0 
 0 
 0 
 1 
 1 
 0 
 0 
 0 
 1 
 0 
 0 
 0 
 0 
 0 
 0 
 0 
 0 
 0 
 0 
 0 
 0 
 0 
 0 
 0 
 0 
 0 
 0 
 0 
 0 
 0 
 0 
 0 
 0 
 0 
 0 
 0 
 0 
 0 
 0 
 0 
 0 
 0 
 0 
 0 
 0 
 0 
 0 
 0 
 0 
 0 
 0 
 0 
 0 
 0 
 0 
 0 
 0 
 0 
 0 
 0 
 1 
 0 
 0 
 0 
 0 
 0 
 0 
 0 
 0 
 0 
 0 
 0 
 0 
 0 
 0 
 0 
 0 
 0 
 0 
 0 
 0 
 0 
 0 
 0 
 0 
 0 
 0 
 0 
 0 
 0 
 0 
 0 
 0 
 0 
 0 
 0 
 0 
 0 
 0 
 0 
 0 
 0 
 0 
 0 
 0 
 0 
 0 
 0 
 0 
 0 
 0 
 0 
 0 
 0 
 0 
 0 
 0 
 0 
 0 
 0 
 0 
 0 
 0 
 1 
 0 
 0 
 0 
 0 
 0 
 0 
 0 
 0 
 0 
 0 
 0 
 0 
 0 
 0 
 0 
 0 
 0 
 0 
 0 
 0 
 0 
 0 
 1 
 1 
 0 
 0 
 0 
 0 
 0 
 0 
 0 
 0 
 0 
 0 
 0 
 0 
 0 
 0 
 0 
 0 
 0 
 0 
 0 
 0 
 0 
 0 
 0 
 0 
 0 
 0 
 0 
 0 
 0 
 0 
 0 
 0 
 0 
 0 
 0 
 0 
 0 
 0 
 0 
 0 
 0 
 0 
 0 
 0 
 0 
 0 
 0 
 0 
 0 
 0 
 0 
 0 
 0 
 0 
 0 
 0 
 0 
 0 
 0 
 0 
 0 
 0 
 0 
 0 
 0 
 0 
 0 
 0 
 0 
 0 
 0 
 0 
 0 
 0 
 0 
 0 
 0 
 0 
 0 
 0 
 0 
 0 
 0 
 1 
 0 
 0 
 0 
 0 
 1 
 0 
 0 
 0 
 0 
 0 
 0 
 0 
 0 
 0 
 0 
 0 
 0 
 0 
 1 
 0 
 0 
 0 
 0 
 0 
 0 
 0 
 0 
 0 
 0 
 0 
 0 
 0 
 1 
 0 
 0 
 0 
 0 
 0 
 0 
 0 
 0 
 0 
 0 
 0 
 0 
 0 
 0 
 0 
 0 
 0 
 0 
 0 
 0 
 0 
 0 
 0 
 0 
 0 
 0 
 0 
 0 
 0 
 0 
 0 
 0 
 0 
 0 
 0 
 0 
 0 
 0 
 0 
 0 
 0 
 0 
 0 
 0 
 0 
 0 
 0 
 0 
 0 
 0 
 0 
 0 
 0 
 0 
 0 
 0 
 0 
 0 
 0 
 0 
 0 
 0 
 0 
 0 
 0 
 0 
 0 
 0 
 0 
 0 
 0 
 0 
 0 
 0 
 0 
 0 
 0 
 1 
 0 
 0 
 0 
 0 
 0 
 0 
 0 
 0 
 0 
 0 
 0 
 0 
 0 
 0 
 0 
 0 
 0 
 0 
 0 
 0 
 0 
 0 
 0 
 0 
 0 
 0 
 0 
 0 
 0 
 0 
 0 
 0 
 0 
 0 
 0 
 0 
 0 
 0 
 0 
 0 
 0 
 0 
 0 
 0 
 0 
 0 
 0 
 0 
 0 
 0 
 0 
 0 
 0 
 0 
 0 
 0 
 0 
 0 
 0 
 0 
 0 
 0 
 0 
 0 
 0 
 1 
 0 
 0 
 0 
 0 
 0 
 0 
 0 
 0 
 0 
 0 
 0 
 0 
 0 
 0 
 0 
 0 
 0 
 0 
 0 
 0 
 0 
 0 
 0 
 0 
 0 
 0 
 0 
 0 
 0 
 1 
 0 
 0 
 0 
 0 
 0 
 0 
 0 
 0 
 0 
 0 
 0 
 1 
 0 
 0 
 0 
 0 
 0 
 0 
 0 
 0 
 1 
 0 
 0 
 0 
 0 
 0 
 0 
 0 
 0 
 0 
 0 
 0 
 0 
 0 
 0 
 0 
 0 
 0 
 0 
 0 
 0 
 0 
 0 
 0 
 0 
 0 
 0 
 0 
 0 
 0 
 0 
 0 
 1 
 0 
 0 
 0 
 0 
 0 
 0 
 0 
 0 
 0 
 0 
 0 
 0 
 0 
 0 
 0 
 0 
 0 
 0 
 0 
 0 
 0 
 0 
 0 
 0 
 0 
 0 
 0 
 0 
 0 
 0 
 0 
 0 
 0 
 0 
 0 
 0 
 0 
 0 
 0 
 0 
 0 
 0 
 0 
 0 
 0 
 0 
 0 
 0 
 0 
 0 
 0 
 0 
 0 
 0 
 0 
 0 
 0 
 0 
 0 
 0 
 0 
 0 
 0 
 1 
 0 
 0 
 0 
 0 
 0 
 0 
 0 
 0 
 0 
 0 
 0 
 0 
 0 
 0 
 0 
 0 
 0 
 0 
 0 
 0 
 0 
 0 
 0 
 0 
 0 
 0 
 0 
 0 
 0 
 0 
 0 
 0 
 0 
 0 
 0 
 0 
 0 
 0 
 0 
 0 
 0 
 0 
 0 
 0 
 0 
 0 
 0 
 0 
 0 
 0 
 0 
 0 
 0 
 0 
 0 
 0 
 0 
 0 
 1 
 0 
 0 
 0 
 0 
 0 
 0 
 0 
 0 
 0 
 0 
 0 
 0 
 0 
 0 
 0 
 0 
 0 
 0 
 0 
 0 
 0 
 0 
 0 
 0 
 0 
 0 
 0 
 0 
 0 
 0 
 0 
 0 
 0 
 0 
 0 
 0 
 0 
 0 
 0 
 0 
 0 
 0 
 0 
 0 
 0 
 0 
 0 
 0 
 0 
 0 
 0 
 0 
 0 
 0 
 0 
 0 
 1 
 0 
 0 
 0 
 0 
 0 
 0 
 0 
 0 
 0 
 0 
 0 
 0 
 0 
 0 
 0 
 0 
 0 
 0 
 0 
 0 
 0 
 0 
 0 
 0 
 0 
 0 
 0 
 0 
 0 
 0 
 0 
 0 
 0 
 0 
 0 
 0 
 0 
 0 
 0 
 0 
 0 
 0 
 0 
 0 
 0 
 0 
 0 
 0 
 0 
 0 
 0 
 0 
 0 
 0 
 0 
 0 
 0 
 0 
 0 
 0 
 0 
 0 
 0 
 0 
 0 
 0 
 0 
 0 
 0 
 0 
 0 
 0 
 0 
 0 
 0 
 0 
 0 
 0 
 0 
 0 
 0 
 0 
 0 
 0 
 0 
 0 
 0 
 0 
 0 
 0 
 0 
 0 
 0 
 0 
 1 
 0 
 0 
 0 
 0 
 0 
 0 
 0 
 0 
 0 
 0 
 0 
 0 
 0 
 0 
 0 
 0 
 0 
 0 
 0 
 0 
 0 
 0 
 0 
 0 
 0 
 0 
 0 
 0 
 0 
 0 
 0 
 0 
 0 
 0 
 0 
 0 
 0 
 0 
 0 
 0 
 0 
 0 
 0 
 0 
 0 
 0 
 0 
 0 
 0 
 0 
 0 
 0 
 0 
 0 
 0 
 0 
 0 
 0 
 0 
 1 
 0 
 0 
 0 
 0 
 0 
 0 
 0 
 0 
 0 
 0 
 0 
 0 
 0 
 0 
 0 
 0 
 0 
 0 
 0 
 0 
 0 
 0 
 0 
 0 
 0 
 0 
 0 
 0 
 0 
 0 
 0 
 0 
 0 
 0 
 0 
 0 
 0 
 0 
 0 
 0 
 0 
 0 
 0 
 0 
 0 
 0 
 0 
 0 
 0 
 0 
 0 
 0 
 0 
 0 
 0 
 0 
 0 
 0 
 0 
 0 
 0 
 0 
 0 
 0 
 0 
 0 
 0 
 0 
 0 
 0 
 0 
 0 
 0 
 0 
 0 
 0 
 0 
 0 
 0 
 0 
 0 
 0 
 0 
 0 
 0 
 0 
 0 
 0 
 1 
 0 
 0 
 0 
 0 
 0 
 0 
 0 
 0 
 0 
 0 
 0 
 0 
 0 
 0 
 0 
 0 
 0 
 0 
 0 
 0 
 0 
 0 
 0 
 0 
 0 
 0 
 0 
 0 
 0 
 0 
 0 
 0 
 0 
 0 
 0 
 0 
 0 
 0 
 0 
 0 
 0 
 0 
 0 
 0 
 0 
 0 
 0 
 0 
 0 
 0 
 0 
 0 
 0 
 0 
 0 
 0 
 0 
 0 
 0 
 0 
 0 
 0 
 0 
 0 
 0 
 0 
 0 
 0 
 0 
 0 
 0 
 0 
 0 
 0 
 0 
 0 
 0 
 0 
 0 
 0 
 0 
 0 
 0 
 0 
 0 
 0 
 0 
 0 
 0 
 0 
 0 
 0 
 0 
 0 
 0 
 0 
 0 
 0 
 0 
 0 
 0 
 0 
 0 
 0 
 0 
 0 
 0 
 0 
 0 
 0 
 0 
 0 
 0 
 0 
 0 
 0 
 0 
 0 
 0 
 0 
 0 
 0 
 0 
 0 
 0 
 0 
 0 
 0 
 0 
 0 
 0 
 0 
 0 
 0 
 0 
 0 
 0 
 0 
 0 
 0 
 0 
 0 
 0 
 0 
 0 
 0 
 0 
 0 
 0 
 0 
 0 
 0 
 0 
 0 
 0 
 0 
 0 
 0 
 0 
 0 
 0 
 0 
 0 
 0 
 0 
 0 
 0 
 0 
 0 
 0 
 0 
 0 
 0 
 0 
 0 
 0 
 0 
 0 
 0 
 0 
 0 
 0 
 0 
 0 
 0 
 0 
 0 
 0 
 0 
 0 
 0 
 0 
 0 
 0 
 0 
 0 
 0 
 0 
 0 
 0 
 0 
 0 
 0 
 0 
 0 
 0 
 0 
 0 
 0 
 0 
 0 
 0 
 0 
 0 
 0 
 0 
 0 
 0 
 0 
 0 
 0 
 0 
 0 
 0 
 0 
 0 
 0 
 0 
 0 
 0 
 0 
 0 
 0 
 0 
 0 
 0 
 0 
 0 
 0 
 0 
 0 
 0 
 0 
 0 
 0 
 0 
 0 
 0 
 0 
 0 
 0 
 0 
 0 
 0 
 0 
 0 
 0 
 0 
 0 
 0 
 0 
 0 
 0 
 0 
 0 
 0 
 0 
 0 
 0 
 0 
 0 
 0 
 0 
 0 
 0 
 0 
 0 
 0 
 0 
 0 
 0 
 0 
 0 
 0 
 0 
 0 
 0 
 0 
 0 
 0 
 0 
 0 
 0 
 0 
 0 
 0 
 0 
 0 
 0 
 0 
 0 
 0 
 0 
 0 
 0 
 0 
 0 
 0 
 0 
 0 
 0 
 0 
 0 
 0 
 0 
 0 
 0 
 0 
 1 
 0 
 0 
 0 
 0 
 0 
 0 
 0 
 0 
 0 
 0 
 0 
 0 
 0 
 0 
 0 
 0 
 0 
 0 
 0 
 0 
 0 
 0 
 0 
 0 
 0 
 0 
 0 
 0 
 0 
 0 
 0 
 0 
 0 
 0 
 0 
 0 
 0 
 0 
 0 
 0 
 0 
 0 
 0 
 0 
 0 
 0 
 0 
 0 
 0 
 0 
 0 
 0 
 0 
 0 
 0 
 0 
 0 
 0 
 0 
 0 
 0 
 0 
 0 
 0 
 0 
 0 
 0 
 0 
 0 
 0 
 0 
 0 
 0 
 0 
 0 
 0 
 0 
 0 
 0 
 0 
 0 
 0 
 0 
 0 
 0 
 0 
 0 
 0 
 0 
 0 
 0 
 0 
 0 
 0 
 0 
 0 
 0 
 0 
 0 
 0 
 0 
 0 
 0 
 0 
 0 
 0 
 0 
 0 
 0 
 0 
 0 
 0 
 0 
 0 
 0 
 0 
 0 
 0 
 0 
 0 
 0 
 0 
 0 
 0 
 0 
 0 
 0 
 0 
 0 
 0 
 0 
 0 
 0 
 0 
 1 
 0 
 0 
 0 
 0 
 0 
 0 
 0 
 0 
 0 
 0 
 0 
 0 
 0 
 0 
 0 
 0 
 0 
 0 
 0 
 0 
 0 
 0 
 0 
 0 
 0 
 0 
 0 
 0 
 0 
 0 
 0 
 0 
 0 
 0 
 0 
 0 
 0 
 0 
 0 
 0 
 0 
 0 
 0 
 0 
 0 
 0 
 0 
 0 
 0 
 0 
 0 
 0 
 0 
 0 
 0 
 0 
 0 
 0 
 0 
 0 
 0 
 0 
 0 
 0 
 0 
 0 
 0 
 0 
 0 
 0 
 0 
 0 
 0 
 0 
 0 
 0 
 0 
 0 
 0 
 0 
 0 
 0 
 0 
 1 
 0 
 0 
 0 
 0 
 0 
 0 
 0 
 0 
 0 
 0 
 0 
 0 
 0 
 0 
 0 
 0 
 0 
 0 
 0 
 0 
 0 
 0 
 0 
 0 
 0 
 0 
 0 
 0 
 0 
 0 
 0 
 0 
 0 
 0 
 0 
 0 
 0 
 0 
 0 
 0 
 0 
 0 
 0 
 0 
 0 
 0 
 0 
 0 
 0 
 0 
 0 
 0 
 0 
 0 
 0 
 0 
 0 
 0 
 0 
 0 
 0 
 0 
 0 
 0 
 0 
 0 
 0 
 0 
 0 
 0 
 0 
 0 
 0 
 0 
 0 
 0 
 0 
 0 
 0 
 0 
 0 
 0 
 0 
 0 
 0 
 0 
 0 
 0 
 0 
 0 
 0 
 0 
 0 
 0 
 0 
 0 
 0 
 0 
 0 
 0 
 0 
 0 
 0 
 0 
 0 
 0 
 0 
 0 
 0 
 0 
 0 
 0 
 0 
 0 
 0 
 0 
 0 
 0 
 0 
 0 
 0 
 0 
 0 
 0 
 0 
 0 
 0 
 0 
 0 
 0 
 0 
 0 
 0 
 0 
 0 
 0 
 0 
 0 
 0 
 0 
 0 
 0 
 0 
 0 
 0 
 0 
 0 
 0 
 0 
 0 
 0 
 0 
 0 
 0 
 0 
 0 
 0 
 0 
 0 
 0 
 0 
 0 
 0 
 0 
 0 
 1 
 0 
 0 
 0 
 0 
 0 
 0 
 0 
 0 
 0 
 0 
 0 
 0 
 0 
 0 
 0 
 0 
 0 
 0 
 0 
 0 
 0 
 0 
 0 
 0 
 0 
 0 
 0 
 0 
 0 
 0 
 0 
 0 
 0 
 0 
 0 
 0 
 0 
 0 
 0 
 0 
 0 
 0 
 0 
 0 
 0 
 0 
 0 
 0 
 0 
 0 
 0 
 0 
 0 
 0 
 0 
 0 
 0 
 0 
 0 
 0 
 0 
 0 
 0 
 0 
 0 
 0 
 0 
 0 
 0 
 0 
 0 
 0 
 0 
 0 
 0 
 0 
 0 
 0 
 0 
 0 
 0 
 0 
 0 
 0 
 0 
 0 
 0 
 0 
 0 
 0 
 0 
 0 
 0 
 0 
 0 
 0 
 0 
 0 
 0 
 0 
 0 
 0 
 0 
 0 
 0 
 0 
 0 
 0 
 0 
 0 
 0 
 0 
 0 
 0 
 0 
 0 
 0 
 0 
 0 
 0 
 0 
 0 
 0 
 0 
 0 
 0 
 0 
 0 
 0 
 0 
 0 
 0 
 0 
 0 
 0 
 0 
 0 
 0 
 0 
 0 
 0 
 0 
 0 
 0 
 0 
 0 
 0 
 0 
 0 
 0 
 0 
 0 
 0 
 0 
 0 
 0 
 0 
 0 
 0 
 0 
 0 
 0 
 0 
 0 
