 0 
 0 
 0 
 0 
 0 
 0 
 0 
 0 
 0 
 0 
 0 
 0 
 0 
 0 
 0 
 0 
 0 
 0 
 0 
 0 
 0 
 0 
 1 
 2 
 1 
 1 
 0 
 5 
 2 
 7 
 6 
 10 
 7 
 10 
 21 
 28 
 21 
 28 
 37 
 36 
 38 
 34 
 46 
 50 
 38 
 39 
 38 
 48 
 53 
 56 
 49 
 64 
 67 
 54 
 48 
 63 
 41 
 64 
 42 
 58 
 71 
 53 
 72 
 53 
 65 
 62 
 61 
 74 
 67 
 67 
 59 
 58 
 70 
 75 
 71 
 81 
 94 
 82 
 62 
 95 
 93 
 95 
 103 
 100 
 104 
 108 
 102 
 121 
 138 
 151 
 184 
 158 
 159 
 201 
 182 
 204 
 232 
 205 
 191 
 188 
 138 
 199 
 185 
 150 
 161 
 133 
 129 
 121 
 139 
 140 
 131 
 115 
 121 
 112 
 108 
 106 
 118 
 95 
 95 
 103 
 93 
 106 
 90 
 90 
 78 
 87 
 89 
 78 
 84 
 74 
 67 
 78 
 84 
 88 
 104 
 84 
 98 
 89 
 109 
 105 
 99 
 96 
 65 
 101 
 105 
 102 
 89 
 91 
 93 
 85 
 98 
 110 
 92 
 80 
 102 
 106 
 96 
 100 
 109 
 86 
 92 
 109 
 98 
 98 
 95 
 93 
 85 
 88 
 94 
 95 
 105 
 106 
 92 
 87 
 105 
 95 
 97 
 95 
 112 
 84 
 104 
 90 
 105 
 94 
 83 
 101 
 91 
 84 
 93 
 83 
 110 
 87 
 99 
 112 
 128 
 104 
 98 
 106 
 101 
 86 
 127 
 110 
 92 
 116 
 92 
 105 
 120 
 127 
 131 
 109 
 108 
 127 
 104 
 111 
 113 
 93 
 97 
 119 
 124 
 110 
 112 
 108 
 107 
 111 
 120 
 118 
 109 
 106 
 112 
 118 
 102 
 108 
 106 
 92 
 106 
 114 
 83 
 97 
 80 
 108 
 91 
 94 
 97 
 89 
 99 
 74 
 77 
 92 
 90 
 86 
 83 
 112 
 86 
 92 
 93 
 92 
 81 
 108 
 100 
 81 
 97 
 87 
 78 
 97 
 88 
 99 
 88 
 98 
 95 
 90 
 73 
 84 
 67 
 82 
 87 
 83 
 100 
 82 
 73 
 85 
 78 
 64 
 69 
 78 
 70 
 85 
 82 
 74 
 65 
 63 
 68 
 76 
 72 
 62 
 84 
 81 
 65 
 69 
 64 
 66 
 59 
 54 
 61 
 55 
 51 
 58 
 59 
 69 
 57 
 72 
 55 
 59 
 58 
 51 
 61 
 67 
 49 
 50 
 52 
 58 
 58 
 46 
 58 
 59 
 55 
 56 
 51 
 55 
 37 
 38 
 52 
 63 
 52 
 52 
 47 
 41 
 47 
 60 
 52 
 43 
 43 
 46 
 42 
 41 
 48 
 56 
 44 
 41 
 46 
 46 
 39 
 61 
 33 
 41 
 43 
 48 
 42 
 48 
 45 
 40 
 38 
 41 
 34 
 42 
 55 
 40 
 32 
 42 
 39 
 32 
 37 
 58 
 30 
 50 
 37 
 28 
 35 
 38 
 34 
 27 
 38 
 30 
 44 
 51 
 38 
 44 
 30 
 35 
 40 
 35 
 36 
 37 
 29 
 21 
 35 
 35 
 30 
 38 
 26 
 31 
 31 
 41 
 32 
 28 
 36 
 29 
 26 
 35 
 30 
 26 
 35 
 29 
 31 
 34 
 26 
 32 
 26 
 33 
 37 
 33 
 28 
 29 
 31 
 43 
 33 
 35 
 21 
 31 
 25 
 31 
 21 
 40 
 31 
 24 
 24 
 41 
 26 
 33 
 23 
 25 
 26 
 27 
 29 
 30 
 30 
 18 
 30 
 31 
 34 
 38 
 29 
 28 
 34 
 30 
 20 
 29 
 29 
 26 
 31 
 25 
 34 
 22 
 28 
 30 
 29 
 30 
 35 
 32 
 18 
 26 
 47 
 23 
 29 
 24 
 25 
 25 
 22 
 32 
 26 
 39 
 25 
 29 
 33 
 32 
 31 
 35 
 25 
 37 
 30 
 35 
 32 
 26 
 24 
 35 
 43 
 26 
 33 
 34 
 27 
 37 
 30 
 24 
 35 
 33 
 28 
 33 
 41 
 33 
 31 
 30 
 41 
 29 
 24 
 32 
 35 
 36 
 23 
 42 
 18 
 33 
 30 
 18 
 33 
 35 
 33 
 31 
 43 
 31 
 37 
 30 
 33 
 26 
 31 
 34 
 31 
 29 
 35 
 34 
 29 
 39 
 44 
 34 
 30 
 38 
 45 
 44 
 37 
 29 
 37 
 50 
 44 
 44 
 36 
 46 
 53 
 53 
 53 
 65 
 61 
 41 
 54 
 49 
 55 
 53 
 65 
 63 
 72 
 73 
 62 
 67 
 78 
 72 
 77 
 81 
 69 
 76 
 80 
 67 
 77 
 86 
 57 
 76 
 78 
 72 
 78 
 88 
 79 
 86 
 79 
 56 
 80 
 74 
 93 
 78 
 60 
 73 
 70 
 61 
 71 
 51 
 78 
 66 
 63 
 56 
 52 
 51 
 57 
 50 
 34 
 42 
 35 
 23 
 30 
 36 
 35 
 29 
 39 
 28 
 32 
 20 
 26 
 11 
 19 
 22 
 16 
 12 
 18 
 18 
 10 
 10 
 9 
 10 
 17 
 16 
 11 
 8 
 7 
 9 
 14 
 9 
 6 
 7 
 10 
 8 
 5 
 13 
 9 
 14 
 8 
 10 
 5 
 11 
 9 
 10 
 5 
 9 
 10 
 8 
 9 
 10 
 7 
 4 
 3 
 10 
 10 
 10 
 8 
 8 
 8 
 9 
 8 
 9 
 11 
 6 
 6 
 15 
 10 
 11 
 8 
 11 
 10 
 12 
 9 
 9 
 19 
 16 
 7 
 14 
 13 
 12 
 16 
 7 
 12 
 12 
 10 
 11 
 11 
 7 
 8 
 10 
 12 
 6 
 7 
 8 
 7 
 7 
 9 
 9 
 9 
 12 
 7 
 6 
 8 
 8 
 8 
 9 
 5 
 12 
 5 
 9 
 10 
 9 
 7 
 4 
 13 
 13 
 8 
 10 
 9 
 9 
 8 
 7 
 11 
 9 
 5 
 12 
 6 
 7 
 11 
 6 
 10 
 8 
 15 
 12 
 8 
 12 
 7 
 8 
 9 
 10 
 8 
 6 
 8 
 10 
 7 
 11 
 12 
 13 
 8 
 10 
 2 
 5 
 7 
 9 
 11 
 11 
 14 
 6 
 12 
 10 
 8 
 8 
 6 
 11 
 11 
 8 
 10 
 8 
 5 
 9 
 9 
 10 
 10 
 13 
 4 
 9 
 6 
 8 
 7 
 9 
 15 
 9 
 10 
 6 
 12 
 8 
 8 
 6 
 16 
 7 
 12 
 9 
 8 
 9 
 6 
 11 
 11 
 9 
 10 
 3 
 8 
 10 
 12 
 13 
 9 
 5 
 4 
 10 
 5 
 6 
 4 
 6 
 6 
 8 
 9 
 11 
 9 
 8 
 6 
 2 
 5 
 9 
 7 
 7 
 7 
 2 
 9 
 7 
 10 
 12 
 5 
 13 
 12 
 8 
 8 
 12 
 5 
 12 
 5 
 6 
 12 
 5 
 4 
 11 
 6 
 11 
 7 
 8 
 7 
 10 
 7 
 8 
 3 
 7 
 10 
 7 
 7 
 12 
 7 
 6 
 11 
 10 
 7 
 9 
 10 
 8 
 10 
 13 
 11 
 10 
 5 
 3 
 13 
 6 
 10 
 8 
 17 
 5 
 5 
 6 
 8 
 10 
 10 
 4 
 7 
 7 
 6 
 7 
 12 
 2 
 2 
 15 
 7 
 10 
 9 
 10 
 7 
 3 
 11 
 9 
 3 
 4 
 12 
 7 
 7 
 9 
 9 
 8 
 5 
 8 
 5 
 6 
 17 
 10 
 6 
 10 
 9 
 7 
 9 
 6 
 7 
 6 
 7 
 11 
 9 
 12 
 9 
 10 
 10 
 7 
 9 
 10 
 6 
 12 
 5 
 12 
 8 
 9 
 7 
 12 
 6 
 7 
 11 
 4 
 6 
 7 
 10 
 8 
 10 
 7 
 9 
 6 
 7 
 8 
 12 
 8 
 10 
 8 
 13 
 9 
 5 
 12 
 8 
 9 
 11 
 9 
 9 
 6 
 5 
 8 
 6 
 6 
 9 
 8 
 7 
 10 
 9 
 7 
 5 
 7 
 7 
 6 
 10 
 7 
 10 
 12 
 7 
 6 
 4 
 4 
 8 
 11 
 1 
 4 
 7 
 9 
 5 
 7 
 6 
 8 
 7 
 9 
 7 
 10 
 6 
 7 
 6 
 6 
 10 
 12 
 10 
 9 
 3 
 8 
 5 
 9 
 6 
 5 
 8 
 9 
 7 
 7 
 10 
 18 
 12 
 8 
 9 
 7 
 7 
 9 
 17 
 8 
 10 
 8 
 5 
 11 
 8 
 12 
 5 
 13 
 4 
 7 
 12 
 13 
 5 
 9 
 10 
 8 
 8 
 11 
 7 
 14 
 7 
 11 
 7 
 10 
 9 
 6 
 5 
 6 
 11 
 6 
 4 
 5 
 9 
 5 
 10 
 5 
 4 
 10 
 9 
 6 
 7 
 6 
 11 
 11 
 10 
 5 
 6 
 8 
 8 
 4 
 6 
 5 
 12 
 3 
 5 
 12 
 8 
 7 
 9 
 12 
 8 
 4 
 10 
 6 
 8 
 9 
 12 
 8 
 6 
 8 
 4 
 12 
 11 
 12 
 7 
 8 
 11 
 9 
 5 
 8 
 9 
 7 
 8 
 4 
 8 
 9 
 10 
 8 
 9 
 17 
 12 
 5 
 7 
 7 
 8 
 3 
 6 
 4 
 4 
 4 
 2 
 4 
 7 
 6 
 4 
 12 
 5 
 4 
 8 
 10 
 6 
 10 
 9 
 4 
 5 
 5 
 5 
 5 
 6 
 4 
 3 
 5 
 5 
 4 
 6 
 5 
 4 
 5 
 9 
 11 
 10 
 4 
 1 
 4 
 5 
 5 
 3 
 6 
 7 
 5 
 4 
 3 
 8 
 6 
 1 
 4 
 2 
 7 
 6 
 3 
 4 
 2 
 7 
 1 
 5 
 7 
 3 
 3 
 5 
 2 
 3 
 3 
 9 
 3 
 4 
 3 
 2 
 3 
 2 
 8 
 3 
 7 
 5 
 3 
 8 
 3 
 4 
 2 
 7 
 3 
 6 
 7 
 4 
 6 
 2 
 1 
 4 
 2 
 7 
 6 
 8 
 3 
 2 
 0 
 4 
 2 
 1 
 1 
 4 
 3 
 7 
 3 
 3 
 3 
 3 
 4 
 6 
 3 
 3 
 1 
 6 
 1 
 6 
 3 
 5 
 3 
 1 
 3 
 3 
 6 
 4 
 3 
 6 
 1 
 2 
 3 
 3 
 4 
 5 
 6 
 3 
 2 
 6 
 3 
 2 
 3 
 6 
 5 
 4 
 1 
 1 
 3 
 2 
 2 
 3 
 5 
 2 
 4 
 0 
 1 
 0 
 1 
 6 
 2 
 4 
 3 
 2 
 5 
 4 
 4 
 2 
 3 
 4 
 5 
 5 
 7 
 3 
 1 
 3 
 2 
 3 
 2 
 7 
 1 
 4 
 4 
 3 
 4 
 5 
 6 
 1 
 5 
 2 
 5 
 4 
 3 
 2 
 5 
 1 
 1 
 4 
 5 
 6 
 4 
 2 
 7 
 4 
 2 
 6 
 3 
 1 
 0 
 6 
 5 
 2 
 1 
 6 
 2 
 1 
 7 
 4 
 7 
 3 
 5 
 2 
 5 
 9 
 5 
 5 
 6 
 8 
 4 
 5 
 8 
 13 
 1 
 6 
 7 
 12 
 10 
 5 
 10 
 6 
 7 
 19 
 7 
 11 
 9 
 15 
 8 
 12 
 11 
 11 
 12 
 18 
 13 
 14 
 8 
 11 
 13 
 10 
 16 
 13 
 12 
 11 
 10 
 16 
 13 
 15 
 12 
 13 
 12 
 14 
 16 
 18 
 17 
 14 
 20 
 20 
 25 
 16 
 20 
 20 
 22 
 17 
 17 
 14 
 25 
 17 
 25 
 19 
 25 
 13 
 22 
 11 
 15 
 22 
 24 
 16 
 20 
 21 
 14 
 8 
 16 
 15 
 15 
 13 
 16 
 20 
 18 
 23 
 21 
 12 
 16 
 10 
 10 
 11 
 11 
 11 
 22 
 12 
 15 
 12 
 12 
 12 
 13 
 6 
 11 
 10 
 8 
 8 
 4 
 13 
 4 
 8 
 9 
 7 
 3 
 3 
 3 
 5 
 7 
 4 
 10 
 4 
 2 
 0 
 7 
 6 
 5 
 2 
 3 
 3 
 4 
 5 
 4 
 2 
 4 
 3 
 1 
 2 
 1 
 2 
 0 
 1 
 3 
 5 
 1 
 2 
 1 
 0 
 2 
 1 
 2 
 1 
 1 
 3 
 0 
 0 
 0 
 2 
 3 
 2 
 2 
 0 
 0 
 2 
 0 
 2 
 0 
 1 
 0 
 0 
 0 
 1 
 0 
 1 
 1 
 2 
 0 
 1 
 1 
 0 
 0 
 0 
 0 
 0 
 1 
 1 
 1 
 0 
 1 
 0 
 2 
 0 
 0 
 0 
 0 
 1 
 0 
 0 
 0 
 0 
 1 
 0 
 0 
 1 
 0 
 0 
 0 
 0 
 0 
 0 
 0 
 0 
 1 
 0 
 0 
 0 
 0 
 0 
 2 
 1 
 0 
 0 
 0 
 0 
 0 
 0 
 0 
 1 
 0 
 0 
 0 
 0 
 0 
 0 
 1 
 0 
 1 
 0 
 0 
 1 
 2 
 0 
 1 
 1 
 1 
 0 
 0 
 0 
 0 
 1 
 0 
 0 
 0 
 0 
 1 
 1 
 0 
 0 
 1 
 1 
 0 
 1 
 0 
 0 
 1 
 0 
 1 
 0 
 0 
 1 
 0 
 1 
 0 
 0 
 0 
 2 
 1 
 1 
 0 
 2 
 0 
 0 
 0 
 0 
 0 
 0 
 0 
 0 
 1 
 1 
 0 
 1 
 0 
 1 
 0 
 0 
 0 
 0 
 0 
 0 
 0 
 1 
 0 
 0 
 1 
 0 
 1 
 0 
 1 
 0 
 0 
 0 
 0 
 0 
 0 
 1 
 0 
 0 
 0 
 0 
 0 
 1 
 1 
 0 
 0 
 0 
 0 
 0 
 0 
 0 
 0 
 0 
 0 
 1 
 0 
 1 
 0 
 0 
 0 
 0 
 0 
 0 
 0 
 0 
 0 
 0 
 0 
 0 
 0 
 0 
 0 
 0 
 0 
 0 
 0 
 0 
 1 
 0 
 0 
 0 
 1 
 0 
 0 
 0 
 0 
 1 
 0 
 0 
 0 
 0 
 0 
 1 
 0 
 0 
 0 
 0 
 0 
 0 
 0 
 0 
 0 
 0 
 0 
 0 
 0 
 0 
 0 
 0 
 0 
 0 
 1 
 0 
 0 
 0 
 0 
 0 
 0 
 0 
 0 
 0 
 1 
 0 
 0 
 0 
 0 
 0 
 0 
 0 
 0 
 0 
 0 
 0 
 0 
 0 
 0 
 0 
 0 
 0 
 0 
 0 
 0 
 0 
 0 
 0 
 0 
 0 
 1 
 0 
 0 
 0 
 1 
 0 
 0 
 0 
 0 
 0 
 0 
 0 
 0 
 0 
 0 
 0 
 0 
 0 
 0 
 0 
 0 
 0 
 0 
 0 
 0 
 0 
 0 
 0 
 0 
 0 
 0 
 0 
 0 
 0 
 0 
 0 
 0 
 0 
 0 
 0 
 0 
 0 
 0 
 0 
 0 
 0 
 0 
 0 
 0 
 0 
 0 
 0 
 1 
 0 
 0 
 0 
 1 
 0 
 0 
 1 
 0 
 0 
 0 
 1 
 0 
 0 
 0 
 0 
 0 
 0 
 0 
 0 
 0 
 1 
 0 
 0 
 0 
 0 
 0 
 0 
 0 
 0 
 0 
 0 
 0 
 0 
 0 
 0 
 0 
 0 
 0 
 0 
 0 
 0 
 0 
 0 
 0 
 0 
 0 
 1 
 0 
 1 
 0 
 0 
 0 
 0 
 0 
 0 
 0 
 0 
 0 
 0 
 0 
 0 
 0 
 0 
 0 
 0 
 0 
 0 
 1 
 0 
 0 
 0 
 0 
 0 
 0 
 0 
 0 
 0 
 0 
 0 
 0 
 0 
 1 
 0 
 0 
 0 
 0 
 1 
 0 
 0 
 0 
 0 
 0 
 0 
 0 
 0 
 1 
 0 
 1 
 0 
 1 
 0 
 0 
 1 
 0 
 0 
 0 
 0 
 0 
 0 
 0 
 0 
 0 
 0 
 0 
 0 
 0 
 0 
 0 
 0 
 0 
 0 
 0 
 0 
 0 
 0 
 0 
 0 
 0 
 0 
 0 
 0 
 0 
 0 
 0 
 0 
 0 
 0 
 0 
 0 
 0 
 1 
 1 
 0 
 0 
 0 
 0 
 0 
 0 
 0 
 0 
 0 
 0 
 0 
 0 
 0 
 0 
 0 
 0 
 0 
 0 
 1 
 0 
 0 
 0 
 0 
 1 
 0 
 0 
 0 
 0 
 0 
 0 
 0 
 0 
 0 
 0 
 0 
 0 
 0 
 0 
 0 
 0 
 0 
 0 
 0 
 0 
 0 
 0 
 0 
 0 
 0 
 0 
 0 
 0 
 0 
 0 
 0 
 1 
 0 
 0 
 0 
 0 
 1 
 0 
 0 
 0 
 0 
 0 
 0 
 0 
 0 
 0 
 0 
 0 
 0 
 0 
 0 
 0 
 0 
 0 
 0 
 0 
 0 
 0 
 0 
 0 
 0 
 0 
 0 
 0 
 0 
 0 
 0 
 0 
 0 
 0 
 0 
 0 
 0 
 1 
 0 
 0 
 0 
 0 
 0 
 0 
 0 
 0 
 0 
 0 
 0 
 0 
 0 
 0 
 0 
 0 
 0 
 0 
 0 
 0 
 0 
 0 
 0 
 0 
 0 
 0 
 0 
 0 
 0 
 0 
 0 
 0 
 0 
 0 
 0 
 0 
 0 
 0 
 0 
 0 
 0 
 1 
 0 
 0 
 0 
 0 
 0 
 0 
 0 
 0 
 0 
 0 
 0 
 0 
 0 
 0 
 0 
 0 
 0 
 0 
 0 
 0 
 0 
 0 
 0 
 0 
 0 
 0 
 0 
 0 
 0 
 0 
 0 
 0 
 0 
 0 
 0 
 0 
 0 
 0 
 0 
 0 
 0 
 0 
 0 
 0 
 0 
 0 
 0 
 0 
 0 
 0 
 0 
 0 
 0 
 0 
 0 
 0 
 0 
 0 
 0 
 0 
 0 
 0 
 0 
 0 
 0 
 0 
 0 
 0 
 0 
 0 
 0 
 0 
 0 
 0 
 0 
 0 
 0 
 0 
 0 
 0 
 0 
 0 
 0 
 0 
 0 
 0 
 0 
 0 
 0 
 0 
 1 
 0 
 0 
 0 
 0 
 0 
 0 
 0 
 0 
 0 
 0 
 0 
 0 
 0 
 0 
 0 
 0 
 0 
 0 
 0 
 0 
 0 
 0 
 0 
 0 
 0 
 0 
 0 
 0 
 0 
 0 
 0 
 0 
 0 
 0 
 0 
 0 
 0 
 0 
 0 
 0 
 0 
 0 
 0 
 0 
 0 
 0 
 0 
 0 
 0 
 0 
 0 
 0 
 0 
 0 
 0 
 0 
 0 
 0 
 0 
 0 
 0 
 0 
 0 
 0 
 0 
 0 
 0 
 0 
 0 
 0 
 0 
 0 
 0 
 0 
 0 
 0 
 0 
 0 
 0 
 0 
 0 
 0 
 0 
 0 
 0 
 0 
 0 
 0 
 1 
 0 
 0 
 0 
 0 
 0 
 0 
 0 
 0 
 0 
 0 
 0 
 0 
 0 
 0 
 0 
 0 
 0 
 0 
 0 
 0 
 0 
 0 
 0 
 0 
 0 
 0 
 0 
 0 
 0 
 0 
 0 
 0 
 0 
 0 
 0 
 0 
 0 
 0 
 0 
 1 
 0 
 0 
 0 
 0 
 0 
 0 
 0 
 0 
 0 
 0 
 0 
 0 
 0 
 0 
 0 
 0 
 0 
 0 
 0 
 0 
 0 
 0 
 0 
 0 
 0 
 0 
 0 
 0 
 0 
 0 
 0 
 0 
 0 
 0 
 0 
 0 
 0 
 0 
 0 
 0 
 0 
 0 
 0 
 0 
 0 
 0 
 0 
 0 
 0 
 0 
 0 
 0 
 0 
 0 
 0 
 0 
 0 
 0 
 0 
 0 
 0 
 0 
 0 
 0 
 0 
 0 
 0 
 0 
 0 
 0 
 0 
 0 
 0 
 0 
 0 
 0 
 0 
 0 
 0 
 0 
 0 
 0 
 0 
 0 
 0 
 0 
 0 
 0 
 0 
 0 
 0 
 0 
 0 
 0 
 0 
 0 
 0 
 0 
 0 
 0 
 0 
 0 
 1 
 0 
 0 
 0 
 0 
 0 
 0 
 1 
 0 
 0 
 0 
 0 
 0 
 0 
 0 
 0 
 0 
 0 
 0 
 0 
 0 
 0 
 0 
 0 
 0 
 0 
 0 
 0 
 0 
 0 
 0 
 0 
 0 
 0 
 0 
 0 
 0 
 0 
 0 
 0 
 0 
 0 
 0 
 0 
 0 
 0 
 0 
 0 
 0 
 0 
 0 
 0 
 0 
 0 
 0 
 0 
 0 
 0 
 0 
 0 
 0 
 0 
 0 
 0 
 0 
 0 
 0 
 0 
 0 
 0 
 0 
 0 
 0 
 0 
 0 
 0 
 0 
 0 
 0 
 0 
 0 
 0 
 0 
 0 
 0 
 0 
 0 
 0 
 0 
 0 
 0 
 0 
 0 
 0 
 0 
 0 
 0 
 0 
 0 
 0 
 0 
 0 
 0 
 0 
 0 
 1 
 0 
 0 
 0 
 1 
 0 
 0 
 0 
 0 
 0 
 0 
 0 
 0 
 0 
 0 
 0 
 0 
 0 
 0 
 0 
 0 
 0 
 0 
 0 
 0 
 0 
 0 
 0 
 0 
 0 
 0 
 0 
 0 
 0 
 0 
 0 
 0 
 0 
 0 
 0 
 0 
 0 
 0 
 0 
 0 
 0 
 0 
 0 
 0 
 0 
 0 
 0 
 0 
 0 
 0 
 0 
 0 
 0 
 0 
 0 
 0 
 0 
 0 
 0 
 0 
 0 
 0 
 0 
 0 
 1 
 0 
 0 
 0 
 0 
 0 
 0 
 0 
 0 
 0 
 0 
 0 
 1 
 0 
 0 
 0 
 0 
 0 
 0 
 0 
 0 
 0 
 0 
 0 
 0 
 0 
 0 
 0 
 0 
 0 
 0 
 0 
 0 
 0 
 0 
 0 
 0 
 0 
 0 
 0 
 0 
 0 
 0 
 0 
 0 
 0 
 0 
 0 
 0 
 0 
 0 
 0 
 0 
 0 
 0 
 0 
 0 
 0 
 0 
 0 
 0 
 0 
 0 
 0 
 0 
 0 
 0 
 0 
 0 
 0 
 0 
 0 
 0 
 0 
 0 
 0 
 0 
 0 
 0 
 0 
 1 
 0 
 0 
 0 
 0 
 0 
 0 
 0 
 0 
 0 
 0 
 0 
 0 
 0 
 0 
 0 
 0 
 0 
 0 
 0 
 0 
 0 
 0 
 0 
 0 
 0 
 0 
 0 
 0 
 0 
 0 
 0 
 0 
 0 
 0 
 0 
 0 
 0 
 0 
 0 
 0 
 0 
 0 
 0 
 0 
 0 
 0 
 0 
 0 
 0 
 0 
 0 
 0 
 0 
 0 
 0 
 0 
 0 
 0 
 0 
 0 
 0 
 0 
 0 
 0 
 0 
 0 
 0 
 0 
 0 
 0 
 0 
 0 
 0 
 0 
 0 
 0 
 0 
 0 
 0 
 0 
 0 
 0 
 0 
 0 
 0 
 0 
 0 
 0 
 0 
 0 
 0 
 0 
 0 
 0 
 0 
 0 
 0 
 0 
 0 
 0 
 0 
 0 
 0 
 0 
 0 
 0 
 0 
 0 
 0 
 0 
 0 
 0 
 0 
 0 
 0 
 0 
 0 
 0 
 0 
 0 
 0 
 0 
 0 
 0 
 0 
 0 
 0 
 0 
 0 
 0 
 0 
 0 
 0 
 0 
 0 
 0 
 0 
 0 
 0 
 0 
 0 
 0 
 0 
 0 
 0 
 0 
 0 
 0 
 0 
 0 
 0 
 0 
 0 
 0 
 0 
 0 
 0 
 0 
 0 
 0 
 0 
 0 
 0 
 1 
 0 
 0 
 0 
 0 
 0 
 0 
 0 
 0 
 0 
 0 
 0 
 0 
 0 
 0 
 0 
 0 
 0 
 0 
 0 
 0 
 0 
 0 
 0 
 0 
 0 
 0 
 0 
 0 
 0 
 0 
 0 
 0 
 0 
 0 
 0 
 0 
 0 
 0 
 0 
 0 
 0 
 0 
 0 
 0 
 0 
 0 
 0 
 0 
 0 
 0 
 0 
 0 
 0 
 0 
 0 
 0 
 0 
 0 
 0 
 0 
 0 
 0 
 0 
 0 
 0 
 0 
 0 
 0 
 0 
 0 
 0 
 1 
 0 
 0 
 0 
 0 
 0 
 0 
 0 
 0 
 0 
 0 
 0 
 0 
 0 
 0 
 0 
 0 
 0 
 1 
 0 
 0 
 0 
 0 
 0 
 0 
 0 
 0 
 0 
 0 
 0 
 0 
 0 
 0 
 0 
 0 
 0 
 0 
 0 
 0 
 0 
 0 
 0 
 0 
 0 
 0 
 0 
 0 
 0 
 0 
 0 
 0 
 0 
 0 
 0 
 0 
 0 
 0 
 0 
 0 
 0 
 0 
 0 
 0 
 0 
 0 
 0 
 0 
 0 
 0 
 0 
 0 
 0 
 0 
 0 
 0 
 0 
 0 
 0 
 0 
 0 
 0 
 0 
 0 
 0 
 0 
 0 
 0 
 0 
 0 
 0 
 0 
 0 
 0 
 0 
 0 
 0 
 0 
 0 
 0 
 0 
 0 
 0 
 0 
 0 
 0 
 0 
 0 
 0 
 0 
 0 
 0 
 0 
 0 
 0 
 0 
 0 
 0 
 0 
 0 
 0 
 0 
 0 
 0 
 0 
 0 
 0 
 0 
 0 
 0 
 0 
 0 
 0 
 0 
 0 
 0 
 0 
 0 
 0 
 0 
 0 
 0 
 0 
 0 
 0 
 0 
 0 
 0 
 0 
 0 
 0 
 0 
 0 
 0 
 0 
 0 
 0 
 0 
 0 
 0 
 0 
 0 
 0 
 0 
 0 
 0 
 0 
 0 
 0 
 0 
 0 
 0 
 0 
 0 
 0 
 0 
 0 
 0 
 0 
 0 
 0 
 0 
 0 
 0 
 0 
 0 
 0 
 0 
 0 
 0 
 0 
 0 
 0 
 0 
 0 
 0 
 0 
 0 
 0 
 0 
 0 
 0 
 0 
 0 
 0 
 0 
 0 
 0 
 0 
 0 
 0 
 0 
 0 
 0 
 0 
 0 
 0 
 0 
 0 
 0 
 0 
 0 
 0 
 0 
 0 
 0 
 0 
 0 
 0 
 0 
 0 
 0 
 0 
 0 
 0 
 0 
 0 
 0 
 0 
 0 
 0 
 0 
 0 
 0 
 0 
 0 
 0 
 0 
 0 
 0 
 0 
 0 
 0 
 0 
 0 
 0 
 0 
 0 
 0 
 0 
 0 
 0 
 0 
 0 
 0 
 0 
 0 
 0 
 0 
 0 
 0 
 0 
 0 
 0 
 0 
 0 
 0 
 0 
 0 
 0 
 0 
 0 
 0 
 0 
 0 
 0 
 0 
 0 
 0 
 0 
 0 
 0 
 0 
 0 
 0 
 0 
 0 
 0 
 0 
 0 
 0 
 0 
 0 
 0 
 0 
 0 
 0 
 0 
 0 
 0 
 0 
 0 
 0 
 0 
 0 
 0 
 0 
 0 
 0 
 0 
 0 
 0 
 0 
 0 
 0 
 0 
 0 
 0 
 0 
 0 
 0 
 0 
 0 
 0 
 0 
 0 
 0 
 0 
 0 
 0 
 0 
 0 
 0 
 0 
 0 
 0 
 0 
 0 
 0 
 0 
 0 
 0 
 0 
 0 
 0 
 0 
 0 
 0 
 0 
 0 
 0 
 0 
 0 
 0 
 0 
 0 
 0 
 0 
 0 
 0 
 0 
 0 
 0 
 0 
 0 
 0 
 0 
 0 
 0 
 0 
 0 
 0 
 0 
 0 
 0 
 0 
 0 
 0 
 0 
 0 
 0 
 0 
 0 
 0 
 0 
 0 
 0 
 0 
 0 
 0 
 0 
 0 
 0 
 0 
 0 
 0 
 0 
 0 
 0 
 0 
 0 
 0 
 0 
 0 
 0 
 0 
 0 
 0 
 0 
 0 
 0 
 0 
 0 
 0 
 0 
 0 
 0 
 0 
 0 
 0 
 0 
 0 
 0 
 0 
 0 
 0 
 0 
 0 
 0 
 0 
 0 
 0 
 0 
 0 
 0 
 0 
 0 
 0 
 0 
 0 
 0 
 0 
 0 
 0 
 0 
 0 
 0 
 0 
 0 
 0 
 0 
 0 
 0 
 0 
 0 
 0 
 0 
 0 
 0 
 0 
 0 
 0 
 0 
 0 
 0 
 0 
 0 
 0 
 0 
 0 
 0 
 0 
 0 
 0 
 0 
 0 
 0 
 0 
 0 
 0 
 0 
 0 
 0 
 0 
 0 
 0 
 0 
 0 
 0 
 1 
 0 
 0 
 0 
 0 
 0 
 0 
 0 
 0 
 0 
 0 
 0 
 0 
 0 
 0 
 0 
 0 
 0 
 0 
 0 
 0 
 0 
 0 
 0 
 0 
 0 
 0 
 0 
 0 
 0 
 0 
 0 
 0 
 0 
 0 
 0 
 0 
 0 
 0 
 0 
 0 
 0 
 0 
 0 
 0 
 0 
 0 
 0 
 0 
 0 
 0 
 0 
 0 
 0 
 0 
 0 
 0 
 0 
 0 
 0 
 0 
 0 
 0 
 0 
 0 
 0 
 0 
 0 
 0 
 0 
 0 
 0 
 0 
 0 
 0 
 0 
 0 
 0 
 0 
 0 
 0 
 0 
 0 
 0 
 0 
 0 
 0 
 0 
 0 
 0 
 0 
 0 
 0 
 0 
 0 
 0 
 0 
 0 
 0 
 0 
 0 
 0 
 0 
 0 
 0 
 0 
 0 
 0 
 0 
 0 
 0 
 0 
 0 
 0 
 0 
 0 
 0 
 0 
 0 
 0 
 0 
 0 
 0 
 0 
 0 
 0 
 0 
 0 
 0 
 0 
 0 
 0 
 0 
 0 
 0 
 0 
 0 
 0 
 0 
 0 
 0 
 0 
 0 
 0 
 0 
 0 
 0 
 0 
 0 
 0 
 0 
 0 
 0 
 0 
 0 
 0 
 0 
 0 
 0 
 0 
 0 
 0 
 0 
 0 
 0 
 0 
 0 
 0 
 0 
 0 
 0 
 0 
 0 
 0 
 0 
 0 
 0 
 0 
 0 
 0 
 0 
 0 
 0 
 0 
 0 
 0 
 0 
 0 
 0 
 0 
 0 
 0 
 0 
 0 
 0 
 0 
 0 
 0 
 0 
 0 
 0 
 0 
 0 
 0 
 0 
 0 
 0 
 0 
 0 
 0 
 0 
 0 
 0 
 0 
 0 
 0 
 0 
 0 
 0 
 0 
 0 
 0 
 0 
 0 
 0 
 0 
 0 
 0 
 0 
 0 
 0 
 0 
 0 
 0 
 0 
 0 
 0 
 0 
 0 
 0 
 0 
 0 
 0 
 0 
 0 
 0 
 0 
 0 
 0 
 0 
 0 
 0 
 0 
 0 
 0 
 0 
 0 
 0 
 0 
 0 
 0 
 0 
 0 
 0 
 0 
 0 
 0 
 0 
 0 
 0 
 0 
 0 
 0 
 0 
 0 
 0 
 0 
 0 
 0 
 0 
 0 
 0 
 0 
 0 
 0 
 0 
 0 
 0 
 0 
 0 
 0 
 0 
 0 
 0 
 0 
 0 
 0 
 0 
 0 
 0 
 0 
 0 
 0 
 0 
 0 
 0 
 0 
 0 
 0 
 0 
 0 
 1 
 0 
 0 
 0 
 0 
 0 
 0 
 0 
 0 
 0 
 0 
 0 
 0 
 0 
 0 
 0 
 0 
 0 
 0 
 0 
 0 
 0 
 0 
 0 
 0 
 0 
 0 
 0 
 0 
 0 
 0 
 0 
 0 
 0 
 0 
 0 
 0 
 0 
 0 
 0 
 0 
 0 
 0 
 0 
 0 
 0 
 0 
 0 
 0 
 0 
 0 
 0 
 0 
 0 
 0 
 0 
 0 
 0 
 0 
 0 
 0 
 0 
 0 
 0 
 0 
 0 
 0 
 0 
 0 
 0 
 0 
 0 
 0 
 0 
 0 
 0 
 0 
 0 
 0 
 0 
 0 
 0 
 0 
 0 
 0 
 0 
 0 
 0 
 0 
 0 
 0 
 0 
 0 
 0 
 0 
 0 
 0 
 0 
 0 
 0 
 0 
 0 
 0 
 0 
 0 
 0 
 0 
 0 
 0 
 0 
 0 
 0 
 0 
 0 
 0 
 0 
 0 
 0 
 0 
 0 
 0 
 0 
 0 
 0 
 0 
 0 
 0 
 0 
 0 
 0 
 0 
 0 
 0 
 0 
 0 
 0 
 0 
 0 
 0 
 0 
 0 
 0 
 0 
 0 
 0 
 0 
 0 
 0 
 0 
 0 
 0 
 0 
 0 
 0 
 0 
 0 
 0 
 0 
 0 
 0 
 0 
 0 
 0 
 0 
 0 
 0 
 0 
 0 
 0 
 0 
 0 
 0 
 0 
 0 
 0 
 0 
 0 
 0 
 0 
 0 
 0 
 0 
 0 
 0 
 0 
 0 
 0 
 0 
 0 
 0 
 0 
 0 
 0 
 0 
 0 
 0 
 0 
 0 
 0 
 0 
 0 
 0 
 0 
 0 
 0 
 0 
 0 
 0 
 0 
 0 
 0 
 0 
 0 
 0 
 0 
 0 
 0 
 0 
 0 
 0 
 0 
 0 
 0 
 0 
 0 
 0 
 0 
 0 
 0 
 0 
 0 
 0 
 0 
 0 
 0 
 0 
 0 
 0 
 0 
 0 
 0 
 0 
 0 
 0 
 0 
 0 
 0 
 0 
 0 
 0 
 0 
 0 
 0 
 0 
 0 
 0 
 0 
 0 
 0 
 0 
 0 
 0 
 0 
 0 
 0 
 0 
 0 
 0 
 0 
 0 
 0 
 0 
 0 
 0 
 0 
 0 
 0 
 0 
 0 
 0 
 0 
 0 
 0 
 0 
 0 
 0 
 0 
 0 
 0 
 0 
 0 
 0 
 0 
 0 
 0 
 0 
 0 
 0 
 0 
 0 
 0 
 0 
 0 
 0 
 0 
 0 
 0 
 0 
 0 
 0 
 0 
 0 
 0 
 0 
 0 
 0 
 0 
 0 
 0 
 0 
 0 
 0 
 0 
 0 
 0 
 0 
 0 
 0 
 0 
 0 
 0 
 0 
 0 
 0 
 0 
 0 
 0 
 0 
 0 
 0 
 0 
 0 
 0 
 0 
 0 
 0 
 0 
 0 
 0 
 0 
 0 
 0 
 0 
 0 
 0 
 0 
 0 
 0 
 0 
