 0 
 0 
 0 
 0 
 0 
 0 
 0 
 0 
 0 
 0 
 0 
 0 
 0 
 0 
 0 
 0 
 0 
 1 
 2 
 2 
 0 
 2 
 0 
 4 
 0 
 3 
 2 
 7 
 8 
 8 
 17 
 19 
 29 
 30 
 51 
 54 
 45 
 60 
 61 
 68 
 71 
 89 
 84 
 92 
 81 
 106 
 130 
 93 
 104 
 115 
 110 
 95 
 113 
 111 
 109 
 126 
 124 
 120 
 118 
 117 
 114 
 123 
 95 
 126 
 129 
 122 
 101 
 138 
 111 
 121 
 131 
 114 
 141 
 148 
 146 
 126 
 126 
 138 
 127 
 138 
 130 
 156 
 170 
 152 
 164 
 151 
 144 
 181 
 223 
 234 
 232 
 254 
 253 
 250 
 261 
 287 
 286 
 259 
 223 
 268 
 241 
 246 
 225 
 233 
 262 
 222 
 209 
 215 
 191 
 185 
 218 
 165 
 192 
 167 
 180 
 178 
 156 
 177 
 154 
 137 
 169 
 125 
 147 
 163 
 144 
 162 
 129 
 133 
 170 
 165 
 148 
 140 
 157 
 154 
 154 
 162 
 175 
 156 
 157 
 152 
 150 
 165 
 174 
 186 
 180 
 161 
 176 
 169 
 178 
 167 
 182 
 183 
 170 
 161 
 191 
 154 
 158 
 159 
 174 
 178 
 183 
 220 
 167 
 172 
 173 
 192 
 176 
 171 
 158 
 179 
 167 
 187 
 172 
 162 
 157 
 180 
 184 
 177 
 169 
 164 
 175 
 183 
 175 
 177 
 189 
 209 
 173 
 153 
 176 
 185 
 204 
 174 
 182 
 175 
 170 
 163 
 193 
 168 
 205 
 203 
 202 
 202 
 212 
 177 
 198 
 214 
 225 
 200 
 211 
 206 
 212 
 211 
 222 
 230 
 218 
 215 
 193 
 217 
 206 
 206 
 218 
 194 
 206 
 199 
 216 
 189 
 203 
 188 
 188 
 183 
 183 
 205 
 176 
 204 
 206 
 168 
 196 
 178 
 172 
 176 
 183 
 179 
 191 
 183 
 174 
 186 
 170 
 193 
 179 
 148 
 212 
 185 
 189 
 173 
 193 
 164 
 154 
 161 
 188 
 185 
 161 
 161 
 192 
 170 
 165 
 171 
 169 
 170 
 188 
 172 
 177 
 157 
 184 
 176 
 157 
 136 
 155 
 169 
 185 
 171 
 189 
 165 
 185 
 156 
 165 
 171 
 154 
 166 
 145 
 159 
 122 
 160 
 127 
 163 
 161 
 147 
 155 
 169 
 155 
 145 
 115 
 134 
 152 
 143 
 117 
 134 
 156 
 133 
 133 
 114 
 145 
 122 
 123 
 138 
 119 
 132 
 132 
 140 
 123 
 143 
 137 
 138 
 121 
 134 
 138 
 128 
 146 
 162 
 141 
 136 
 147 
 147 
 164 
 165 
 151 
 140 
 143 
 132 
 152 
 145 
 144 
 113 
 134 
 117 
 132 
 127 
 134 
 146 
 149 
 140 
 125 
 130 
 129 
 140 
 123 
 116 
 147 
 124 
 116 
 129 
 143 
 109 
 127 
 119 
 114 
 108 
 112 
 121 
 125 
 132 
 123 
 120 
 147 
 106 
 131 
 94 
 113 
 101 
 136 
 117 
 94 
 115 
 101 
 98 
 110 
 100 
 104 
 104 
 124 
 107 
 104 
 91 
 90 
 88 
 101 
 96 
 113 
 100 
 98 
 87 
 103 
 96 
 94 
 102 
 97 
 89 
 104 
 95 
 102 
 100 
 89 
 95 
 93 
 95 
 82 
 101 
 72 
 88 
 78 
 95 
 90 
 66 
 80 
 78 
 97 
 64 
 93 
 90 
 88 
 87 
 87 
 77 
 90 
 103 
 74 
 94 
 101 
 91 
 78 
 77 
 73 
 73 
 98 
 75 
 88 
 77 
 84 
 86 
 97 
 81 
 71 
 72 
 108 
 92 
 83 
 81 
 67 
 84 
 86 
 84 
 92 
 82 
 80 
 71 
 81 
 79 
 80 
 70 
 98 
 75 
 61 
 76 
 77 
 85 
 64 
 77 
 70 
 84 
 63 
 95 
 66 
 94 
 79 
 94 
 71 
 96 
 81 
 72 
 73 
 77 
 78 
 78 
 59 
 71 
 77 
 65 
 85 
 84 
 62 
 74 
 64 
 76 
 81 
 69 
 77 
 68 
 56 
 70 
 81 
 74 
 66 
 73 
 75 
 74 
 70 
 66 
 70 
 65 
 78 
 83 
 75 
 68 
 64 
 79 
 70 
 62 
 90 
 74 
 81 
 79 
 82 
 81 
 68 
 86 
 74 
 75 
 72 
 90 
 85 
 88 
 83 
 89 
 100 
 107 
 121 
 104 
 97 
 133 
 130 
 111 
 148 
 169 
 143 
 169 
 136 
 161 
 177 
 205 
 195 
 208 
 206 
 236 
 247 
 239 
 233 
 273 
 254 
 282 
 305 
 269 
 312 
 311 
 331 
 310 
 342 
 339 
 353 
 366 
 378 
 391 
 382 
 382 
 381 
 392 
 347 
 410 
 394 
 364 
 371 
 359 
 367 
 390 
 337 
 336 
 350 
 338 
 309 
 328 
 323 
 309 
 288 
 283 
 274 
 255 
 238 
 247 
 229 
 208 
 198 
 207 
 162 
 171 
 142 
 142 
 151 
 125 
 142 
 131 
 111 
 105 
 93 
 99 
 77 
 86 
 73 
 75 
 63 
 66 
 54 
 57 
 41 
 34 
 43 
 34 
 34 
 33 
 35 
 17 
 22 
 28 
 33 
 23 
 28 
 28 
 24 
 31 
 20 
 20 
 31 
 21 
 24 
 25 
 18 
 23 
 24 
 24 
 25 
 24 
 23 
 16 
 21 
 24 
 21 
 17 
 22 
 24 
 21 
 17 
 14 
 13 
 26 
 15 
 12 
 25 
 28 
 19 
 12 
 20 
 14 
 30 
 21 
 25 
 22 
 18 
 16 
 16 
 23 
 14 
 10 
 18 
 18 
 24 
 19 
 14 
 20 
 20 
 19 
 21 
 20 
 23 
 13 
 23 
 17 
 23 
 12 
 20 
 18 
 23 
 21 
 11 
 24 
 20 
 32 
 20 
 13 
 21 
 16 
 22 
 27 
 21 
 15 
 26 
 25 
 13 
 20 
 18 
 16 
 13 
 21 
 15 
 17 
 22 
 15 
 16 
 23 
 17 
 15 
 12 
 20 
 27 
 19 
 26 
 24 
 12 
 15 
 19 
 25 
 20 
 19 
 21 
 17 
 18 
 23 
 21 
 27 
 16 
 15 
 18 
 18 
 14 
 18 
 19 
 17 
 17 
 20 
 21 
 17 
 11 
 18 
 14 
 30 
 18 
 25 
 18 
 27 
 17 
 17 
 24 
 16 
 19 
 21 
 20 
 19 
 18 
 18 
 21 
 20 
 13 
 18 
 21 
 22 
 14 
 14 
 17 
 23 
 17 
 16 
 21 
 17 
 10 
 18 
 13 
 13 
 23 
 13 
 16 
 16 
 17 
 16 
 11 
 7 
 18 
 11 
 14 
 20 
 26 
 17 
 10 
 12 
 23 
 22 
 21 
 8 
 22 
 17 
 26 
 19 
 23 
 19 
 16 
 25 
 17 
 28 
 16 
 16 
 22 
 16 
 15 
 23 
 19 
 23 
 11 
 23 
 9 
 17 
 10 
 17 
 19 
 17 
 17 
 12 
 21 
 19 
 23 
 21 
 21 
 23 
 13 
 20 
 20 
 18 
 10 
 17 
 16 
 20 
 16 
 21 
 19 
 17 
 21 
 15 
 13 
 24 
 23 
 16 
 17 
 15 
 16 
 15 
 19 
 19 
 11 
 17 
 16 
 9 
 21 
 16 
 16 
 6 
 25 
 13 
 14 
 24 
 16 
 16 
 20 
 19 
 19 
 18 
 14 
 21 
 16 
 16 
 19 
 14 
 13 
 13 
 16 
 20 
 19 
 16 
 22 
 14 
 23 
 15 
 12 
 23 
 18 
 19 
 30 
 12 
 19 
 22 
 17 
 26 
 27 
 21 
 12 
 11 
 14 
 22 
 17 
 12 
 18 
 16 
 20 
 19 
 18 
 22 
 20 
 17 
 14 
 26 
 14 
 16 
 16 
 15 
 17 
 15 
 24 
 15 
 23 
 12 
 29 
 19 
 13 
 20 
 19 
 26 
 17 
 25 
 15 
 23 
 18 
 17 
 22 
 22 
 18 
 13 
 17 
 14 
 8 
 13 
 27 
 14 
 21 
 10 
 21 
 13 
 20 
 27 
 13 
 20 
 20 
 18 
 15 
 20 
 12 
 18 
 18 
 16 
 25 
 17 
 17 
 25 
 19 
 12 
 15 
 18 
 13 
 12 
 28 
 22 
 14 
 19 
 22 
 23 
 21 
 16 
 24 
 15 
 9 
 15 
 17 
 21 
 19 
 28 
 24 
 13 
 15 
 13 
 19 
 18 
 15 
 17 
 16 
 18 
 18 
 21 
 19 
 11 
 22 
 18 
 26 
 23 
 11 
 23 
 23 
 20 
 21 
 23 
 12 
 19 
 12 
 16 
 23 
 16 
 11 
 14 
 23 
 26 
 17 
 22 
 18 
 9 
 26 
 16 
 15 
 22 
 21 
 21 
 21 
 17 
 20 
 23 
 15 
 16 
 24 
 17 
 17 
 18 
 25 
 16 
 12 
 23 
 17 
 17 
 22 
 21 
 20 
 23 
 16 
 26 
 24 
 17 
 13 
 22 
 22 
 19 
 21 
 19 
 27 
 27 
 14 
 27 
 15 
 28 
 21 
 15 
 9 
 22 
 14 
 21 
 16 
 19 
 14 
 18 
 15 
 18 
 26 
 24 
 25 
 23 
 22 
 15 
 26 
 14 
 20 
 19 
 18 
 20 
 18 
 13 
 22 
 26 
 17 
 19 
 34 
 26 
 14 
 14 
 20 
 13 
 21 
 14 
 18 
 24 
 23 
 17 
 18 
 13 
 13 
 11 
 23 
 20 
 18 
 20 
 9 
 16 
 16 
 12 
 18 
 13 
 12 
 14 
 16 
 14 
 8 
 17 
 13 
 11 
 18 
 17 
 8 
 8 
 13 
 12 
 16 
 17 
 13 
 14 
 13 
 4 
 12 
 12 
 10 
 11 
 10 
 16 
 15 
 10 
 15 
 8 
 10 
 11 
 15 
 9 
 10 
 16 
 9 
 6 
 12 
 6 
 8 
 11 
 9 
 9 
 5 
 8 
 6 
 8 
 12 
 7 
 7 
 9 
 11 
 10 
 16 
 4 
 6 
 7 
 11 
 8 
 8 
 7 
 4 
 4 
 7 
 11 
 10 
 12 
 6 
 2 
 9 
 7 
 6 
 10 
 4 
 9 
 5 
 3 
 5 
 8 
 7 
 6 
 2 
 8 
 7 
 5 
 7 
 12 
 5 
 4 
 6 
 7 
 3 
 3 
 11 
 5 
 7 
 7 
 5 
 3 
 4 
 6 
 3 
 7 
 6 
 7 
 7 
 3 
 6 
 5 
 6 
 6 
 8 
 10 
 2 
 6 
 7 
 7 
 5 
 2 
 7 
 2 
 3 
 5 
 3 
 5 
 5 
 5 
 4 
 4 
 4 
 5 
 2 
 4 
 3 
 6 
 7 
 3 
 7 
 6 
 6 
 4 
 2 
 11 
 3 
 8 
 3 
 5 
 4 
 3 
 6 
 6 
 4 
 1 
 5 
 7 
 5 
 2 
 2 
 1 
 4 
 2 
 6 
 6 
 3 
 6 
 4 
 2 
 4 
 2 
 6 
 5 
 1 
 4 
 6 
 5 
 2 
 4 
 4 
 8 
 5 
 6 
 6 
 8 
 5 
 8 
 5 
 5 
 4 
 5 
 6 
 2 
 6 
 6 
 5 
 8 
 6 
 6 
 8 
 9 
 10 
 8 
 10 
 11 
 11 
 13 
 13 
 18 
 18 
 12 
 15 
 11 
 15 
 16 
 19 
 18 
 14 
 20 
 18 
 21 
 17 
 24 
 29 
 26 
 37 
 20 
 23 
 36 
 19 
 25 
 32 
 33 
 28 
 31 
 27 
 32 
 42 
 34 
 32 
 36 
 39 
 33 
 38 
 39 
 42 
 55 
 46 
 41 
 48 
 54 
 39 
 38 
 45 
 41 
 58 
 47 
 66 
 43 
 66 
 63 
 42 
 51 
 57 
 46 
 58 
 47 
 48 
 55 
 55 
 53 
 47 
 56 
 45 
 63 
 58 
 57 
 71 
 62 
 51 
 50 
 48 
 53 
 45 
 47 
 46 
 47 
 54 
 36 
 45 
 53 
 48 
 58 
 48 
 51 
 36 
 38 
 40 
 46 
 22 
 35 
 33 
 45 
 30 
 41 
 33 
 33 
 23 
 35 
 29 
 23 
 18 
 24 
 20 
 21 
 25 
 21 
 26 
 24 
 14 
 16 
 25 
 14 
 12 
 14 
 24 
 17 
 13 
 16 
 8 
 14 
 15 
 13 
 12 
 9 
 7 
 9 
 10 
 3 
 10 
 3 
 11 
 7 
 5 
 7 
 5 
 5 
 4 
 7 
 4 
 10 
 5 
 5 
 5 
 4 
 6 
 3 
 3 
 5 
 5 
 0 
 5 
 6 
 4 
 3 
 2 
 2 
 1 
 1 
 4 
 0 
 0 
 1 
 0 
 0 
 2 
 0 
 0 
 0 
 1 
 1 
 1 
 3 
 1 
 0 
 1 
 0 
 0 
 0 
 0 
 0 
 1 
 0 
 2 
 0 
 2 
 0 
 0 
 1 
 0 
 2 
 0 
 0 
 0 
 0 
 0 
 0 
 0 
 0 
 1 
 1 
 0 
 0 
 0 
 3 
 0 
 1 
 0 
 1 
 0 
 0 
 0 
 0 
 0 
 0 
 0 
 0 
 0 
 0 
 0 
 1 
 0 
 1 
 0 
 1 
 1 
 0 
 0 
 0 
 1 
 1 
 0 
 2 
 0 
 0 
 1 
 0 
 0 
 0 
 0 
 0 
 0 
 0 
 0 
 0 
 1 
 0 
 1 
 0 
 2 
 0 
 1 
 0 
 0 
 0 
 0 
 0 
 0 
 0 
 0 
 1 
 0 
 0 
 1 
 0 
 0 
 0 
 0 
 0 
 0 
 1 
 0 
 1 
 0 
 2 
 1 
 0 
 0 
 0 
 1 
 1 
 0 
 0 
 1 
 0 
 1 
 1 
 1 
 0 
 0 
 1 
 0 
 0 
 0 
 0 
 1 
 1 
 0 
 1 
 0 
 0 
 1 
 0 
 0 
 0 
 0 
 1 
 1 
 0 
 0 
 0 
 0 
 0 
 1 
 0 
 0 
 0 
 1 
 1 
 1 
 1 
 0 
 0 
 1 
 0 
 0 
 0 
 0 
 0 
 0 
 0 
 1 
 1 
 0 
 0 
 1 
 0 
 0 
 0 
 0 
 0 
 1 
 1 
 2 
 0 
 0 
 0 
 0 
 0 
 0 
 0 
 0 
 0 
 0 
 1 
 1 
 1 
 1 
 0 
 0 
 0 
 1 
 1 
 0 
 0 
 0 
 0 
 0 
 0 
 0 
 0 
 0 
 0 
 0 
 0 
 0 
 0 
 0 
 2 
 0 
 0 
 0 
 0 
 0 
 0 
 1 
 0 
 0 
 0 
 0 
 0 
 0 
 1 
 1 
 0 
 0 
 0 
 0 
 0 
 1 
 0 
 1 
 0 
 0 
 2 
 0 
 0 
 0 
 0 
 0 
 0 
 0 
 0 
 0 
 0 
 1 
 0 
 0 
 0 
 0 
 0 
 0 
 0 
 0 
 0 
 1 
 0 
 0 
 0 
 0 
 0 
 0 
 0 
 0 
 0 
 0 
 0 
 0 
 0 
 0 
 0 
 0 
 0 
 0 
 0 
 0 
 1 
 0 
 0 
 0 
 0 
 0 
 1 
 0 
 0 
 1 
 0 
 0 
 1 
 0 
 0 
 0 
 0 
 0 
 0 
 0 
 0 
 0 
 0 
 0 
 0 
 1 
 0 
 0 
 0 
 1 
 0 
 0 
 0 
 0 
 1 
 0 
 0 
 0 
 0 
 1 
 0 
 0 
 0 
 0 
 0 
 1 
 1 
 0 
 0 
 0 
 0 
 0 
 0 
 1 
 0 
 1 
 0 
 0 
 0 
 0 
 0 
 0 
 0 
 0 
 0 
 0 
 0 
 0 
 0 
 0 
 0 
 0 
 0 
 0 
 0 
 1 
 0 
 0 
 0 
 0 
 0 
 0 
 0 
 0 
 0 
 1 
 0 
 0 
 1 
 0 
 0 
 0 
 0 
 0 
 0 
 2 
 0 
 0 
 0 
 0 
 0 
 0 
 2 
 0 
 0 
 0 
 1 
 0 
 0 
 1 
 0 
 0 
 0 
 0 
 0 
 0 
 0 
 0 
 0 
 0 
 0 
 0 
 0 
 1 
 1 
 0 
 0 
 0 
 0 
 1 
 0 
 0 
 0 
 0 
 0 
 0 
 0 
 0 
 1 
 0 
 0 
 0 
 0 
 0 
 0 
 0 
 0 
 0 
 0 
 0 
 0 
 1 
 1 
 0 
 0 
 0 
 0 
 1 
 1 
 1 
 0 
 0 
 0 
 0 
 0 
 0 
 0 
 0 
 1 
 1 
 0 
 2 
 0 
 1 
 0 
 0 
 3 
 0 
 0 
 0 
 0 
 1 
 0 
 0 
 0 
 0 
 0 
 0 
 0 
 0 
 0 
 1 
 0 
 0 
 1 
 1 
 0 
 0 
 1 
 0 
 1 
 0 
 0 
 0 
 1 
 0 
 1 
 0 
 0 
 1 
 0 
 0 
 0 
 1 
 0 
 1 
 0 
 0 
 1 
 1 
 1 
 0 
 0 
 0 
 1 
 0 
 1 
 0 
 0 
 0 
 0 
 1 
 0 
 0 
 1 
 0 
 0 
 0 
 0 
 1 
 0 
 1 
 0 
 0 
 0 
 0 
 0 
 0 
 0 
 0 
 0 
 0 
 0 
 0 
 0 
 0 
 0 
 0 
 0 
 0 
 0 
 0 
 0 
 0 
 0 
 0 
 0 
 0 
 0 
 0 
 0 
 0 
 0 
 0 
 0 
 0 
 0 
 0 
 0 
 1 
 0 
 0 
 0 
 0 
 0 
 0 
 0 
 0 
 0 
 0 
 0 
 0 
 0 
 0 
 0 
 0 
 0 
 0 
 0 
 0 
 0 
 0 
 0 
 0 
 0 
 0 
 0 
 0 
 0 
 0 
 0 
 0 
 0 
 0 
 0 
 0 
 0 
 0 
 0 
 0 
 0 
 1 
 0 
 0 
 0 
 0 
 0 
 0 
 0 
 0 
 0 
 0 
 0 
 0 
 0 
 0 
 0 
 0 
 0 
 0 
 0 
 0 
 0 
 0 
 0 
 0 
 0 
 0 
 0 
 0 
 0 
 0 
 0 
 0 
 0 
 0 
 0 
 0 
 0 
 0 
 1 
 0 
 0 
 0 
 0 
 0 
 0 
 0 
 0 
 0 
 0 
 0 
 0 
 0 
 0 
 0 
 1 
 0 
 0 
 0 
 0 
 0 
 0 
 0 
 0 
 0 
 0 
 0 
 0 
 0 
 0 
 0 
 0 
 0 
 0 
 0 
 0 
 0 
 0 
 0 
 0 
 0 
 0 
 0 
 0 
 0 
 0 
 0 
 0 
 0 
 0 
 0 
 0 
 0 
 0 
 0 
 0 
 0 
 0 
 0 
 0 
 0 
 0 
 0 
 0 
 0 
 0 
 0 
 0 
 0 
 0 
 0 
 0 
 0 
 0 
 0 
 0 
 0 
 0 
 0 
 0 
 0 
 0 
 0 
 0 
 0 
 0 
 0 
 0 
 0 
 0 
 1 
 0 
 0 
 0 
 0 
 0 
 0 
 0 
 0 
 0 
 0 
 0 
 0 
 0 
 0 
 0 
 0 
 0 
 0 
 0 
 0 
 0 
 0 
 0 
 0 
 0 
 0 
 0 
 0 
 0 
 0 
 0 
 0 
 0 
 0 
 0 
 0 
 0 
 0 
 0 
 0 
 0 
 0 
 0 
 0 
 0 
 0 
 0 
 0 
 0 
 0 
 0 
 0 
 0 
 0 
 0 
 0 
 0 
 0 
 0 
 0 
 0 
 0 
 0 
 0 
 0 
 0 
 0 
 0 
 0 
 0 
 0 
 0 
 0 
 0 
 0 
 0 
 0 
 0 
 0 
 0 
 0 
 0 
 0 
 0 
 0 
 0 
 0 
 0 
 0 
 0 
 0 
 0 
 0 
 0 
 0 
 1 
 0 
 0 
 0 
 0 
 0 
 0 
 0 
 0 
 0 
 0 
 0 
 0 
 0 
 0 
 0 
 0 
 0 
 0 
 0 
 0 
 0 
 0 
 0 
 0 
 0 
 0 
 0 
 0 
 0 
 0 
 0 
 0 
 0 
 0 
 0 
 0 
 0 
 0 
 1 
 0 
 0 
 0 
 0 
 0 
 0 
 0 
 0 
 0 
 0 
 0 
 0 
 0 
 0 
 0 
 0 
 0 
 0 
 0 
 0 
 0 
 0 
 0 
 0 
 0 
 0 
 0 
 0 
 0 
 0 
 0 
 1 
 0 
 0 
 0 
 0 
 0 
 0 
 0 
 0 
 0 
 0 
 0 
 0 
 0 
 0 
 0 
 0 
 0 
 0 
 0 
 0 
 0 
 0 
 0 
 0 
 0 
 0 
 0 
 0 
 0 
 0 
 0 
 0 
 0 
 0 
 0 
 0 
 0 
 0 
 0 
 0 
 0 
 0 
 0 
 0 
 0 
 0 
 0 
 0 
 0 
 0 
 0 
 0 
 0 
 0 
 0 
 0 
 0 
 0 
 0 
 0 
 0 
 0 
 0 
 0 
 0 
 0 
 0 
 0 
 0 
 0 
 0 
 0 
 0 
 0 
 0 
 0 
 0 
 0 
 0 
 0 
 0 
 0 
 0 
 0 
 0 
 0 
 0 
 0 
 0 
 0 
 0 
 1 
 0 
 0 
 0 
 0 
 0 
 0 
 0 
 0 
 0 
 0 
 0 
 0 
 0 
 0 
 0 
 0 
 0 
 0 
 0 
 0 
 0 
 0 
 0 
 0 
 0 
 0 
 0 
 0 
 0 
 0 
 0 
 0 
 0 
 0 
 0 
 0 
 1 
 0 
 0 
 0 
 0 
 0 
 0 
 0 
 0 
 0 
 0 
 0 
 0 
 0 
 0 
 1 
 0 
 0 
 0 
 0 
 0 
 0 
 0 
 0 
 0 
 0 
 0 
 0 
 0 
 0 
 0 
 0 
 0 
 0 
 0 
 0 
 0 
 0 
 0 
 0 
 0 
 0 
 0 
 0 
 0 
 0 
 0 
 0 
 0 
 0 
 0 
 0 
 0 
 0 
 0 
 0 
 0 
 0 
 0 
 0 
 0 
 0 
 0 
 0 
 0 
 0 
 0 
 0 
 0 
 0 
 0 
 0 
 0 
 0 
 0 
 0 
 0 
 0 
 0 
 0 
 0 
 0 
 1 
 0 
 0 
 0 
 0 
 0 
 0 
 0 
 0 
 0 
 0 
 0 
 0 
 0 
 0 
 0 
 0 
 0 
 0 
 0 
 0 
 0 
 0 
 0 
 0 
 0 
 0 
 0 
 0 
 0 
 0 
 0 
 0 
 0 
 0 
 0 
 0 
 0 
 0 
 0 
 0 
 0 
 0 
 0 
 0 
 0 
 1 
 0 
 0 
 0 
 0 
 0 
 1 
 0 
 0 
 0 
 0 
 0 
 0 
 0 
 0 
 0 
 0 
 0 
 0 
 0 
 0 
 0 
 0 
 0 
 0 
 0 
 0 
 0 
 0 
 0 
 0 
 0 
 0 
 0 
 0 
 0 
 1 
 0 
 0 
 0 
 0 
 0 
 0 
 0 
 0 
 0 
 0 
 0 
 0 
 0 
 0 
 0 
 0 
 0 
 0 
 0 
 0 
 0 
 0 
 0 
 0 
 0 
 0 
 0 
 0 
 0 
 0 
 0 
 1 
 0 
 0 
 0 
 0 
 0 
 0 
 0 
 0 
 0 
 0 
 0 
 0 
 0 
 0 
 0 
 0 
 0 
 0 
 0 
 0 
 1 
 0 
 0 
 0 
 0 
 0 
 0 
 0 
 0 
 0 
 0 
 0 
 0 
 0 
 0 
 0 
 0 
 0 
 0 
 0 
 0 
 0 
 0 
 0 
 1 
 0 
 0 
 0 
 0 
 0 
 0 
 0 
 0 
 0 
 0 
 0 
 0 
 0 
 0 
 0 
 0 
 0 
 0 
 0 
 0 
 0 
 0 
 0 
 0 
 0 
 0 
 0 
 0 
 0 
 0 
 0 
 0 
 0 
 0 
 0 
 0 
 0 
 0 
 0 
 0 
 0 
 0 
 0 
 0 
 0 
 0 
 0 
 0 
 0 
 0 
 0 
 0 
 0 
 0 
 0 
 0 
 0 
 0 
 0 
 0 
 0 
 0 
 0 
 0 
 0 
 0 
 0 
 0 
 0 
 0 
 0 
 0 
 0 
 0 
 0 
 0 
 0 
 0 
 0 
 0 
 0 
 0 
 0 
 0 
 0 
 0 
 0 
 0 
 0 
 0 
 0 
 0 
 0 
 0 
 0 
 0 
 0 
 0 
 0 
 0 
 0 
 0 
 0 
 0 
 0 
 0 
 0 
 0 
 0 
 0 
 0 
 0 
 0 
 0 
 0 
 0 
 0 
 0 
 0 
 0 
 0 
 0 
 0 
 0 
 0 
 0 
 0 
 0 
 0 
 0 
 0 
 0 
 0 
 0 
 0 
 0 
 0 
 0 
 0 
 0 
 0 
 0 
 0 
 0 
 0 
 0 
 0 
 0 
 0 
 0 
 0 
 0 
 0 
 0 
 0 
 0 
 0 
 0 
 0 
 0 
 0 
 0 
 0 
 0 
 0 
 0 
 0 
 0 
 0 
 0 
 0 
 0 
 0 
 0 
 0 
 0 
 0 
 0 
 0 
 0 
 0 
 0 
 0 
 0 
 0 
 0 
 0 
 0 
 0 
 0 
 0 
 0 
 0 
 0 
 0 
 0 
 0 
 0 
 0 
 0 
 0 
 0 
 0 
 0 
 0 
 0 
 0 
 0 
 0 
 0 
 0 
 0 
 0 
 0 
 0 
 0 
 0 
 0 
 0 
 0 
 0 
 0 
 0 
 0 
 0 
 0 
 0 
 0 
 0 
 0 
 0 
 0 
 0 
 0 
 0 
 0 
 0 
 0 
 0 
 0 
 0 
 0 
 0 
 0 
 0 
 0 
 0 
 0 
 0 
 0 
 0 
 1 
 0 
 0 
 0 
 0 
 0 
 0 
 0 
 0 
 0 
 0 
 0 
 0 
 0 
 0 
 0 
 0 
 0 
 0 
 0 
 0 
 0 
 0 
 0 
 0 
 0 
 0 
 0 
 0 
 0 
 0 
 0 
 0 
 0 
 0 
 0 
 0 
 0 
 0 
 0 
 0 
 0 
 0 
 0 
 0 
 0 
 0 
 0 
 0 
 0 
 0 
 0 
 0 
 0 
 0 
 0 
 0 
 0 
 0 
 0 
 0 
 0 
 0 
 0 
 0 
 0 
 0 
 0 
 0 
 0 
 0 
 0 
 0 
 0 
 0 
 0 
 0 
 0 
 0 
 0 
 0 
 0 
 0 
 0 
 0 
 0 
 0 
 0 
 0 
 0 
 0 
 0 
 0 
 0 
 0 
 0 
 0 
 0 
 0 
 0 
 0 
 0 
 0 
 0 
 0 
 0 
 0 
 0 
 0 
 0 
 0 
 0 
 0 
 0 
 0 
 0 
 0 
 0 
 0 
 0 
 0 
 0 
 0 
 0 
 0 
 0 
 0 
 0 
 0 
 0 
 0 
 0 
 0 
 0 
 0 
 0 
 0 
 0 
 0 
 0 
 0 
 0 
 0 
 0 
 0 
 0 
 0 
 0 
 0 
 0 
 0 
 0 
 0 
 0 
 0 
 0 
 0 
 0 
 0 
 0 
 0 
 0 
 0 
 0 
 0 
 0 
 0 
 0 
 0 
 0 
 0 
 0 
 0 
 0 
 0 
 0 
 0 
 0 
 0 
 0 
 0 
 0 
 0 
 0 
 0 
 0 
 0 
 0 
 0 
 0 
 0 
 0 
 0 
 0 
 0 
 0 
 0 
 0 
 0 
 0 
 0 
 0 
 0 
 0 
 0 
 0 
 0 
 0 
 0 
 0 
 0 
 0 
 0 
 0 
 0 
 0 
 0 
 0 
 0 
 0 
 0 
 0 
 0 
 0 
 0 
 0 
 0 
 0 
 0 
 0 
 0 
 0 
 0 
 0 
 0 
 0 
 0 
 0 
 0 
 0 
 0 
 0 
 0 
 0 
 0 
 0 
 0 
 0 
 0 
 0 
 0 
 0 
 0 
 0 
 0 
 0 
 0 
 0 
 0 
 0 
 0 
 0 
 0 
 0 
 0 
 0 
 0 
 0 
 0 
 0 
 0 
 0 
 0 
 0 
 0 
 0 
 0 
 0 
 0 
 0 
 0 
 0 
 0 
 0 
 0 
 0 
 0 
 0 
 0 
 0 
 0 
 0 
 0 
 0 
 0 
 0 
 0 
 0 
 0 
 0 
 0 
 0 
 0 
 0 
 0 
 0 
 0 
 0 
 0 
 0 
 0 
 0 
 0 
 0 
 0 
 0 
 0 
 0 
 0 
 0 
 0 
 0 
 0 
 0 
 0 
 0 
 0 
 0 
 0 
 0 
 0 
 0 
 0 
 0 
 0 
 0 
 0 
 0 
 0 
 1 
 0 
 0 
 0 
 0 
 0 
 0 
 0 
 0 
 0 
 0 
 0 
 0 
 0 
 0 
 0 
 0 
 0 
 0 
 0 
 0 
 0 
 0 
 0 
 0 
 0 
 0 
 0 
 0 
 0 
 0 
 0 
 0 
 0 
 0 
 0 
 0 
 0 
 0 
 0 
 0 
 0 
 0 
 0 
 0 
 0 
 0 
 0 
 0 
 0 
 0 
 0 
 0 
 0 
 0 
 0 
 0 
 0 
 0 
 0 
 0 
 0 
 0 
 0 
 0 
 0 
 0 
 0 
 0 
 0 
 0 
 0 
 0 
 0 
 0 
 0 
 0 
 0 
 0 
 0 
 0 
 0 
 0 
 0 
 0 
 0 
 0 
 0 
 0 
 0 
 0 
 0 
 0 
 0 
 0 
 0 
 0 
 0 
 0 
 0 
 0 
 0 
 0 
 0 
 0 
 0 
 0 
 0 
 0 
 0 
 0 
 0 
 0 
 0 
 0 
 0 
 0 
 0 
 0 
 0 
 0 
 0 
 0 
 0 
 0 
 0 
 0 
 0 
 0 
 0 
 0 
 0 
 0 
 0 
 0 
 0 
 0 
 0 
 0 
 0 
 0 
 0 
 0 
 0 
 0 
 0 
 0 
 0 
 0 
 0 
 0 
 0 
 0 
 0 
 0 
 0 
 0 
 0 
 0 
 0 
 0 
 0 
 0 
 0 
 0 
 0 
 0 
 0 
 0 
 0 
 0 
 0 
 0 
 0 
 0 
 0 
 0 
 0 
 0 
 0 
 0 
 0 
 0 
 0 
 0 
 0 
 0 
 0 
 0 
 0 
 0 
 0 
 0 
 0 
 0 
 0 
 0 
 0 
 0 
 0 
 0 
 0 
 0 
 0 
 0 
 0 
 0 
 0 
 0 
 0 
 0 
 0 
 0 
 0 
 0 
 0 
 0 
 0 
 0 
 0 
 0 
 0 
 0 
 0 
 0 
 0 
 0 
 0 
 0 
 0 
 0 
 0 
 0 
 0 
 0 
 0 
 0 
 0 
 0 
 0 
 0 
 0 
 0 
 0 
 0 
 0 
 0 
 0 
 0 
 0 
 0 
 0 
 0 
 0 
 0 
 0 
 0 
 0 
 0 
 0 
 0 
 0 
 0 
 0 
 0 
 0 
 0 
 0 
 0 
 0 
 0 
 0 
 0 
 0 
 0 
 0 
 0 
 0 
 0 
 0 
 0 
 0 
 0 
 0 
 0 
 0 
 0 
 0 
 0 
 0 
 0 
 0 
 0 
 0 
 0 
 0 
 0 
 0 
 0 
 0 
 0 
 0 
 0 
 0 
 0 
 0 
 0 
 0 
 0 
 0 
 0 
 0 
 0 
 0 
 0 
 0 
 0 
 0 
 0 
 0 
 0 
 0 
 0 
 0 
 0 
 0 
 0 
 0 
 0 
 0 
 0 
 0 
 0 
 0 
 0 
 0 
 0 
 0 
 0 
 0 
 0 
 0 
 0 
 0 
 0 
 0 
 0 
 0 
 0 
 0 
 0 
 0 
 0 
 0 
 0 
 0 
 0 
 0 
 0 
 0 
 0 
 0 
 0 
 0 
 0 
 0 
 0 
 0 
 0 
 0 
 0 
 0 
 0 
 0 
 0 
 0 
 0 
 0 
 0 
 0 
 0 
 0 
 0 
 0 
 0 
 0 
 0 
 0 
 0 
 0 
 0 
 0 
 0 
 0 
 0 
 0 
 0 
 0 
 0 
 0 
 0 
 0 
 0 
 0 
 0 
 0 
 0 
 0 
 0 
 0 
 0 
 0 
 0 
 0 
 0 
 0 
 0 
 0 
 0 
 0 
 0 
 0 
 0 
 0 
 0 
 0 
 0 
 0 
 0 
 0 
 0 
 0 
 0 
 0 
 0 
 0 
 0 
 0 
 0 
 0 
 0 
 0 
 0 
 0 
 0 
 0 
 0 
 0 
 0 
 0 
 0 
 0 
 0 
 0 
 0 
 0 
 0 
 0 
 0 
 0 
 0 
 0 
 0 
 0 
 0 
 0 
 0 
 0 
 0 
 0 
 0 
 0 
 0 
 0 
 0 
 0 
 0 
 0 
 0 
 0 
 0 
 0 
 0 
 0 
 0 
 0 
 0 
 0 
 0 
 0 
 0 
 0 
 0 
 0 
 0 
 0 
 0 
 0 
 0 
 0 
 0 
 0 
 0 
 0 
 0 
 0 
 0 
 0 
 0 
 0 
 0 
 0 
 0 
 0 
 0 
 0 
 0 
 0 
 0 
 0 
 0 
 0 
 0 
 0 
 0 
 0 
 0 
 0 
 0 
 0 
 0 
 0 
 0 
 0 
 0 
 0 
 0 
 0 
 0 
 0 
 0 
 0 
 0 
 0 
 0 
 0 
 0 
 0 
 0 
 0 
 0 
 0 
 0 
 0 
 0 
 0 
 0 
 0 
 0 
 0 
 0 
 0 
 0 
 0 
 0 
 0 
 0 
 0 
 0 
 0 
 0 
 0 
 0 
 0 
 0 
 0 
 0 
 0 
 0 
 0 
 0 
 0 
 0 
 0 
 0 
 0 
 0 
 0 
 0 
 0 
 0 
 0 
 0 
 0 
 0 
 0 
 0 
 0 
 0 
 0 
 0 
 0 
 0 
 0 
 0 
 0 
 0 
 0 
 0 
 0 
 0 
 0 
 0 
 1 
 0 
 0 
 0 
 0 
 0 
 0 
 0 
 0 
 0 
 0 
 0 
 0 
 0 
 0 
 0 
 0 
 0 
 0 
 0 
 0 
 0 
 0 
 0 
 0 
 0 
 0 
 0 
 0 
 0 
 0 
 0 
 0 
 0 
 0 
 0 
 0 
 0 
 0 
 0 
 0 
 0 
 0 
 0 
 0 
 0 
 0 
 0 
 0 
 0 
 0 
 0 
 0 
 0 
 0 
 0 
 0 
 0 
 0 
 0 
 0 
 0 
 0 
 0 
 0 
 0 
 0 
 0 
 0 
 0 
 0 
 0 
 0 
 0 
 0 
 0 
 0 
 0 
 0 
 0 
 0 
 0 
 0 
 0 
 0 
 0 
 0 
 0 
 0 
 0 
 0 
 0 
 0 
 0 
 0 
 0 
