 0 
 0 
 0 
 0 
 0 
 1 
 0 
 0 
 0 
 0 
 0 
 0 
 0 
 0 
 0 
 0 
 0 
 0 
 0 
 0 
 1 
 0 
 0 
 1 
 2 
 1 
 3 
 7 
 7 
 7 
 10 
 13 
 12 
 16 
 16 
 32 
 25 
 30 
 26 
 31 
 49 
 32 
 42 
 41 
 56 
 54 
 64 
 52 
 48 
 57 
 53 
 62 
 62 
 77 
 62 
 66 
 72 
 57 
 64 
 74 
 67 
 86 
 79 
 68 
 70 
 74 
 73 
 76 
 93 
 74 
 70 
 77 
 81 
 59 
 83 
 60 
 95 
 79 
 72 
 83 
 92 
 105 
 113 
 101 
 111 
 120 
 115 
 158 
 164 
 165 
 183 
 176 
 196 
 200 
 196 
 207 
 232 
 212 
 194 
 194 
 185 
 162 
 177 
 158 
 169 
 161 
 159 
 148 
 151 
 129 
 118 
 130 
 110 
 130 
 129 
 114 
 101 
 81 
 92 
 93 
 106 
 88 
 90 
 89 
 100 
 85 
 91 
 100 
 99 
 88 
 107 
 91 
 96 
 91 
 91 
 89 
 96 
 104 
 88 
 101 
 113 
 84 
 109 
 109 
 88 
 107 
 101 
 89 
 104 
 100 
 88 
 110 
 107 
 110 
 113 
 119 
 104 
 119 
 106 
 109 
 101 
 94 
 107 
 104 
 110 
 101 
 105 
 107 
 126 
 119 
 113 
 82 
 112 
 118 
 98 
 104 
 116 
 98 
 100 
 118 
 97 
 108 
 98 
 109 
 110 
 114 
 107 
 114 
 99 
 101 
 112 
 101 
 105 
 124 
 111 
 105 
 81 
 107 
 116 
 119 
 102 
 126 
 117 
 113 
 120 
 118 
 132 
 110 
 114 
 120 
 140 
 126 
 137 
 118 
 127 
 122 
 100 
 141 
 118 
 132 
 132 
 121 
 125 
 114 
 119 
 114 
 133 
 125 
 112 
 108 
 124 
 109 
 107 
 132 
 96 
 109 
 98 
 107 
 122 
 122 
 108 
 109 
 101 
 104 
 117 
 96 
 109 
 104 
 117 
 107 
 106 
 110 
 90 
 107 
 91 
 111 
 100 
 87 
 78 
 94 
 87 
 90 
 111 
 94 
 90 
 88 
 95 
 100 
 114 
 103 
 96 
 117 
 101 
 79 
 89 
 89 
 84 
 83 
 88 
 87 
 83 
 91 
 85 
 103 
 88 
 80 
 76 
 83 
 98 
 68 
 96 
 95 
 71 
 84 
 91 
 92 
 75 
 69 
 61 
 57 
 77 
 79 
 67 
 80 
 51 
 75 
 71 
 64 
 67 
 70 
 63 
 52 
 66 
 62 
 56 
 80 
 78 
 43 
 62 
 58 
 68 
 62 
 64 
 66 
 57 
 57 
 52 
 70 
 69 
 63 
 67 
 64 
 57 
 70 
 62 
 69 
 65 
 52 
 68 
 41 
 67 
 62 
 55 
 59 
 50 
 63 
 71 
 55 
 57 
 61 
 61 
 56 
 55 
 68 
 50 
 51 
 53 
 47 
 44 
 62 
 45 
 49 
 51 
 61 
 40 
 38 
 54 
 54 
 54 
 49 
 42 
 53 
 41 
 31 
 48 
 44 
 42 
 51 
 54 
 41 
 49 
 61 
 42 
 39 
 37 
 42 
 42 
 45 
 45 
 46 
 37 
 38 
 38 
 60 
 46 
 39 
 33 
 36 
 36 
 34 
 42 
 47 
 37 
 49 
 45 
 35 
 42 
 23 
 37 
 35 
 50 
 42 
 39 
 44 
 45 
 36 
 44 
 34 
 35 
 49 
 39 
 40 
 33 
 35 
 37 
 36 
 25 
 41 
 42 
 37 
 37 
 39 
 34 
 37 
 49 
 42 
 43 
 28 
 37 
 40 
 23 
 45 
 33 
 39 
 41 
 23 
 40 
 27 
 37 
 43 
 33 
 40 
 45 
 36 
 34 
 38 
 27 
 36 
 38 
 31 
 32 
 31 
 33 
 35 
 36 
 38 
 34 
 43 
 42 
 51 
 29 
 35 
 29 
 28 
 36 
 50 
 45 
 31 
 41 
 37 
 24 
 37 
 32 
 41 
 31 
 53 
 39 
 29 
 38 
 30 
 32 
 40 
 38 
 29 
 42 
 31 
 49 
 33 
 40 
 37 
 32 
 34 
 28 
 31 
 36 
 28 
 33 
 38 
 31 
 25 
 21 
 41 
 37 
 38 
 33 
 42 
 38 
 32 
 37 
 31 
 45 
 41 
 44 
 40 
 34 
 33 
 38 
 43 
 35 
 45 
 34 
 40 
 50 
 49 
 45 
 27 
 39 
 29 
 42 
 43 
 49 
 56 
 57 
 46 
 44 
 49 
 46 
 48 
 46 
 43 
 51 
 52 
 60 
 54 
 74 
 44 
 55 
 72 
 55 
 69 
 83 
 59 
 78 
 85 
 75 
 94 
 84 
 86 
 92 
 82 
 76 
 65 
 94 
 87 
 104 
 102 
 101 
 92 
 121 
 113 
 102 
 115 
 90 
 114 
 92 
 103 
 102 
 107 
 100 
 86 
 106 
 86 
 89 
 92 
 95 
 72 
 96 
 82 
 77 
 77 
 109 
 75 
 74 
 66 
 56 
 60 
 59 
 61 
 50 
 62 
 56 
 48 
 44 
 45 
 37 
 42 
 41 
 40 
 41 
 28 
 36 
 27 
 25 
 21 
 23 
 24 
 17 
 18 
 23 
 27 
 23 
 17 
 12 
 16 
 19 
 17 
 18 
 13 
 7 
 9 
 14 
 16 
 10 
 16 
 15 
 10 
 15 
 21 
 7 
 8 
 18 
 9 
 15 
 12 
 10 
 15 
 11 
 8 
 13 
 6 
 9 
 12 
 14 
 14 
 13 
 15 
 11 
 11 
 11 
 13 
 8 
 11 
 6 
 9 
 9 
 5 
 12 
 7 
 10 
 12 
 12 
 6 
 11 
 14 
 15 
 11 
 11 
 10 
 15 
 14 
 9 
 14 
 15 
 7 
 13 
 6 
 15 
 12 
 7 
 14 
 14 
 13 
 11 
 5 
 7 
 14 
 7 
 9 
 11 
 6 
 5 
 12 
 8 
 4 
 11 
 11 
 10 
 11 
 9 
 4 
 10 
 14 
 8 
 15 
 7 
 11 
 8 
 15 
 10 
 9 
 10 
 15 
 12 
 6 
 8 
 11 
 9 
 10 
 11 
 9 
 12 
 15 
 11 
 9 
 9 
 18 
 10 
 8 
 10 
 12 
 12 
 10 
 8 
 14 
 9 
 12 
 15 
 14 
 14 
 7 
 12 
 16 
 9 
 11 
 8 
 7 
 10 
 6 
 10 
 5 
 10 
 7 
 15 
 6 
 14 
 10 
 9 
 10 
 14 
 9 
 10 
 5 
 9 
 10 
 13 
 5 
 8 
 13 
 12 
 7 
 12 
 9 
 10 
 8 
 7 
 11 
 12 
 6 
 11 
 11 
 8 
 8 
 7 
 7 
 17 
 13 
 16 
 12 
 10 
 14 
 11 
 8 
 3 
 17 
 10 
 7 
 8 
 11 
 10 
 11 
 15 
 7 
 9 
 10 
 11 
 8 
 9 
 6 
 14 
 6 
 14 
 9 
 10 
 14 
 14 
 12 
 8 
 7 
 11 
 9 
 10 
 11 
 10 
 15 
 9 
 9 
 6 
 4 
 9 
 2 
 13 
 9 
 6 
 8 
 10 
 8 
 7 
 12 
 12 
 11 
 9 
 7 
 5 
 12 
 8 
 11 
 10 
 3 
 12 
 7 
 8 
 8 
 13 
 10 
 11 
 8 
 8 
 13 
 11 
 12 
 4 
 10 
 11 
 10 
 8 
 9 
 10 
 12 
 9 
 10 
 12 
 10 
 6 
 16 
 8 
 11 
 8 
 4 
 11 
 10 
 7 
 12 
 14 
 11 
 11 
 15 
 13 
 10 
 10 
 8 
 6 
 5 
 10 
 9 
 10 
 12 
 8 
 10 
 7 
 11 
 15 
 3 
 9 
 12 
 9 
 16 
 9 
 5 
 9 
 10 
 8 
 11 
 12 
 10 
 7 
 8 
 12 
 8 
 10 
 6 
 6 
 11 
 10 
 17 
 9 
 11 
 7 
 8 
 4 
 11 
 9 
 7 
 12 
 10 
 7 
 15 
 13 
 10 
 7 
 11 
 9 
 13 
 10 
 8 
 11 
 12 
 7 
 9 
 8 
 13 
 7 
 10 
 4 
 5 
 11 
 5 
 13 
 5 
 11 
 10 
 11 
 13 
 11 
 11 
 10 
 12 
 7 
 11 
 9 
 3 
 8 
 11 
 13 
 11 
 8 
 16 
 14 
 10 
 11 
 9 
 9 
 8 
 7 
 8 
 7 
 11 
 10 
 8 
 9 
 7 
 3 
 9 
 13 
 11 
 10 
 14 
 7 
 14 
 10 
 6 
 6 
 12 
 7 
 13 
 7 
 6 
 9 
 12 
 4 
 12 
 6 
 1 
 3 
 8 
 5 
 10 
 10 
 12 
 6 
 4 
 5 
 12 
 10 
 10 
 9 
 10 
 8 
 10 
 6 
 4 
 17 
 10 
 10 
 7 
 6 
 6 
 7 
 13 
 10 
 13 
 6 
 13 
 11 
 10 
 8 
 13 
 7 
 13 
 12 
 11 
 9 
 8 
 8 
 4 
 10 
 9 
 8 
 10 
 8 
 14 
 11 
 7 
 9 
 8 
 12 
 13 
 8 
 6 
 14 
 10 
 10 
 14 
 4 
 10 
 9 
 11 
 4 
 14 
 8 
 15 
 6 
 12 
 8 
 5 
 10 
 6 
 8 
 10 
 13 
 7 
 13 
 12 
 13 
 7 
 13 
 11 
 13 
 13 
 10 
 16 
 13 
 8 
 11 
 7 
 14 
 5 
 10 
 13 
 9 
 5 
 5 
 5 
 19 
 6 
 11 
 8 
 7 
 9 
 7 
 10 
 6 
 3 
 11 
 5 
 8 
 2 
 7 
 12 
 9 
 7 
 8 
 9 
 7 
 14 
 3 
 8 
 4 
 4 
 7 
 9 
 1 
 3 
 3 
 8 
 7 
 10 
 4 
 7 
 3 
 11 
 2 
 7 
 7 
 3 
 5 
 7 
 7 
 7 
 5 
 5 
 3 
 2 
 5 
 4 
 5 
 5 
 2 
 2 
 12 
 2 
 2 
 1 
 6 
 3 
 5 
 5 
 4 
 5 
 4 
 4 
 3 
 8 
 4 
 5 
 3 
 4 
 10 
 7 
 8 
 5 
 4 
 2 
 5 
 1 
 2 
 3 
 6 
 7 
 1 
 3 
 9 
 1 
 6 
 3 
 4 
 10 
 2 
 3 
 3 
 5 
 4 
 3 
 2 
 5 
 4 
 2 
 3 
 5 
 3 
 2 
 7 
 2 
 6 
 4 
 6 
 5 
 2 
 5 
 4 
 6 
 2 
 4 
 2 
 4 
 4 
 7 
 3 
 5 
 6 
 6 
 5 
 7 
 5 
 2 
 3 
 2 
 0 
 1 
 2 
 5 
 4 
 9 
 4 
 6 
 4 
 4 
 2 
 0 
 3 
 3 
 2 
 1 
 0 
 3 
 8 
 3 
 4 
 1 
 6 
 1 
 4 
 5 
 2 
 3 
 6 
 5 
 2 
 1 
 3 
 5 
 3 
 0 
 3 
 0 
 4 
 3 
 6 
 6 
 2 
 3 
 3 
 1 
 3 
 8 
 3 
 4 
 3 
 4 
 5 
 4 
 7 
 2 
 5 
 1 
 5 
 2 
 2 
 7 
 2 
 6 
 2 
 1 
 2 
 1 
 6 
 6 
 2 
 3 
 5 
 2 
 6 
 2 
 1 
 3 
 6 
 3 
 5 
 2 
 2 
 2 
 5 
 3 
 5 
 6 
 4 
 5 
 5 
 5 
 10 
 5 
 9 
 5 
 5 
 4 
 9 
 8 
 7 
 6 
 7 
 10 
 9 
 3 
 8 
 12 
 7 
 9 
 8 
 15 
 16 
 14 
 9 
 12 
 18 
 16 
 13 
 8 
 10 
 18 
 16 
 18 
 17 
 16 
 19 
 15 
 10 
 17 
 5 
 19 
 15 
 22 
 29 
 18 
 19 
 21 
 24 
 23 
 22 
 17 
 15 
 31 
 22 
 26 
 22 
 16 
 32 
 31 
 15 
 24 
 26 
 31 
 21 
 28 
 22 
 15 
 14 
 21 
 28 
 14 
 21 
 31 
 25 
 27 
 22 
 28 
 14 
 16 
 22 
 21 
 33 
 23 
 13 
 21 
 20 
 19 
 20 
 24 
 24 
 24 
 17 
 15 
 9 
 14 
 21 
 13 
 11 
 13 
 14 
 12 
 12 
 14 
 19 
 12 
 13 
 8 
 9 
 14 
 9 
 7 
 17 
 9 
 10 
 12 
 10 
 4 
 7 
 6 
 5 
 4 
 13 
 5 
 4 
 7 
 5 
 5 
 4 
 0 
 6 
 6 
 2 
 4 
 3 
 3 
 5 
 6 
 3 
 3 
 1 
 0 
 1 
 3 
 0 
 0 
 1 
 2 
 1 
 1 
 0 
 2 
 0 
 1 
 3 
 4 
 1 
 1 
 1 
 2 
 0 
 0 
 2 
 0 
 0 
 2 
 0 
 0 
 1 
 0 
 0 
 2 
 1 
 0 
 0 
 2 
 0 
 0 
 0 
 1 
 0 
 1 
 0 
 0 
 0 
 1 
 1 
 2 
 0 
 0 
 0 
 1 
 0 
 1 
 0 
 0 
 0 
 0 
 1 
 0 
 0 
 0 
 1 
 0 
 0 
 1 
 0 
 1 
 0 
 0 
 0 
 1 
 1 
 1 
 0 
 0 
 0 
 0 
 0 
 0 
 0 
 0 
 1 
 0 
 0 
 0 
 0 
 1 
 0 
 0 
 0 
 0 
 0 
 0 
 0 
 0 
 0 
 0 
 0 
 1 
 0 
 0 
 0 
 0 
 0 
 1 
 0 
 1 
 0 
 1 
 0 
 1 
 1 
 0 
 0 
 0 
 0 
 0 
 0 
 0 
 0 
 1 
 0 
 0 
 1 
 0 
 1 
 0 
 0 
 0 
 0 
 1 
 0 
 0 
 0 
 0 
 0 
 0 
 0 
 0 
 0 
 0 
 0 
 1 
 0 
 0 
 0 
 0 
 0 
 0 
 0 
 0 
 0 
 1 
 0 
 0 
 0 
 0 
 0 
 1 
 0 
 0 
 0 
 0 
 0 
 0 
 0 
 0 
 1 
 0 
 0 
 0 
 0 
 0 
 0 
 0 
 1 
 2 
 0 
 0 
 1 
 0 
 0 
 0 
 0 
 0 
 0 
 1 
 0 
 0 
 0 
 2 
 0 
 0 
 0 
 0 
 2 
 0 
 0 
 0 
 0 
 0 
 0 
 0 
 0 
 0 
 0 
 0 
 0 
 0 
 0 
 0 
 0 
 0 
 0 
 0 
 0 
 0 
 0 
 0 
 0 
 1 
 0 
 0 
 0 
 0 
 1 
 0 
 0 
 0 
 0 
 0 
 0 
 0 
 0 
 0 
 0 
 0 
 0 
 0 
 0 
 0 
 0 
 0 
 0 
 0 
 0 
 0 
 0 
 0 
 0 
 0 
 0 
 0 
 0 
 0 
 0 
 0 
 0 
 0 
 1 
 0 
 0 
 0 
 0 
 0 
 0 
 0 
 0 
 0 
 0 
 0 
 0 
 0 
 0 
 0 
 0 
 0 
 0 
 0 
 0 
 0 
 0 
 0 
 0 
 1 
 1 
 0 
 0 
 1 
 0 
 0 
 0 
 0 
 0 
 0 
 0 
 0 
 0 
 1 
 0 
 0 
 1 
 0 
 0 
 0 
 0 
 0 
 0 
 0 
 0 
 0 
 0 
 0 
 0 
 0 
 0 
 0 
 0 
 0 
 0 
 0 
 0 
 0 
 0 
 1 
 0 
 0 
 0 
 1 
 0 
 0 
 0 
 0 
 0 
 1 
 1 
 0 
 0 
 0 
 0 
 1 
 0 
 0 
 0 
 0 
 0 
 0 
 0 
 0 
 0 
 0 
 0 
 1 
 0 
 0 
 0 
 0 
 0 
 0 
 0 
 0 
 0 
 0 
 0 
 0 
 0 
 1 
 0 
 0 
 0 
 0 
 0 
 0 
 0 
 0 
 0 
 0 
 0 
 0 
 0 
 0 
 0 
 1 
 0 
 0 
 0 
 0 
 0 
 0 
 0 
 0 
 0 
 0 
 0 
 0 
 0 
 0 
 0 
 0 
 0 
 1 
 0 
 0 
 0 
 0 
 0 
 0 
 0 
 0 
 0 
 0 
 1 
 0 
 0 
 0 
 0 
 0 
 0 
 1 
 0 
 0 
 0 
 0 
 0 
 0 
 0 
 0 
 0 
 0 
 0 
 0 
 0 
 0 
 1 
 0 
 0 
 1 
 0 
 0 
 1 
 1 
 1 
 0 
 0 
 0 
 0 
 0 
 0 
 0 
 0 
 0 
 0 
 0 
 0 
 0 
 0 
 0 
 0 
 0 
 0 
 0 
 0 
 0 
 1 
 0 
 0 
 0 
 0 
 0 
 0 
 0 
 1 
 0 
 0 
 1 
 1 
 0 
 0 
 0 
 0 
 0 
 0 
 0 
 0 
 0 
 0 
 0 
 0 
 0 
 0 
 0 
 0 
 0 
 0 
 0 
 0 
 0 
 0 
 0 
 0 
 0 
 0 
 0 
 0 
 0 
 0 
 0 
 0 
 0 
 0 
 0 
 0 
 0 
 0 
 0 
 0 
 0 
 0 
 0 
 0 
 0 
 0 
 0 
 0 
 0 
 0 
 0 
 0 
 0 
 0 
 0 
 0 
 0 
 0 
 0 
 0 
 0 
 0 
 0 
 0 
 0 
 0 
 0 
 0 
 0 
 0 
 0 
 0 
 0 
 0 
 0 
 0 
 0 
 0 
 0 
 0 
 0 
 0 
 0 
 1 
 0 
 0 
 0 
 1 
 0 
 0 
 0 
 0 
 0 
 0 
 0 
 0 
 0 
 0 
 0 
 0 
 0 
 0 
 0 
 0 
 0 
 0 
 0 
 0 
 0 
 0 
 0 
 0 
 0 
 0 
 0 
 0 
 0 
 0 
 0 
 0 
 0 
 0 
 0 
 0 
 0 
 0 
 0 
 0 
 0 
 0 
 0 
 0 
 0 
 0 
 0 
 0 
 0 
 0 
 0 
 0 
 0 
 0 
 0 
 0 
 0 
 0 
 0 
 0 
 0 
 0 
 0 
 0 
 0 
 0 
 0 
 0 
 0 
 0 
 0 
 0 
 0 
 0 
 0 
 0 
 0 
 0 
 0 
 0 
 0 
 0 
 0 
 0 
 0 
 0 
 0 
 0 
 0 
 0 
 0 
 0 
 0 
 0 
 0 
 0 
 0 
 0 
 0 
 0 
 0 
 0 
 0 
 0 
 0 
 0 
 0 
 0 
 0 
 0 
 0 
 0 
 0 
 0 
 0 
 0 
 0 
 1 
 1 
 0 
 0 
 0 
 0 
 0 
 0 
 0 
 1 
 0 
 0 
 0 
 0 
 0 
 0 
 0 
 0 
 0 
 0 
 0 
 0 
 0 
 0 
 0 
 0 
 0 
 0 
 0 
 0 
 0 
 0 
 0 
 0 
 0 
 0 
 0 
 0 
 0 
 0 
 0 
 0 
 0 
 0 
 0 
 0 
 0 
 0 
 0 
 0 
 0 
 0 
 0 
 0 
 0 
 0 
 0 
 0 
 0 
 0 
 0 
 0 
 0 
 0 
 0 
 0 
 0 
 0 
 0 
 0 
 0 
 0 
 0 
 0 
 0 
 0 
 0 
 0 
 0 
 0 
 0 
 0 
 0 
 0 
 0 
 0 
 1 
 0 
 0 
 0 
 0 
 0 
 1 
 0 
 0 
 0 
 0 
 0 
 0 
 0 
 0 
 0 
 0 
 0 
 0 
 0 
 0 
 0 
 0 
 0 
 0 
 0 
 0 
 0 
 0 
 0 
 0 
 0 
 0 
 0 
 0 
 0 
 0 
 0 
 0 
 0 
 0 
 0 
 0 
 0 
 0 
 0 
 0 
 0 
 0 
 0 
 0 
 0 
 0 
 0 
 0 
 0 
 0 
 0 
 0 
 0 
 0 
 0 
 0 
 0 
 0 
 0 
 0 
 0 
 0 
 0 
 0 
 0 
 0 
 0 
 0 
 0 
 0 
 0 
 0 
 0 
 0 
 0 
 0 
 0 
 0 
 0 
 0 
 0 
 0 
 0 
 0 
 0 
 0 
 0 
 0 
 0 
 0 
 0 
 0 
 1 
 0 
 0 
 0 
 0 
 0 
 0 
 0 
 0 
 0 
 0 
 0 
 0 
 0 
 0 
 0 
 0 
 0 
 0 
 0 
 0 
 0 
 0 
 0 
 0 
 0 
 0 
 0 
 0 
 0 
 0 
 0 
 0 
 0 
 0 
 0 
 0 
 0 
 0 
 0 
 0 
 0 
 0 
 0 
 0 
 0 
 0 
 0 
 0 
 0 
 0 
 0 
 0 
 0 
 1 
 0 
 0 
 0 
 0 
 0 
 0 
 0 
 0 
 0 
 0 
 0 
 0 
 0 
 0 
 0 
 0 
 0 
 0 
 0 
 0 
 0 
 0 
 0 
 1 
 0 
 0 
 0 
 0 
 0 
 0 
 1 
 0 
 1 
 0 
 0 
 0 
 0 
 0 
 0 
 0 
 0 
 0 
 0 
 0 
 0 
 0 
 0 
 0 
 0 
 0 
 0 
 0 
 0 
 0 
 0 
 0 
 0 
 0 
 0 
 0 
 0 
 0 
 0 
 0 
 0 
 0 
 0 
 0 
 0 
 0 
 0 
 0 
 0 
 0 
 0 
 0 
 0 
 1 
 0 
 0 
 0 
 0 
 0 
 0 
 0 
 0 
 0 
 0 
 0 
 0 
 0 
 0 
 0 
 0 
 0 
 0 
 0 
 0 
 0 
 0 
 0 
 0 
 0 
 0 
 0 
 0 
 0 
 0 
 0 
 0 
 0 
 0 
 0 
 0 
 0 
 0 
 0 
 0 
 0 
 0 
 0 
 0 
 0 
 0 
 0 
 0 
 0 
 0 
 0 
 0 
 0 
 0 
 0 
 0 
 0 
 0 
 0 
 0 
 0 
 0 
 0 
 0 
 0 
 0 
 0 
 0 
 0 
 0 
 0 
 0 
 0 
 0 
 0 
 0 
 0 
 0 
 0 
 0 
 0 
 0 
 0 
 0 
 0 
 0 
 0 
 0 
 0 
 0 
 0 
 0 
 0 
 0 
 0 
 0 
 0 
 0 
 0 
 0 
 0 
 0 
 0 
 0 
 0 
 0 
 0 
 0 
 0 
 0 
 0 
 0 
 0 
 0 
 0 
 0 
 0 
 0 
 0 
 0 
 0 
 0 
 0 
 0 
 0 
 0 
 0 
 0 
 0 
 0 
 0 
 0 
 0 
 0 
 0 
 0 
 0 
 0 
 0 
 0 
 0 
 0 
 0 
 0 
 0 
 0 
 0 
 0 
 0 
 0 
 0 
 0 
 0 
 0 
 0 
 0 
 0 
 0 
 0 
 0 
 0 
 0 
 0 
 0 
 0 
 0 
 0 
 0 
 0 
 0 
 0 
 0 
 0 
 0 
 1 
 0 
 0 
 0 
 0 
 0 
 0 
 0 
 0 
 0 
 0 
 0 
 0 
 0 
 0 
 0 
 0 
 0 
 0 
 0 
 0 
 0 
 0 
 0 
 0 
 0 
 0 
 0 
 0 
 0 
 0 
 0 
 0 
 0 
 0 
 0 
 0 
 0 
 0 
 0 
 0 
 0 
 0 
 0 
 0 
 0 
 0 
 0 
 0 
 0 
 0 
 0 
 0 
 0 
 0 
 0 
 0 
 0 
 0 
 0 
 0 
 0 
 0 
 0 
 0 
 0 
 0 
 0 
 0 
 0 
 0 
 0 
 0 
 0 
 0 
 0 
 0 
 0 
 0 
 0 
 0 
 0 
 0 
 0 
 0 
 0 
 0 
 0 
 0 
 0 
 0 
 0 
 0 
 0 
 0 
 0 
 0 
 0 
 0 
 0 
 0 
 0 
 0 
 0 
 0 
 0 
 0 
 0 
 0 
 0 
 0 
 0 
 0 
 0 
 0 
 0 
 0 
 0 
 0 
 0 
 0 
 0 
 0 
 0 
 0 
 0 
 0 
 0 
 0 
 0 
 0 
 0 
 0 
 0 
 0 
 0 
 0 
 0 
 0 
 0 
 0 
 0 
 0 
 0 
 0 
 0 
 0 
 0 
 0 
 0 
 0 
 0 
 0 
 0 
 0 
 0 
 0 
 0 
 0 
 0 
 0 
 0 
 0 
 0 
 0 
 0 
 0 
 0 
 0 
 0 
 0 
 0 
 0 
 0 
 0 
 0 
 0 
 0 
 0 
 0 
 0 
 0 
 0 
 0 
 0 
 0 
 1 
 0 
 0 
 0 
 0 
 0 
 0 
 0 
 0 
 0 
 0 
 0 
 0 
 0 
 0 
 0 
 0 
 0 
 0 
 0 
 0 
 0 
 0 
 0 
 0 
 0 
 0 
 0 
 0 
 0 
 0 
 0 
 0 
 1 
 0 
 0 
 0 
 0 
 0 
 0 
 0 
 0 
 0 
 0 
 0 
 0 
 0 
 0 
 0 
 0 
 0 
 0 
 0 
 0 
 0 
 0 
 0 
 1 
 0 
 0 
 0 
 0 
 0 
 0 
 0 
 0 
 0 
 0 
 0 
 0 
 1 
 0 
 0 
 0 
 0 
 0 
 0 
 0 
 0 
 0 
 0 
 0 
 0 
 0 
 0 
 0 
 0 
 0 
 1 
 1 
 0 
 0 
 0 
 0 
 0 
 0 
 0 
 0 
 0 
 0 
 0 
 0 
 1 
 0 
 0 
 0 
 0 
 0 
 0 
 0 
 0 
 0 
 0 
 0 
 0 
 0 
 0 
 0 
 0 
 0 
 0 
 0 
 0 
 0 
 0 
 0 
 0 
 0 
 0 
 0 
 0 
 0 
 0 
 0 
 0 
 0 
 0 
 0 
 0 
 0 
 0 
 0 
 0 
 0 
 0 
 0 
 0 
 0 
 0 
 0 
 0 
 0 
 0 
 0 
 0 
 0 
 0 
 0 
 0 
 0 
 0 
 0 
 0 
 0 
 0 
 0 
 0 
 0 
 0 
 0 
 0 
 0 
 0 
 0 
 0 
 0 
 0 
 0 
 0 
 0 
 0 
 0 
 0 
 0 
 0 
 0 
 0 
 0 
 0 
 0 
 0 
 0 
 0 
 0 
 0 
 0 
 0 
 0 
 0 
 0 
 0 
 0 
 0 
 0 
 0 
 0 
 0 
 0 
 0 
 0 
 0 
 0 
 0 
 0 
 0 
 0 
 0 
 0 
 0 
 0 
 0 
 0 
 0 
 0 
 0 
 0 
 0 
 0 
 0 
 0 
 0 
 0 
 0 
 0 
 0 
 0 
 0 
 0 
 0 
 0 
 0 
 0 
 0 
 0 
 0 
 0 
 0 
 0 
 0 
 0 
 0 
 0 
 0 
 0 
 0 
 0 
 0 
 0 
 0 
 0 
 0 
 0 
 0 
 0 
 0 
 0 
 0 
 0 
 0 
 0 
 0 
 0 
 0 
 0 
 0 
 0 
 0 
 0 
 0 
 0 
 0 
 0 
 0 
 0 
 0 
 0 
 0 
 0 
 0 
 0 
 0 
 0 
 0 
 0 
 0 
 0 
 0 
 0 
 0 
 0 
 0 
 0 
 0 
 0 
 0 
 0 
 0 
 0 
 0 
 0 
 0 
 0 
 0 
 0 
 0 
 0 
 0 
 0 
 0 
 0 
 0 
 0 
 0 
 0 
 0 
 0 
 0 
 0 
 0 
 0 
 0 
 0 
 0 
 0 
 0 
 0 
 0 
 0 
 0 
 0 
 0 
 0 
 0 
 0 
 0 
 0 
 1 
 0 
 0 
 0 
 0 
 0 
 0 
 0 
 0 
 0 
 0 
 0 
 0 
 0 
 0 
 0 
 0 
 0 
 0 
 0 
 0 
 0 
 0 
 0 
 0 
 0 
 0 
 0 
 0 
 0 
 0 
 0 
 0 
 0 
 0 
 0 
 0 
 0 
 0 
 0 
 0 
 0 
 0 
 0 
 0 
 0 
 0 
 0 
 0 
 0 
 0 
 0 
 0 
 0 
 0 
 0 
 0 
 0 
 0 
 0 
 0 
 0 
 0 
 0 
 0 
 0 
 0 
 0 
 0 
 0 
 0 
 0 
 0 
 0 
 0 
 0 
 0 
 0 
 0 
 0 
 0 
 0 
 0 
 0 
 0 
 0 
 0 
 0 
 0 
 0 
 0 
 0 
 0 
 0 
 0 
 0 
 0 
 0 
 0 
 0 
 0 
 0 
 0 
 0 
 0 
 0 
 0 
 0 
 0 
 0 
 0 
 0 
 0 
 0 
 0 
 0 
 0 
 0 
 0 
 0 
 0 
 0 
 0 
 0 
 0 
 0 
 0 
 0 
 0 
 0 
 0 
 0 
 0 
 0 
 0 
 0 
 0 
 0 
 0 
 0 
 1 
 0 
 0 
 0 
 0 
 0 
 0 
 0 
 0 
 0 
 0 
 0 
 0 
 0 
 0 
 0 
 0 
 0 
 0 
 0 
 0 
 0 
 0 
 0 
 0 
 0 
 0 
 0 
 0 
 0 
 0 
 0 
 0 
 0 
 0 
 0 
 0 
 0 
 0 
 0 
 0 
 0 
 0 
 0 
 0 
 0 
 0 
 0 
 0 
 0 
 0 
 0 
 0 
 0 
 0 
 0 
 0 
 0 
 0 
 0 
 0 
 0 
 0 
 0 
 0 
 0 
 0 
 0 
 0 
 0 
 0 
 0 
 0 
 0 
 0 
 0 
 0 
 0 
 0 
 0 
 0 
 0 
 0 
 0 
 0 
 0 
 0 
 0 
 0 
 0 
 0 
 0 
 0 
 0 
 0 
 0 
 0 
 0 
 0 
 0 
 0 
 0 
 0 
 0 
 0 
 0 
 0 
 0 
 0 
 0 
 0 
 0 
 0 
 0 
 0 
 0 
 0 
 0 
 0 
 0 
 0 
 0 
 0 
 0 
 0 
 0 
 0 
 0 
 0 
 0 
 0 
 0 
 0 
 0 
 0 
 0 
 0 
 0 
 0 
 0 
 0 
 0 
 0 
 0 
 0 
 0 
 0 
 0 
 0 
 0 
 0 
 0 
 0 
 0 
 0 
 0 
 0 
 0 
 0 
 0 
 0 
 0 
 0 
 0 
 0 
 0 
 0 
 0 
 0 
 0 
 0 
 0 
 0 
 0 
 0 
 0 
 0 
 0 
 0 
 0 
 0 
 0 
 0 
 0 
 0 
 0 
 0 
 0 
 0 
 0 
 0 
 0 
 0 
 0 
 0 
 0 
 0 
 0 
 0 
 0 
 0 
 0 
 0 
 0 
 0 
 0 
 0 
 0 
 0 
 0 
 0 
 0 
 0 
 0 
 0 
 0 
 0 
 0 
 0 
 0 
 0 
 0 
 0 
 0 
 0 
 0 
 0 
 0 
 0 
 0 
 0 
 0 
 0 
 0 
 0 
 0 
 0 
 0 
 0 
 0 
 0 
 0 
 0 
 0 
 0 
 0 
 0 
 0 
 0 
 0 
 0 
 0 
 0 
 0 
 0 
 0 
 0 
 0 
 0 
 0 
 0 
 0 
 0 
 0 
 0 
 0 
 0 
 0 
 0 
 0 
 0 
 0 
 0 
 0 
 0 
 0 
 0 
 0 
 0 
 0 
 0 
 0 
 0 
 0 
 0 
 0 
 0 
 0 
 0 
 0 
 0 
 0 
 0 
 0 
 0 
 0 
 0 
 0 
 0 
 0 
 0 
 0 
 0 
 0 
 0 
 0 
 0 
 0 
 0 
 0 
 0 
 0 
 0 
 0 
 0 
 0 
 0 
 0 
 0 
 0 
 0 
 0 
 0 
 0 
 0 
 0 
 0 
 0 
 0 
 0 
 0 
 0 
 0 
 0 
 0 
 0 
 0 
 0 
 0 
 0 
 0 
 0 
 0 
 0 
 0 
 0 
 0 
 0 
 0 
 0 
 0 
 0 
 0 
 0 
 0 
 0 
 0 
 0 
 0 
 0 
 0 
 0 
 0 
 0 
 0 
 0 
 0 
 0 
 0 
 0 
 0 
 0 
 0 
 0 
 0 
 0 
 0 
 0 
 0 
 0 
 0 
 0 
 0 
 0 
 0 
 0 
 0 
 0 
 0 
 0 
 0 
 0 
 0 
 0 
 0 
 0 
 0 
 0 
 0 
 0 
 0 
 0 
 0 
 0 
 0 
 0 
 0 
 0 
 0 
 0 
 0 
 0 
 0 
 0 
 0 
 1 
 0 
 0 
 0 
 0 
 0 
 0 
 0 
 0 
 0 
 0 
 0 
 0 
 0 
 0 
 0 
 0 
 0 
 0 
 0 
 0 
 0 
 0 
 0 
 0 
 0 
 0 
 0 
 0 
 0 
 0 
 0 
 0 
 0 
 0 
 0 
 0 
 0 
 0 
 0 
 0 
 0 
 0 
 0 
 0 
 0 
 0 
 0 
 0 
 0 
 0 
 0 
 0 
 0 
 0 
 0 
 0 
 0 
 0 
 0 
 0 
 0 
 0 
 0 
 0 
 0 
 0 
 0 
 0 
 0 
 0 
 0 
 0 
 0 
 0 
 0 
 0 
 0 
 0 
 0 
 0 
 0 
 0 
 0 
 0 
 0 
 1 
 0 
 0 
 0 
 0 
 0 
 0 
 0 
 0 
 0 
 0 
 0 
 0 
 0 
 0 
 0 
 0 
 0 
 0 
 0 
 0 
 0 
 0 
 0 
 0 
 0 
 1 
 0 
 0 
 0 
 0 
 0 
 0 
 0 
 0 
 0 
 0 
 0 
 0 
 0 
 0 
 0 
 0 
 0 
 0 
 0 
 0 
 0 
 0 
 0 
 0 
 0 
 0 
 0 
 0 
 0 
 0 
 0 
 0 
 0 
 0 
 0 
 0 
 0 
 0 
 0 
 0 
 0 
 0 
 0 
 0 
 0 
 0 
 0 
 0 
 0 
 0 
 0 
 0 
 0 
 0 
 0 
 0 
 0 
 0 
 0 
 0 
 0 
 0 
 0 
 0 
 0 
 0 
 0 
 0 
 0 
 0 
 0 
 0 
 0 
 0 
 0 
 0 
 0 
 0 
 0 
 0 
 0 
 0 
 0 
 0 
 0 
 0 
 0 
 0 
 0 
 0 
 0 
 0 
 0 
 0 
 0 
 0 
 0 
 0 
 1 
 0 
 0 
 0 
 0 
 0 
 0 
 0 
 0 
 0 
 0 
 0 
 0 
 0 
 0 
 0 
 0 
 0 
 0 
 0 
 0 
 0 
 0 
 0 
 0 
 0 
 0 
 0 
 0 
 0 
 0 
 0 
 0 
 0 
 0 
 0 
 0 
 0 
 0 
 0 
 0 
 0 
 0 
 0 
 0 
 0 
 0 
 0 
 0 
 0 
 0 
 0 
 0 
 0 
 0 
 0 
 0 
 0 
 0 
 0 
 0 
 0 
 0 
 0 
 0 
 0 
 0 
 0 
 0 
 0 
 0 
 0 
 0 
 0 
 0 
 0 
 0 
 0 
 0 
 0 
 0 
 0 
 0 
 0 
 0 
 0 
 0 
 0 
 0 
 0 
 0 
 0 
 0 
 0 
 0 
 0 
 0 
 0 
 0 
 0 
 0 
 0 
 0 
 0 
 0 
 0 
 0 
 0 
 0 
 0 
 0 
 0 
 0 
 0 
 0 
 0 
 0 
 0 
 0 
 0 
 0 
 0 
 0 
 0 
 0 
 0 
 0 
 0 
