 0 
 0 
 0 
 0 
 0 
 0 
 0 
 0 
 0 
 0 
 0 
 0 
 0 
 0 
 0 
 0 
 0 
 0 
 1 
 0 
 0 
 0 
 0 
 0 
 2 
 1 
 2 
 1 
 4 
 5 
 5 
 10 
 7 
 12 
 12 
 23 
 13 
 22 
 18 
 23 
 30 
 29 
 33 
 43 
 32 
 40 
 38 
 38 
 41 
 45 
 49 
 37 
 40 
 36 
 57 
 78 
 61 
 51 
 71 
 48 
 59 
 53 
 48 
 56 
 67 
 45 
 49 
 77 
 55 
 54 
 66 
 59 
 43 
 64 
 64 
 77 
 63 
 57 
 76 
 67 
 88 
 71 
 91 
 78 
 86 
 125 
 109 
 117 
 116 
 166 
 146 
 163 
 184 
 188 
 173 
 164 
 185 
 159 
 170 
 186 
 172 
 160 
 137 
 141 
 147 
 134 
 147 
 138 
 125 
 112 
 120 
 124 
 112 
 92 
 92 
 100 
 85 
 99 
 82 
 82 
 74 
 81 
 87 
 78 
 66 
 76 
 60 
 70 
 75 
 81 
 72 
 88 
 64 
 79 
 77 
 63 
 91 
 81 
 73 
 84 
 83 
 69 
 89 
 96 
 81 
 70 
 86 
 89 
 92 
 94 
 79 
 71 
 79 
 88 
 94 
 97 
 92 
 81 
 74 
 87 
 87 
 87 
 104 
 82 
 80 
 86 
 91 
 97 
 81 
 62 
 94 
 88 
 74 
 89 
 81 
 86 
 83 
 96 
 87 
 78 
 76 
 83 
 104 
 89 
 84 
 83 
 84 
 75 
 102 
 84 
 90 
 80 
 92 
 84 
 91 
 78 
 92 
 106 
 82 
 96 
 90 
 107 
 100 
 122 
 107 
 99 
 95 
 97 
 91 
 103 
 96 
 105 
 100 
 104 
 104 
 104 
 100 
 96 
 124 
 100 
 98 
 97 
 95 
 93 
 99 
 86 
 108 
 69 
 100 
 95 
 98 
 81 
 96 
 82 
 86 
 75 
 82 
 74 
 90 
 58 
 76 
 73 
 52 
 61 
 75 
 97 
 74 
 78 
 69 
 86 
 77 
 66 
 65 
 72 
 85 
 68 
 67 
 77 
 68 
 94 
 49 
 80 
 72 
 62 
 75 
 82 
 84 
 78 
 76 
 92 
 59 
 69 
 64 
 60 
 59 
 66 
 66 
 64 
 70 
 72 
 74 
 62 
 54 
 66 
 64 
 67 
 68 
 67 
 60 
 60 
 61 
 50 
 51 
 46 
 63 
 47 
 58 
 63 
 67 
 53 
 35 
 39 
 48 
 47 
 50 
 49 
 45 
 39 
 46 
 44 
 41 
 33 
 41 
 47 
 44 
 29 
 42 
 31 
 49 
 56 
 51 
 46 
 42 
 45 
 36 
 37 
 34 
 32 
 40 
 31 
 44 
 27 
 36 
 33 
 39 
 35 
 45 
 40 
 32 
 24 
 26 
 39 
 40 
 31 
 35 
 26 
 34 
 41 
 44 
 32 
 30 
 34 
 31 
 26 
 27 
 39 
 28 
 40 
 30 
 36 
 24 
 28 
 22 
 33 
 31 
 29 
 33 
 25 
 43 
 14 
 39 
 35 
 37 
 30 
 30 
 30 
 33 
 28 
 34 
 25 
 28 
 28 
 33 
 26 
 37 
 36 
 23 
 25 
 29 
 23 
 35 
 24 
 27 
 20 
 30 
 28 
 23 
 30 
 28 
 23 
 35 
 19 
 28 
 26 
 22 
 20 
 17 
 28 
 26 
 21 
 21 
 21 
 20 
 21 
 29 
 20 
 22 
 19 
 28 
 21 
 21 
 22 
 18 
 22 
 22 
 21 
 20 
 16 
 15 
 18 
 23 
 16 
 30 
 22 
 20 
 27 
 22 
 28 
 12 
 27 
 25 
 24 
 23 
 18 
 23 
 22 
 22 
 21 
 14 
 21 
 19 
 11 
 12 
 21 
 21 
 21 
 18 
 25 
 17 
 20 
 20 
 16 
 26 
 10 
 24 
 16 
 26 
 20 
 25 
 14 
 30 
 24 
 19 
 17 
 25 
 20 
 16 
 13 
 29 
 18 
 14 
 27 
 7 
 21 
 11 
 18 
 15 
 19 
 19 
 24 
 22 
 16 
 16 
 24 
 9 
 17 
 14 
 13 
 17 
 20 
 17 
 23 
 18 
 18 
 19 
 18 
 17 
 12 
 23 
 16 
 17 
 20 
 22 
 13 
 11 
 27 
 17 
 22 
 21 
 18 
 14 
 20 
 24 
 14 
 11 
 18 
 20 
 25 
 22 
 22 
 22 
 18 
 24 
 23 
 21 
 22 
 23 
 27 
 10 
 26 
 20 
 16 
 27 
 21 
 22 
 23 
 23 
 23 
 20 
 25 
 19 
 16 
 26 
 30 
 24 
 19 
 25 
 24 
 32 
 22 
 24 
 31 
 34 
 42 
 49 
 33 
 35 
 29 
 35 
 28 
 33 
 41 
 38 
 33 
 38 
 30 
 43 
 41 
 34 
 42 
 27 
 47 
 46 
 36 
 41 
 39 
 29 
 35 
 37 
 39 
 31 
 50 
 43 
 40 
 37 
 37 
 36 
 32 
 37 
 19 
 22 
 27 
 33 
 15 
 29 
 19 
 24 
 23 
 21 
 20 
 23 
 19 
 14 
 19 
 13 
 16 
 17 
 10 
 8 
 8 
 11 
 15 
 9 
 14 
 11 
 11 
 7 
 8 
 12 
 10 
 8 
 13 
 4 
 9 
 8 
 9 
 7 
 7 
 12 
 9 
 11 
 6 
 9 
 7 
 11 
 6 
 3 
 11 
 11 
 9 
 5 
 6 
 9 
 6 
 7 
 10 
 5 
 8 
 4 
 15 
 6 
 4 
 5 
 8 
 7 
 8 
 8 
 10 
 9 
 7 
 4 
 11 
 8 
 10 
 14 
 10 
 9 
 7 
 8 
 10 
 6 
 5 
 7 
 2 
 5 
 3 
 5 
 8 
 8 
 4 
 15 
 11 
 11 
 8 
 4 
 7 
 4 
 9 
 8 
 8 
 4 
 6 
 6 
 6 
 8 
 8 
 9 
 10 
 9 
 4 
 7 
 5 
 8 
 9 
 6 
 5 
 6 
 8 
 5 
 4 
 10 
 5 
 10 
 3 
 3 
 6 
 8 
 7 
 5 
 6 
 9 
 9 
 6 
 8 
 6 
 14 
 5 
 4 
 14 
 8 
 8 
 3 
 9 
 6 
 3 
 7 
 3 
 6 
 10 
 10 
 6 
 6 
 4 
 2 
 8 
 10 
 3 
 8 
 7 
 6 
 12 
 9 
 9 
 5 
 5 
 3 
 8 
 11 
 2 
 5 
 6 
 8 
 6 
 5 
 10 
 7 
 10 
 6 
 8 
 5 
 10 
 8 
 6 
 8 
 3 
 5 
 6 
 8 
 6 
 6 
 3 
 5 
 8 
 2 
 5 
 6 
 5 
 7 
 3 
 10 
 7 
 5 
 2 
 2 
 11 
 5 
 8 
 2 
 7 
 3 
 7 
 8 
 7 
 3 
 6 
 5 
 6 
 5 
 5 
 8 
 6 
 5 
 8 
 2 
 8 
 6 
 6 
 6 
 9 
 7 
 8 
 6 
 8 
 6 
 3 
 7 
 5 
 7 
 9 
 4 
 5 
 6 
 6 
 8 
 9 
 5 
 3 
 3 
 8 
 4 
 5 
 7 
 6 
 3 
 3 
 11 
 4 
 8 
 6 
 5 
 7 
 8 
 2 
 6 
 10 
 11 
 4 
 7 
 10 
 5 
 5 
 9 
 5 
 6 
 3 
 8 
 4 
 7 
 7 
 3 
 6 
 5 
 7 
 6 
 7 
 9 
 3 
 3 
 7 
 2 
 3 
 2 
 6 
 11 
 7 
 3 
 6 
 4 
 3 
 9 
 5 
 1 
 8 
 3 
 2 
 6 
 3 
 4 
 6 
 3 
 8 
 3 
 7 
 2 
 8 
 7 
 6 
 8 
 5 
 5 
 11 
 4 
 10 
 10 
 10 
 4 
 7 
 7 
 7 
 5 
 7 
 6 
 6 
 4 
 7 
 7 
 7 
 5 
 6 
 5 
 4 
 6 
 2 
 9 
 6 
 8 
 7 
 6 
 6 
 3 
 3 
 2 
 5 
 5 
 3 
 8 
 7 
 4 
 6 
 6 
 6 
 9 
 6 
 8 
 2 
 7 
 1 
 9 
 8 
 6 
 4 
 7 
 6 
 6 
 5 
 5 
 4 
 8 
 5 
 4 
 2 
 7 
 3 
 2 
 7 
 2 
 5 
 7 
 3 
 5 
 8 
 5 
 8 
 6 
 6 
 2 
 3 
 7 
 5 
 8 
 10 
 9 
 5 
 4 
 7 
 1 
 6 
 10 
 4 
 7 
 3 
 6 
 2 
 8 
 6 
 3 
 6 
 2 
 6 
 7 
 6 
 5 
 6 
 1 
 8 
 8 
 8 
 6 
 11 
 1 
 9 
 2 
 4 
 4 
 6 
 3 
 6 
 7 
 4 
 6 
 4 
 9 
 3 
 8 
 6 
 3 
 12 
 2 
 5 
 6 
 5 
 6 
 10 
 5 
 4 
 3 
 8 
 5 
 5 
 2 
 3 
 6 
 6 
 8 
 8 
 4 
 8 
 4 
 8 
 3 
 3 
 4 
 10 
 5 
 7 
 0 
 5 
 5 
 1 
 4 
 5 
 7 
 4 
 5 
 5 
 6 
 1 
 8 
 9 
 4 
 5 
 6 
 7 
 2 
 2 
 5 
 5 
 12 
 8 
 11 
 7 
 2 
 7 
 6 
 10 
 3 
 6 
 6 
 4 
 12 
 6 
 5 
 2 
 4 
 7 
 9 
 7 
 8 
 4 
 7 
 6 
 4 
 6 
 7 
 8 
 6 
 3 
 6 
 6 
 2 
 4 
 1 
 9 
 8 
 5 
 6 
 5 
 5 
 2 
 5 
 3 
 5 
 7 
 5 
 5 
 5 
 5 
 4 
 7 
 1 
 5 
 5 
 4 
 6 
 4 
 5 
 1 
 5 
 2 
 7 
 6 
 7 
 4 
 4 
 2 
 5 
 4 
 4 
 3 
 6 
 4 
 4 
 4 
 4 
 6 
 2 
 3 
 6 
 4 
 5 
 2 
 4 
 6 
 2 
 0 
 2 
 4 
 4 
 3 
 0 
 0 
 6 
 3 
 8 
 4 
 3 
 4 
 4 
 2 
 2 
 0 
 3 
 3 
 2 
 1 
 6 
 2 
 6 
 2 
 3 
 4 
 3 
 7 
 5 
 3 
 4 
 3 
 1 
 5 
 6 
 0 
 3 
 2 
 1 
 2 
 2 
 2 
 5 
 2 
 0 
 1 
 1 
 2 
 2 
 1 
 2 
 2 
 1 
 0 
 2 
 4 
 1 
 0 
 2 
 3 
 1 
 4 
 2 
 5 
 1 
 0 
 1 
 3 
 1 
 5 
 2 
 4 
 2 
 7 
 3 
 4 
 2 
 2 
 1 
 5 
 2 
 3 
 4 
 2 
 2 
 3 
 1 
 2 
 3 
 1 
 0 
 2 
 2 
 2 
 3 
 1 
 3 
 1 
 3 
 6 
 2 
 2 
 2 
 2 
 3 
 2 
 1 
 1 
 3 
 1 
 3 
 0 
 2 
 1 
 0 
 4 
 1 
 3 
 2 
 3 
 5 
 1 
 4 
 2 
 2 
 6 
 4 
 4 
 3 
 3 
 3 
 3 
 2 
 3 
 2 
 5 
 2 
 3 
 3 
 2 
 3 
 1 
 5 
 5 
 1 
 1 
 3 
 3 
 4 
 5 
 4 
 2 
 0 
 2 
 4 
 1 
 2 
 3 
 7 
 1 
 3 
 4 
 3 
 3 
 0 
 2 
 3 
 1 
 8 
 6 
 5 
 2 
 4 
 2 
 2 
 3 
 2 
 3 
 2 
 4 
 5 
 6 
 2 
 2 
 5 
 4 
 5 
 8 
 6 
 5 
 4 
 6 
 6 
 4 
 6 
 5 
 3 
 3 
 3 
 5 
 7 
 7 
 6 
 9 
 6 
 8 
 11 
 6 
 12 
 8 
 12 
 6 
 4 
 10 
 14 
 11 
 10 
 14 
 6 
 4 
 6 
 9 
 10 
 12 
 7 
 8 
 13 
 8 
 10 
 13 
 7 
 6 
 11 
 12 
 12 
 8 
 13 
 9 
 15 
 4 
 8 
 14 
 8 
 10 
 9 
 15 
 15 
 3 
 9 
 8 
 8 
 10 
 6 
 8 
 6 
 4 
 11 
 11 
 5 
 12 
 7 
 10 
 7 
 10 
 5 
 7 
 10 
 6 
 7 
 7 
 5 
 6 
 9 
 9 
 3 
 5 
 1 
 5 
 4 
 4 
 2 
 0 
 7 
 4 
 5 
 0 
 2 
 6 
 2 
 2 
 1 
 2 
 2 
 3 
 5 
 3 
 5 
 1 
 3 
 2 
 1 
 3 
 4 
 2 
 0 
 0 
 1 
 1 
 4 
 2 
 1 
 2 
 0 
 4 
 1 
 3 
 3 
 1 
 1 
 0 
 0 
 2 
 1 
 1 
 0 
 1 
 1 
 0 
 2 
 0 
 2 
 0 
 0 
 1 
 0 
 2 
 1 
 1 
 0 
 0 
 0 
 0 
 0 
 1 
 1 
 0 
 0 
 0 
 0 
 0 
 0 
 0 
 0 
 0 
 1 
 0 
 0 
 0 
 1 
 0 
 1 
 0 
 0 
 0 
 0 
 0 
 0 
 0 
 1 
 0 
 0 
 1 
 0 
 0 
 1 
 2 
 0 
 0 
 0 
 0 
 0 
 1 
 1 
 0 
 1 
 0 
 0 
 0 
 1 
 0 
 1 
 0 
 0 
 0 
 0 
 0 
 0 
 1 
 0 
 1 
 0 
 0 
 0 
 1 
 0 
 0 
 0 
 1 
 0 
 0 
 0 
 1 
 0 
 0 
 0 
 0 
 1 
 0 
 0 
 0 
 0 
 0 
 0 
 1 
 0 
 1 
 1 
 0 
 0 
 0 
 0 
 0 
 0 
 0 
 0 
 1 
 1 
 1 
 0 
 0 
 1 
 2 
 0 
 0 
 0 
 0 
 0 
 0 
 1 
 1 
 0 
 0 
 0 
 0 
 1 
 0 
 1 
 0 
 1 
 0 
 0 
 0 
 0 
 1 
 0 
 0 
 1 
 0 
 0 
 0 
 0 
 0 
 0 
 0 
 1 
 0 
 0 
 0 
 0 
 0 
 1 
 0 
 1 
 1 
 1 
 0 
 0 
 0 
 0 
 0 
 0 
 0 
 0 
 1 
 0 
 0 
 0 
 0 
 0 
 0 
 0 
 0 
 0 
 0 
 0 
 0 
 0 
 0 
 1 
 1 
 0 
 0 
 0 
 1 
 0 
 0 
 0 
 0 
 0 
 0 
 0 
 0 
 0 
 0 
 1 
 0 
 0 
 0 
 0 
 0 
 0 
 0 
 0 
 0 
 0 
 0 
 0 
 0 
 0 
 0 
 0 
 0 
 0 
 0 
 0 
 1 
 0 
 0 
 0 
 0 
 0 
 0 
 0 
 0 
 0 
 0 
 0 
 0 
 0 
 0 
 0 
 0 
 0 
 0 
 0 
 0 
 0 
 0 
 0 
 0 
 0 
 0 
 1 
 0 
 0 
 0 
 0 
 0 
 0 
 0 
 0 
 0 
 0 
 0 
 0 
 0 
 0 
 0 
 0 
 1 
 0 
 0 
 0 
 0 
 0 
 0 
 0 
 0 
 0 
 0 
 0 
 0 
 0 
 0 
 0 
 0 
 0 
 0 
 0 
 0 
 0 
 0 
 0 
 0 
 0 
 0 
 0 
 0 
 0 
 0 
 0 
 0 
 0 
 0 
 0 
 0 
 0 
 0 
 1 
 0 
 0 
 0 
 0 
 0 
 0 
 0 
 0 
 0 
 0 
 1 
 0 
 0 
 0 
 0 
 0 
 0 
 0 
 0 
 0 
 0 
 0 
 0 
 0 
 0 
 0 
 1 
 0 
 0 
 0 
 0 
 0 
 0 
 0 
 0 
 0 
 0 
 0 
 0 
 0 
 0 
 0 
 0 
 0 
 0 
 0 
 0 
 0 
 0 
 0 
 0 
 0 
 0 
 0 
 0 
 1 
 0 
 0 
 0 
 0 
 0 
 0 
 0 
 0 
 0 
 0 
 0 
 0 
 0 
 0 
 0 
 0 
 0 
 0 
 0 
 0 
 0 
 0 
 0 
 0 
 0 
 0 
 0 
 0 
 0 
 0 
 0 
 0 
 0 
 0 
 0 
 0 
 0 
 1 
 0 
 0 
 0 
 0 
 0 
 0 
 0 
 0 
 0 
 0 
 0 
 0 
 0 
 0 
 0 
 0 
 0 
 0 
 0 
 0 
 0 
 0 
 0 
 0 
 0 
 0 
 0 
 0 
 0 
 0 
 0 
 1 
 0 
 0 
 0 
 0 
 0 
 0 
 0 
 0 
 0 
 0 
 0 
 0 
 0 
 0 
 0 
 0 
 0 
 0 
 0 
 0 
 0 
 0 
 0 
 0 
 1 
 0 
 0 
 0 
 0 
 0 
 0 
 0 
 0 
 0 
 0 
 0 
 0 
 0 
 0 
 0 
 0 
 0 
 0 
 0 
 0 
 0 
 0 
 1 
 0 
 0 
 0 
 0 
 0 
 0 
 0 
 0 
 1 
 0 
 0 
 0 
 0 
 0 
 0 
 0 
 0 
 1 
 0 
 0 
 0 
 0 
 0 
 0 
 0 
 0 
 0 
 0 
 0 
 0 
 0 
 0 
 0 
 0 
 0 
 0 
 0 
 0 
 0 
 0 
 0 
 0 
 0 
 0 
 0 
 0 
 0 
 0 
 0 
 0 
 0 
 0 
 0 
 0 
 0 
 0 
 0 
 0 
 0 
 0 
 0 
 0 
 0 
 0 
 0 
 0 
 0 
 0 
 0 
 0 
 0 
 0 
 0 
 0 
 0 
 0 
 0 
 0 
 0 
 0 
 0 
 0 
 0 
 0 
 0 
 0 
 0 
 0 
 0 
 0 
 0 
 0 
 0 
 0 
 0 
 0 
 0 
 0 
 0 
 0 
 0 
 0 
 0 
 0 
 0 
 0 
 0 
 0 
 0 
 0 
 0 
 0 
 0 
 0 
 0 
 0 
 0 
 0 
 0 
 1 
 0 
 0 
 0 
 0 
 0 
 0 
 0 
 0 
 0 
 0 
 0 
 0 
 0 
 0 
 0 
 0 
 0 
 0 
 0 
 0 
 0 
 0 
 0 
 0 
 0 
 0 
 0 
 0 
 0 
 0 
 0 
 0 
 0 
 0 
 0 
 0 
 0 
 0 
 0 
 0 
 0 
 0 
 0 
 0 
 0 
 0 
 0 
 0 
 0 
 0 
 0 
 0 
 0 
 0 
 0 
 0 
 0 
 0 
 0 
 0 
 0 
 0 
 0 
 0 
 0 
 0 
 0 
 0 
 0 
 0 
 0 
 0 
 0 
 0 
 0 
 0 
 0 
 0 
 0 
 0 
 0 
 0 
 0 
 0 
 0 
 0 
 0 
 0 
 0 
 0 
 0 
 0 
 0 
 0 
 1 
 0 
 0 
 0 
 0 
 0 
 0 
 0 
 0 
 0 
 0 
 0 
 0 
 0 
 0 
 0 
 0 
 0 
 0 
 0 
 0 
 0 
 0 
 0 
 0 
 0 
 0 
 0 
 0 
 0 
 0 
 0 
 1 
 0 
 0 
 0 
 0 
 0 
 0 
 0 
 0 
 0 
 0 
 0 
 0 
 0 
 0 
 0 
 0 
 0 
 0 
 0 
 0 
 0 
 0 
 0 
 0 
 0 
 0 
 0 
 0 
 0 
 0 
 0 
 0 
 0 
 0 
 0 
 0 
 0 
 0 
 0 
 0 
 0 
 0 
 0 
 0 
 0 
 0 
 0 
 0 
 0 
 0 
 0 
 1 
 0 
 0 
 0 
 0 
 0 
 0 
 0 
 0 
 0 
 0 
 0 
 0 
 0 
 0 
 0 
 0 
 0 
 0 
 0 
 0 
 0 
 0 
 0 
 0 
 0 
 0 
 0 
 0 
 0 
 0 
 0 
 0 
 0 
 0 
 0 
 0 
 0 
 1 
 0 
 0 
 0 
 0 
 0 
 0 
 0 
 0 
 0 
 0 
 0 
 0 
 0 
 0 
 0 
 0 
 0 
 0 
 0 
 1 
 0 
 0 
 0 
 0 
 0 
 0 
 0 
 0 
 0 
 0 
 0 
 0 
 0 
 1 
 0 
 0 
 0 
 0 
 0 
 0 
 0 
 0 
 0 
 0 
 0 
 0 
 0 
 0 
 0 
 0 
 0 
 0 
 0 
 0 
 0 
 0 
 0 
 0 
 0 
 0 
 0 
 0 
 0 
 0 
 0 
 0 
 0 
 0 
 0 
 0 
 1 
 0 
 0 
 0 
 0 
 0 
 0 
 0 
 0 
 0 
 0 
 0 
 0 
 0 
 0 
 0 
 0 
 0 
 0 
 0 
 0 
 0 
 0 
 0 
 0 
 0 
 0 
 0 
 0 
 0 
 0 
 0 
 0 
 0 
 0 
 0 
 0 
 0 
 0 
 0 
 0 
 0 
 0 
 0 
 0 
 0 
 0 
 0 
 0 
 0 
 0 
 0 
 0 
 0 
 0 
 0 
 0 
 0 
 0 
 0 
 0 
 0 
 0 
 0 
 0 
 0 
 0 
 0 
 0 
 0 
 0 
 0 
 0 
 0 
 0 
 0 
 1 
 0 
 0 
 0 
 1 
 0 
 0 
 0 
 0 
 0 
 0 
 0 
 0 
 0 
 0 
 0 
 0 
 0 
 0 
 0 
 0 
 0 
 0 
 0 
 0 
 0 
 0 
 0 
 0 
 0 
 0 
 0 
 0 
 0 
 0 
 0 
 0 
 0 
 0 
 0 
 0 
 0 
 0 
 0 
 0 
 0 
 0 
 0 
 0 
 0 
 0 
 0 
 0 
 0 
 0 
 0 
 0 
 0 
 0 
 0 
 0 
 0 
 0 
 0 
 0 
 0 
 0 
 0 
 1 
 0 
 0 
 0 
 1 
 0 
 0 
 0 
 0 
 0 
 0 
 0 
 0 
 0 
 0 
 0 
 0 
 0 
 0 
 0 
 0 
 0 
 0 
 0 
 0 
 0 
 0 
 0 
 0 
 0 
 0 
 0 
 0 
 0 
 0 
 0 
 0 
 0 
 0 
 0 
 0 
 0 
 0 
 0 
 0 
 0 
 0 
 0 
 1 
 0 
 0 
 0 
 0 
 0 
 0 
 0 
 0 
 0 
 0 
 0 
 0 
 0 
 0 
 0 
 0 
 0 
 0 
 0 
 0 
 0 
 0 
 0 
 0 
 0 
 0 
 0 
 0 
 0 
 0 
 0 
 0 
 0 
 0 
 0 
 0 
 0 
 0 
 0 
 0 
 0 
 0 
 0 
 0 
 0 
 0 
 0 
 0 
 0 
 0 
 0 
 0 
 0 
 0 
 0 
 0 
 0 
 0 
 0 
 0 
 0 
 1 
 0 
 0 
 0 
 0 
 0 
 0 
 0 
 0 
 0 
 0 
 0 
 0 
 0 
 0 
 0 
 0 
 0 
 0 
 0 
 0 
 0 
 0 
 0 
 1 
 0 
 0 
 0 
 0 
 0 
 0 
 0 
 0 
 0 
 1 
 0 
 0 
 0 
 0 
 0 
 0 
 0 
 0 
 0 
 0 
 0 
 0 
 0 
 0 
 0 
 0 
 0 
 0 
 0 
 0 
 0 
 0 
 0 
 0 
 0 
 0 
 0 
 0 
 0 
 0 
 0 
 0 
 0 
 0 
 0 
 0 
 0 
 0 
 0 
 0 
 0 
 0 
 0 
 0 
 0 
 0 
 1 
 0 
 0 
 0 
 0 
 0 
 0 
 0 
 0 
 0 
 0 
 0 
 0 
 0 
 0 
 0 
 0 
 0 
 0 
 0 
 0 
 0 
 0 
 0 
 0 
 0 
 0 
 0 
 0 
 0 
 0 
 0 
 0 
 0 
 0 
 0 
 0 
 0 
 0 
 0 
 0 
 0 
 0 
 0 
 0 
 0 
 0 
 0 
 0 
 0 
 0 
 0 
 0 
 0 
 0 
 0 
 0 
 0 
 0 
 0 
 0 
 0 
 0 
 0 
 0 
 0 
 0 
 0 
 0 
 0 
 0 
 0 
 0 
 1 
 0 
 0 
 0 
 0 
 0 
 0 
 0 
 0 
 0 
 0 
 0 
 0 
 0 
 0 
 0 
 0 
 0 
 0 
 0 
 0 
 0 
 0 
 0 
 0 
 0 
 0 
 0 
 0 
 0 
 0 
 0 
 0 
 0 
 0 
 0 
 0 
 0 
 0 
 0 
 0 
 0 
 0 
 0 
 0 
 0 
 0 
 0 
 0 
 0 
 0 
 0 
 0 
 0 
 0 
 0 
 0 
 0 
 0 
 0 
 0 
 0 
 0 
 0 
 0 
 0 
 0 
 0 
 0 
 0 
 0 
 0 
 0 
 0 
 0 
 0 
 0 
 0 
 0 
 0 
 0 
 0 
 0 
 0 
 0 
 0 
 0 
 0 
 0 
 0 
 0 
 0 
 0 
 0 
 0 
 0 
 0 
 0 
 0 
 0 
 0 
 0 
 0 
 0 
 0 
 0 
 0 
 0 
 0 
 0 
 0 
 0 
 0 
 0 
 0 
 0 
 0 
 0 
 0 
 0 
 0 
 0 
 0 
 0 
 0 
 0 
 0 
 0 
 0 
 0 
 0 
 0 
 0 
 0 
 0 
 0 
 0 
 0 
 0 
 0 
 0 
 0 
 0 
 0 
 0 
 0 
 0 
 0 
 0 
 0 
 0 
 0 
 0 
 0 
 0 
 0 
 0 
 0 
 0 
 0 
 0 
 0 
 0 
 0 
 0 
 0 
 0 
 0 
 0 
 0 
 0 
 0 
 0 
 0 
 0 
 0 
 0 
 0 
 0 
 0 
 0 
 0 
 0 
 0 
 0 
 0 
 0 
 0 
 0 
 0 
 0 
 0 
 0 
 0 
 1 
 0 
 0 
 1 
 0 
 0 
 0 
 0 
 0 
 0 
 0 
 0 
 0 
 0 
 0 
 0 
 0 
 0 
 0 
 0 
 0 
 0 
 0 
 0 
 0 
 0 
 0 
 0 
 0 
 0 
 0 
 0 
 0 
 0 
 0 
 0 
 0 
 0 
 0 
 0 
 0 
 0 
 0 
 0 
 0 
 0 
 0 
 0 
 0 
 0 
 0 
 0 
 0 
 0 
 0 
 0 
 0 
 0 
 0 
 0 
 0 
 0 
 0 
 0 
 0 
 0 
 0 
 0 
 0 
 0 
 0 
 0 
 0 
 0 
 0 
 0 
 0 
 0 
 0 
 0 
 0 
 0 
 1 
 0 
 0 
 0 
 0 
 0 
 0 
 0 
 0 
 0 
 0 
 0 
 0 
 0 
 0 
 0 
 0 
 0 
 0 
 0 
 0 
 0 
 0 
 0 
 0 
 0 
 0 
 0 
 0 
 0 
 0 
 0 
 0 
 0 
 0 
 0 
 0 
 0 
 0 
 0 
 0 
 0 
 0 
 0 
 0 
 0 
 0 
 0 
 0 
 0 
 0 
 0 
 0 
 0 
 0 
 0 
 0 
 0 
 0 
 0 
 0 
 0 
 0 
 0 
 0 
 0 
 0 
 0 
 0 
 0 
 0 
 0 
 0 
 0 
 0 
 0 
 0 
 0 
 0 
 0 
 0 
 0 
 0 
 0 
 0 
 0 
 0 
 0 
 0 
 0 
 0 
 0 
 0 
 0 
 0 
 0 
 0 
 0 
 0 
 0 
 0 
 0 
 0 
 0 
 0 
 0 
 0 
 0 
 0 
 0 
 0 
 0 
 0 
 0 
 0 
 0 
 0 
 0 
 0 
 0 
 0 
 0 
 0 
 0 
 0 
 0 
 0 
 0 
 0 
 0 
 0 
 0 
 0 
 0 
 0 
 0 
 0 
 0 
 0 
 0 
 0 
 0 
 0 
 0 
 0 
 0 
 0 
 0 
 0 
 0 
 0 
 0 
 0 
 0 
 0 
 0 
 0 
 0 
 0 
 0 
 0 
 0 
 0 
 0 
 0 
 0 
 0 
 0 
 0 
 0 
 0 
 0 
 0 
 0 
 0 
 0 
 0 
 0 
 0 
 0 
 0 
 0 
 0 
 0 
 0 
 0 
 0 
 0 
 0 
 0 
 0 
 0 
 0 
 0 
 0 
 0 
 0 
 0 
 0 
 0 
 0 
 0 
 0 
 0 
 0 
 0 
 0 
 0 
 0 
 0 
 0 
 0 
 0 
 0 
 0 
 0 
 0 
 0 
 1 
 0 
 0 
 0 
 0 
 0 
 0 
 0 
 0 
 0 
 0 
 0 
 0 
 0 
 0 
 0 
 0 
 0 
 0 
 0 
 0 
 0 
 0 
 0 
 0 
 0 
 0 
 0 
 0 
 0 
 0 
 0 
 0 
 0 
 0 
 0 
 0 
 0 
 0 
 0 
 0 
 0 
 0 
 0 
 0 
 0 
 0 
 0 
 0 
 0 
 0 
 0 
 0 
 0 
 0 
 0 
 0 
 0 
 0 
 0 
 0 
 0 
 0 
 0 
 0 
 0 
 0 
 0 
 0 
 0 
 0 
 0 
 0 
 0 
 0 
 0 
 0 
 0 
 0 
 0 
 0 
 0 
 0 
 0 
 0 
 0 
 0 
 0 
 0 
 0 
 0 
 0 
 0 
 0 
 0 
 0 
 0 
 0 
 0 
 0 
 0 
 0 
 0 
 0 
 0 
 0 
 0 
 0 
 0 
 0 
 0 
 0 
 0 
 0 
 0 
 0 
 0 
 0 
 0 
 0 
 0 
 0 
 0 
 0 
 0 
 0 
 0 
 0 
 0 
 0 
 0 
 0 
 0 
 0 
 0 
 0 
 0 
 0 
 0 
 0 
 0 
 0 
 0 
 0 
 0 
 0 
 0 
 0 
 0 
 0 
 0 
 0 
 0 
 0 
 0 
 0 
 0 
 0 
 0 
 0 
 0 
 0 
 0 
 0 
 0 
 0 
 0 
 0 
 0 
 0 
 0 
 0 
 0 
 0 
 0 
 0 
 0 
 0 
 0 
 0 
 0 
 0 
 0 
 0 
 0 
 0 
 0 
 0 
 0 
 0 
 0 
 0 
 0 
 0 
 0 
 0 
 0 
 0 
 0 
 0 
 0 
 0 
 0 
 0 
 0 
 0 
 0 
 0 
 0 
 0 
 0 
 0 
 0 
 0 
 0 
 0 
 0 
 0 
 0 
 0 
 0 
 0 
 0 
 0 
 0 
 0 
 0 
 0 
 0 
 0 
 0 
 0 
 0 
 0 
 0 
 0 
 0 
 0 
 0 
 0 
 0 
 0 
 0 
 0 
 0 
 0 
 0 
 0 
 0 
 0 
 0 
 0 
 0 
 0 
 0 
 0 
 0 
 0 
 0 
 0 
 0 
 0 
 0 
 0 
 0 
 0 
 0 
 0 
 0 
 0 
 0 
 0 
 0 
 0 
 0 
 0 
 0 
 0 
 0 
 0 
 0 
 0 
 0 
 0 
 0 
 0 
 0 
 0 
 0 
 0 
 0 
 0 
 0 
 0 
 0 
 0 
 0 
 0 
 0 
 0 
 0 
 0 
 0 
 0 
 0 
 0 
 0 
 0 
 0 
 0 
 0 
 0 
 0 
 0 
 0 
 0 
 0 
 0 
 0 
 0 
 0 
 0 
 0 
 0 
 0 
 0 
 0 
 0 
 0 
 0 
 0 
 0 
 0 
 0 
 0 
 1 
 0 
 0 
 0 
 0 
 0 
 0 
 0 
 0 
 0 
 0 
 0 
 0 
 0 
 0 
 0 
 0 
 0 
 0 
 0 
 0 
 0 
 0 
 0 
 0 
 0 
 0 
 0 
 0 
 0 
 0 
 0 
 0 
 0 
 0 
 0 
 0 
 0 
 0 
 0 
 0 
 0 
 0 
 0 
 0 
 0 
 0 
 0 
 0 
 0 
 0 
 0 
 0 
 0 
 0 
 0 
 0 
 0 
 0 
 0 
 0 
 0 
 0 
 0 
 0 
 0 
 0 
 0 
 0 
 0 
 0 
 0 
 0 
 0 
 0 
 0 
 0 
 0 
 0 
 0 
 0 
 0 
 0 
 0 
 0 
 0 
 0 
 0 
 0 
 0 
 0 
 0 
 0 
 0 
 0 
 0 
 0 
 0 
 0 
 0 
 0 
 0 
 0 
 0 
 0 
 0 
 0 
 0 
 0 
 0 
 0 
 0 
 0 
 0 
 0 
 0 
 0 
 0 
 0 
 0 
 0 
 0 
 0 
 0 
 0 
 0 
 0 
 0 
 0 
 0 
 0 
 0 
 0 
 0 
 0 
 0 
 0 
 0 
 0 
 0 
 0 
 0 
 0 
 0 
 0 
 0 
 0 
 0 
 0 
 0 
 0 
 0 
 0 
 0 
 0 
 0 
 0 
 0 
 0 
 0 
 0 
 0 
 0 
 0 
 0 
 0 
 0 
 0 
 0 
 0 
 0 
 0 
 0 
 0 
 0 
 0 
 0 
 0 
 0 
 0 
 0 
 0 
 0 
 0 
 0 
 0 
 0 
 0 
 0 
 0 
 0 
 0 
 0 
 0 
 0 
 0 
 0 
 0 
 0 
 0 
 0 
 0 
 0 
 0 
 0 
 0 
 0 
 0 
 0 
 0 
 0 
 0 
 0 
 1 
 0 
 0 
 0 
 0 
 0 
 0 
 0 
 0 
 0 
 0 
 0 
 0 
 0 
 0 
 0 
 0 
 0 
 0 
 0 
 0 
 0 
 0 
 0 
 0 
 0 
 0 
 0 
 0 
 0 
 0 
 0 
 0 
 0 
 0 
 0 
 0 
 0 
 0 
 0 
 0 
 0 
 0 
 0 
 0 
 0 
 0 
 0 
 0 
 0 
 0 
 0 
 0 
 0 
 0 
 1 
 0 
 0 
 0 
 0 
 0 
 0 
 0 
 0 
 0 
 0 
 0 
 0 
 0 
 0 
 0 
 0 
 0 
 0 
 0 
 0 
 0 
 0 
 0 
 0 
 0 
 0 
 0 
 0 
 0 
 0 
 0 
 0 
 0 
 0 
 0 
 0 
 0 
 0 
 0 
 0 
 0 
 0 
 0 
 0 
 0 
 0 
 0 
 0 
 0 
 0 
 0 
 0 
 0 
 0 
 0 
 0 
 0 
 0 
 0 
 0 
 0 
 0 
 0 
 0 
 0 
 0 
 0 
 0 
 0 
 0 
 0 
 0 
 0 
 0 
 0 
 0 
 0 
 0 
 0 
 0 
 0 
 0 
 0 
 0 
 0 
 0 
 0 
 0 
 0 
 0 
 0 
 0 
 0 
 0 
 0 
 0 
 0 
 0 
 0 
 0 
 0 
 0 
 0 
 0 
 0 
 0 
 0 
 0 
 0 
 0 
 0 
 0 
 0 
 0 
 0 
 0 
 0 
 0 
 0 
 0 
 0 
 0 
 0 
 0 
 0 
 0 
 0 
 0 
 0 
 0 
 0 
 0 
 0 
 0 
 0 
 0 
 0 
 0 
 0 
 0 
 0 
 0 
 0 
 0 
 0 
 0 
 0 
 0 
 0 
 0 
 0 
 0 
 0 
 0 
 0 
 0 
 0 
 0 
 0 
 0 
 0 
 0 
 0 
 0 
 0 
 0 
 0 
 0 
 0 
 0 
 0 
 0 
 0 
 0 
 0 
 0 
 0 
 0 
 0 
 0 
 0 
 0 
 0 
 0 
 0 
 0 
 0 
 0 
 0 
 0 
 0 
 0 
 0 
 0 
 0 
