 0 
 0 
 0 
 0 
 0 
 0 
 0 
 0 
 0 
 0 
 0 
 0 
 0 
 0 
 0 
 0 
 0 
 0 
 0 
 0 
 0 
 0 
 1 
 0 
 0 
 3 
 0 
 3 
 2 
 2 
 8 
 6 
 8 
 9 
 15 
 15 
 16 
 26 
 23 
 28 
 17 
 37 
 41 
 35 
 44 
 38 
 32 
 46 
 45 
 38 
 33 
 51 
 35 
 53 
 56 
 50 
 60 
 55 
 56 
 43 
 63 
 51 
 56 
 57 
 60 
 56 
 58 
 45 
 44 
 53 
 54 
 55 
 57 
 65 
 67 
 65 
 56 
 57 
 68 
 76 
 63 
 79 
 91 
 92 
 87 
 83 
 115 
 107 
 136 
 143 
 126 
 159 
 178 
 147 
 163 
 171 
 188 
 176 
 152 
 159 
 172 
 149 
 165 
 145 
 138 
 144 
 119 
 119 
 123 
 135 
 111 
 118 
 94 
 98 
 103 
 78 
 80 
 89 
 74 
 60 
 76 
 72 
 81 
 73 
 81 
 79 
 75 
 83 
 81 
 80 
 69 
 72 
 69 
 74 
 68 
 88 
 74 
 86 
 79 
 81 
 69 
 81 
 84 
 77 
 71 
 72 
 85 
 90 
 82 
 88 
 88 
 84 
 73 
 83 
 98 
 84 
 78 
 93 
 78 
 79 
 86 
 93 
 88 
 74 
 93 
 81 
 92 
 81 
 104 
 89 
 100 
 91 
 79 
 78 
 91 
 68 
 84 
 77 
 97 
 77 
 83 
 70 
 97 
 74 
 85 
 82 
 79 
 90 
 90 
 86 
 87 
 77 
 101 
 90 
 81 
 86 
 75 
 84 
 78 
 87 
 82 
 110 
 98 
 105 
 93 
 107 
 103 
 85 
 120 
 101 
 96 
 77 
 98 
 105 
 97 
 120 
 99 
 96 
 105 
 111 
 105 
 82 
 102 
 94 
 94 
 74 
 90 
 78 
 85 
 97 
 89 
 76 
 84 
 84 
 87 
 77 
 81 
 79 
 85 
 72 
 86 
 80 
 99 
 80 
 83 
 65 
 89 
 89 
 79 
 80 
 74 
 89 
 77 
 75 
 82 
 79 
 65 
 67 
 71 
 74 
 69 
 64 
 69 
 66 
 66 
 68 
 54 
 70 
 80 
 83 
 62 
 66 
 84 
 63 
 65 
 66 
 59 
 68 
 55 
 76 
 64 
 53 
 59 
 67 
 62 
 72 
 56 
 52 
 60 
 54 
 56 
 61 
 53 
 57 
 56 
 46 
 52 
 35 
 47 
 48 
 42 
 46 
 44 
 57 
 45 
 47 
 36 
 41 
 46 
 46 
 44 
 38 
 40 
 39 
 37 
 41 
 36 
 38 
 45 
 43 
 41 
 34 
 25 
 42 
 37 
 40 
 40 
 37 
 38 
 23 
 32 
 34 
 33 
 27 
 38 
 36 
 32 
 31 
 38 
 38 
 43 
 42 
 41 
 33 
 39 
 40 
 35 
 29 
 25 
 35 
 21 
 38 
 34 
 25 
 30 
 34 
 29 
 31 
 21 
 26 
 30 
 27 
 28 
 28 
 37 
 23 
 24 
 29 
 29 
 26 
 25 
 25 
 28 
 37 
 29 
 27 
 24 
 27 
 31 
 31 
 35 
 22 
 24 
 25 
 29 
 25 
 37 
 25 
 26 
 29 
 27 
 27 
 31 
 19 
 28 
 26 
 24 
 32 
 24 
 29 
 26 
 27 
 28 
 17 
 27 
 28 
 20 
 20 
 26 
 27 
 10 
 23 
 30 
 14 
 20 
 24 
 22 
 16 
 26 
 16 
 26 
 26 
 15 
 10 
 17 
 19 
 14 
 22 
 22 
 30 
 23 
 18 
 19 
 24 
 16 
 20 
 18 
 24 
 17 
 18 
 26 
 18 
 18 
 24 
 19 
 15 
 22 
 24 
 16 
 17 
 21 
 18 
 18 
 20 
 13 
 13 
 14 
 7 
 13 
 15 
 20 
 21 
 16 
 21 
 19 
 21 
 10 
 11 
 23 
 20 
 24 
 21 
 20 
 14 
 18 
 20 
 14 
 16 
 18 
 19 
 21 
 13 
 18 
 25 
 18 
 17 
 13 
 15 
 20 
 19 
 19 
 19 
 10 
 12 
 16 
 19 
 16 
 19 
 21 
 12 
 19 
 17 
 18 
 24 
 21 
 23 
 23 
 12 
 14 
 18 
 13 
 20 
 24 
 13 
 22 
 20 
 15 
 25 
 12 
 20 
 19 
 18 
 23 
 17 
 19 
 10 
 21 
 22 
 17 
 21 
 17 
 14 
 18 
 15 
 22 
 15 
 28 
 10 
 10 
 22 
 17 
 18 
 17 
 23 
 16 
 27 
 17 
 25 
 20 
 25 
 18 
 24 
 18 
 21 
 14 
 13 
 28 
 26 
 22 
 27 
 24 
 14 
 38 
 20 
 22 
 33 
 24 
 38 
 26 
 31 
 26 
 40 
 32 
 27 
 25 
 31 
 28 
 28 
 26 
 43 
 36 
 27 
 26 
 41 
 36 
 26 
 20 
 34 
 37 
 33 
 36 
 27 
 25 
 28 
 20 
 35 
 22 
 19 
 26 
 29 
 20 
 26 
 22 
 23 
 12 
 22 
 25 
 19 
 16 
 26 
 19 
 13 
 11 
 11 
 11 
 8 
 12 
 11 
 15 
 10 
 7 
 11 
 11 
 11 
 7 
 10 
 12 
 6 
 6 
 9 
 8 
 5 
 4 
 8 
 2 
 7 
 9 
 8 
 11 
 6 
 4 
 6 
 2 
 8 
 8 
 2 
 6 
 9 
 9 
 11 
 12 
 7 
 8 
 5 
 4 
 5 
 6 
 9 
 8 
 8 
 4 
 7 
 5 
 7 
 8 
 9 
 5 
 4 
 3 
 4 
 6 
 8 
 9 
 10 
 6 
 12 
 11 
 2 
 7 
 5 
 6 
 8 
 5 
 7 
 2 
 7 
 5 
 6 
 8 
 7 
 4 
 8 
 8 
 2 
 7 
 6 
 2 
 1 
 6 
 7 
 9 
 2 
 6 
 7 
 6 
 8 
 7 
 4 
 6 
 5 
 10 
 10 
 6 
 4 
 10 
 4 
 8 
 9 
 5 
 11 
 6 
 6 
 9 
 5 
 8 
 4 
 4 
 2 
 7 
 2 
 4 
 3 
 3 
 5 
 9 
 4 
 7 
 7 
 2 
 9 
 9 
 6 
 5 
 6 
 1 
 5 
 6 
 9 
 4 
 7 
 6 
 4 
 8 
 2 
 8 
 7 
 6 
 7 
 7 
 5 
 3 
 8 
 5 
 10 
 11 
 4 
 8 
 3 
 5 
 6 
 6 
 7 
 6 
 8 
 2 
 2 
 4 
 6 
 3 
 2 
 6 
 7 
 5 
 9 
 6 
 4 
 2 
 4 
 5 
 2 
 2 
 5 
 6 
 2 
 10 
 4 
 6 
 3 
 6 
 7 
 9 
 3 
 6 
 1 
 6 
 5 
 8 
 7 
 7 
 3 
 7 
 9 
 8 
 3 
 6 
 7 
 4 
 10 
 2 
 4 
 6 
 3 
 5 
 5 
 4 
 9 
 5 
 1 
 7 
 5 
 8 
 2 
 5 
 2 
 5 
 4 
 2 
 3 
 2 
 2 
 2 
 2 
 6 
 9 
 5 
 4 
 7 
 6 
 5 
 2 
 1 
 6 
 10 
 11 
 3 
 6 
 4 
 7 
 4 
 9 
 1 
 3 
 7 
 8 
 7 
 3 
 6 
 4 
 7 
 3 
 7 
 3 
 4 
 6 
 5 
 7 
 4 
 4 
 8 
 8 
 4 
 1 
 4 
 3 
 6 
 6 
 4 
 7 
 4 
 9 
 4 
 5 
 10 
 3 
 6 
 4 
 5 
 2 
 4 
 8 
 5 
 5 
 2 
 2 
 7 
 2 
 8 
 2 
 4 
 3 
 9 
 8 
 8 
 4 
 5 
 5 
 6 
 6 
 4 
 8 
 12 
 4 
 6 
 4 
 3 
 4 
 3 
 5 
 5 
 2 
 4 
 6 
 6 
 4 
 4 
 2 
 6 
 6 
 4 
 1 
 1 
 1 
 5 
 3 
 5 
 4 
 5 
 5 
 4 
 2 
 3 
 6 
 3 
 2 
 4 
 5 
 6 
 11 
 4 
 6 
 9 
 9 
 6 
 7 
 5 
 5 
 8 
 10 
 5 
 4 
 3 
 4 
 14 
 5 
 8 
 6 
 5 
 2 
 7 
 3 
 2 
 5 
 2 
 5 
 5 
 8 
 4 
 3 
 6 
 4 
 4 
 9 
 4 
 4 
 5 
 11 
 4 
 9 
 6 
 8 
 5 
 5 
 4 
 5 
 5 
 9 
 5 
 7 
 8 
 3 
 6 
 4 
 6 
 4 
 5 
 5 
 5 
 8 
 5 
 3 
 7 
 7 
 3 
 6 
 6 
 4 
 2 
 2 
 2 
 7 
 7 
 5 
 4 
 5 
 7 
 4 
 6 
 4 
 3 
 9 
 5 
 2 
 3 
 5 
 7 
 5 
 3 
 6 
 5 
 5 
 4 
 6 
 4 
 10 
 12 
 6 
 8 
 3 
 2 
 7 
 8 
 3 
 4 
 9 
 7 
 5 
 5 
 1 
 9 
 4 
 5 
 4 
 3 
 7 
 10 
 2 
 5 
 1 
 7 
 2 
 8 
 5 
 6 
 0 
 3 
 7 
 5 
 1 
 2 
 5 
 1 
 2 
 1 
 5 
 3 
 5 
 2 
 5 
 7 
 6 
 4 
 1 
 8 
 3 
 4 
 4 
 6 
 5 
 2 
 9 
 10 
 3 
 2 
 7 
 7 
 8 
 3 
 3 
 7 
 7 
 1 
 0 
 7 
 7 
 1 
 9 
 3 
 2 
 2 
 6 
 7 
 4 
 6 
 2 
 6 
 6 
 4 
 4 
 7 
 2 
 5 
 6 
 5 
 5 
 3 
 7 
 3 
 4 
 3 
 6 
 1 
 0 
 3 
 2 
 4 
 6 
 3 
 2 
 9 
 3 
 5 
 2 
 4 
 6 
 5 
 3 
 8 
 3 
 3 
 1 
 3 
 3 
 5 
 5 
 4 
 8 
 1 
 6 
 3 
 2 
 2 
 2 
 3 
 2 
 2 
 3 
 5 
 5 
 2 
 5 
 2 
 2 
 6 
 2 
 6 
 5 
 2 
 4 
 7 
 4 
 2 
 1 
 4 
 0 
 2 
 3 
 2 
 3 
 3 
 2 
 2 
 5 
 1 
 1 
 4 
 1 
 2 
 1 
 2 
 0 
 0 
 5 
 3 
 3 
 6 
 2 
 2 
 3 
 1 
 1 
 0 
 2 
 2 
 4 
 5 
 1 
 5 
 1 
 2 
 3 
 1 
 1 
 0 
 2 
 1 
 1 
 5 
 4 
 2 
 1 
 3 
 1 
 0 
 3 
 2 
 1 
 0 
 2 
 1 
 0 
 3 
 1 
 6 
 2 
 1 
 0 
 2 
 1 
 0 
 2 
 2 
 3 
 2 
 2 
 1 
 4 
 1 
 2 
 0 
 1 
 0 
 1 
 1 
 2 
 2 
 1 
 3 
 1 
 3 
 2 
 3 
 2 
 5 
 0 
 5 
 3 
 3 
 2 
 1 
 3 
 2 
 3 
 2 
 1 
 1 
 2 
 1 
 1 
 2 
 1 
 0 
 2 
 2 
 3 
 0 
 1 
 1 
 4 
 3 
 0 
 2 
 1 
 2 
 1 
 0 
 1 
 3 
 2 
 5 
 4 
 1 
 2 
 2 
 3 
 2 
 2 
 0 
 4 
 0 
 1 
 3 
 5 
 4 
 2 
 4 
 1 
 0 
 0 
 5 
 2 
 1 
 1 
 1 
 2 
 2 
 3 
 5 
 4 
 2 
 1 
 7 
 3 
 1 
 3 
 3 
 7 
 3 
 4 
 2 
 3 
 4 
 3 
 4 
 3 
 5 
 4 
 5 
 4 
 11 
 2 
 8 
 3 
 7 
 8 
 11 
 2 
 9 
 5 
 8 
 6 
 9 
 5 
 6 
 7 
 11 
 1 
 8 
 10 
 6 
 10 
 7 
 6 
 10 
 4 
 9 
 8 
 7 
 9 
 10 
 5 
 11 
 12 
 6 
 6 
 10 
 13 
 10 
 7 
 9 
 13 
 14 
 7 
 10 
 9 
 10 
 10 
 10 
 6 
 7 
 9 
 12 
 8 
 9 
 16 
 4 
 10 
 14 
 6 
 4 
 7 
 9 
 5 
 6 
 10 
 5 
 9 
 10 
 4 
 7 
 7 
 6 
 3 
 10 
 6 
 8 
 4 
 3 
 3 
 4 
 5 
 5 
 2 
 1 
 3 
 3 
 3 
 1 
 4 
 6 
 5 
 3 
 0 
 1 
 2 
 5 
 2 
 5 
 4 
 1 
 4 
 0 
 2 
 3 
 1 
 6 
 0 
 1 
 2 
 1 
 2 
 0 
 3 
 0 
 3 
 2 
 2 
 3 
 2 
 3 
 3 
 1 
 1 
 1 
 1 
 3 
 2 
 0 
 0 
 1 
 1 
 0 
 3 
 1 
 1 
 1 
 1 
 0 
 1 
 1 
 0 
 2 
 1 
 2 
 1 
 1 
 1 
 0 
 0 
 1 
 0 
 0 
 2 
 0 
 1 
 0 
 0 
 0 
 0 
 0 
 0 
 1 
 0 
 1 
 0 
 0 
 0 
 0 
 0 
 0 
 0 
 0 
 0 
 0 
 0 
 0 
 0 
 1 
 0 
 2 
 0 
 0 
 0 
 0 
 0 
 0 
 2 
 0 
 0 
 0 
 1 
 0 
 0 
 0 
 0 
 0 
 0 
 0 
 0 
 0 
 0 
 0 
 1 
 0 
 0 
 0 
 0 
 0 
 0 
 1 
 0 
 2 
 1 
 0 
 0 
 0 
 0 
 1 
 1 
 1 
 0 
 1 
 0 
 0 
 1 
 0 
 1 
 0 
 2 
 0 
 0 
 0 
 0 
 0 
 0 
 0 
 0 
 0 
 0 
 0 
 1 
 0 
 0 
 0 
 1 
 0 
 0 
 0 
 0 
 1 
 1 
 0 
 0 
 2 
 1 
 0 
 0 
 0 
 0 
 0 
 1 
 1 
 0 
 0 
 0 
 1 
 0 
 1 
 0 
 0 
 0 
 0 
 1 
 0 
 0 
 1 
 0 
 1 
 0 
 0 
 0 
 0 
 0 
 0 
 0 
 1 
 0 
 1 
 0 
 0 
 0 
 0 
 1 
 1 
 0 
 0 
 0 
 0 
 0 
 0 
 0 
 0 
 0 
 0 
 0 
 0 
 0 
 0 
 1 
 0 
 0 
 0 
 0 
 0 
 0 
 0 
 0 
 1 
 0 
 0 
 0 
 1 
 0 
 0 
 0 
 0 
 0 
 0 
 0 
 0 
 0 
 1 
 0 
 1 
 0 
 0 
 0 
 0 
 0 
 0 
 0 
 0 
 0 
 1 
 0 
 0 
 0 
 0 
 0 
 0 
 0 
 0 
 0 
 0 
 0 
 0 
 1 
 0 
 0 
 0 
 0 
 0 
 0 
 0 
 0 
 0 
 0 
 0 
 0 
 0 
 0 
 0 
 0 
 0 
 0 
 1 
 0 
 0 
 0 
 0 
 1 
 0 
 0 
 0 
 0 
 0 
 0 
 0 
 0 
 0 
 0 
 0 
 0 
 0 
 0 
 0 
 0 
 0 
 0 
 0 
 0 
 0 
 0 
 0 
 1 
 0 
 0 
 0 
 0 
 0 
 0 
 0 
 0 
 0 
 0 
 0 
 0 
 0 
 0 
 0 
 0 
 0 
 0 
 0 
 1 
 0 
 0 
 0 
 0 
 0 
 0 
 0 
 0 
 0 
 2 
 0 
 0 
 0 
 0 
 0 
 0 
 0 
 0 
 0 
 0 
 0 
 0 
 0 
 0 
 1 
 0 
 0 
 1 
 0 
 0 
 0 
 0 
 0 
 0 
 0 
 0 
 1 
 0 
 1 
 0 
 0 
 0 
 0 
 0 
 0 
 0 
 0 
 0 
 0 
 1 
 0 
 0 
 0 
 0 
 0 
 0 
 0 
 0 
 0 
 0 
 0 
 1 
 0 
 0 
 0 
 0 
 0 
 0 
 0 
 0 
 0 
 0 
 0 
 0 
 0 
 0 
 0 
 0 
 0 
 0 
 0 
 0 
 0 
 0 
 0 
 1 
 0 
 0 
 0 
 0 
 0 
 0 
 0 
 0 
 0 
 0 
 0 
 0 
 0 
 0 
 0 
 0 
 0 
 0 
 0 
 0 
 0 
 0 
 0 
 0 
 0 
 0 
 0 
 0 
 0 
 0 
 0 
 0 
 0 
 0 
 0 
 0 
 0 
 0 
 0 
 0 
 0 
 0 
 0 
 0 
 0 
 0 
 0 
 0 
 0 
 0 
 0 
 0 
 0 
 0 
 0 
 0 
 0 
 2 
 0 
 0 
 1 
 0 
 0 
 1 
 0 
 0 
 0 
 0 
 0 
 0 
 0 
 0 
 0 
 0 
 0 
 0 
 0 
 0 
 0 
 1 
 0 
 0 
 0 
 0 
 0 
 0 
 0 
 0 
 0 
 0 
 0 
 0 
 0 
 0 
 0 
 0 
 0 
 0 
 0 
 0 
 0 
 2 
 0 
 0 
 0 
 0 
 0 
 0 
 0 
 0 
 0 
 0 
 1 
 0 
 0 
 0 
 0 
 0 
 0 
 0 
 0 
 1 
 0 
 0 
 0 
 0 
 1 
 0 
 0 
 0 
 0 
 0 
 0 
 0 
 0 
 0 
 0 
 0 
 0 
 1 
 0 
 0 
 0 
 0 
 0 
 0 
 0 
 0 
 0 
 0 
 0 
 0 
 0 
 0 
 0 
 1 
 0 
 0 
 0 
 0 
 0 
 0 
 0 
 0 
 0 
 0 
 0 
 0 
 0 
 0 
 0 
 0 
 0 
 0 
 0 
 0 
 0 
 0 
 0 
 0 
 1 
 0 
 0 
 0 
 0 
 0 
 0 
 0 
 0 
 0 
 0 
 0 
 0 
 0 
 0 
 0 
 0 
 0 
 0 
 0 
 0 
 0 
 0 
 0 
 0 
 0 
 0 
 0 
 0 
 0 
 0 
 0 
 0 
 0 
 0 
 1 
 0 
 0 
 0 
 0 
 0 
 0 
 0 
 0 
 0 
 0 
 0 
 0 
 0 
 0 
 0 
 0 
 0 
 0 
 0 
 0 
 0 
 0 
 1 
 0 
 0 
 0 
 0 
 0 
 0 
 1 
 0 
 0 
 0 
 0 
 0 
 0 
 0 
 0 
 0 
 0 
 0 
 0 
 0 
 0 
 0 
 0 
 0 
 0 
 0 
 0 
 0 
 0 
 0 
 0 
 0 
 0 
 0 
 0 
 0 
 0 
 0 
 0 
 0 
 0 
 0 
 0 
 0 
 0 
 0 
 0 
 0 
 0 
 0 
 0 
 0 
 0 
 0 
 0 
 0 
 0 
 0 
 0 
 0 
 0 
 0 
 0 
 0 
 0 
 0 
 0 
 0 
 0 
 0 
 0 
 0 
 0 
 0 
 0 
 0 
 1 
 0 
 0 
 0 
 0 
 0 
 0 
 0 
 0 
 0 
 0 
 0 
 0 
 0 
 0 
 0 
 0 
 0 
 0 
 0 
 0 
 0 
 0 
 0 
 0 
 0 
 0 
 0 
 0 
 0 
 0 
 0 
 1 
 0 
 0 
 0 
 0 
 0 
 0 
 0 
 0 
 0 
 0 
 0 
 0 
 0 
 0 
 0 
 0 
 0 
 0 
 0 
 0 
 0 
 0 
 0 
 0 
 0 
 0 
 0 
 0 
 0 
 0 
 0 
 0 
 0 
 0 
 0 
 0 
 0 
 0 
 0 
 0 
 0 
 0 
 0 
 0 
 0 
 0 
 0 
 0 
 0 
 0 
 0 
 0 
 0 
 0 
 0 
 0 
 0 
 0 
 0 
 0 
 0 
 0 
 0 
 0 
 0 
 0 
 0 
 0 
 0 
 0 
 0 
 0 
 0 
 0 
 0 
 1 
 0 
 0 
 0 
 0 
 0 
 0 
 0 
 0 
 0 
 0 
 0 
 0 
 0 
 0 
 0 
 0 
 0 
 0 
 1 
 0 
 0 
 0 
 0 
 0 
 0 
 0 
 0 
 0 
 0 
 0 
 0 
 0 
 0 
 0 
 1 
 0 
 0 
 0 
 0 
 0 
 0 
 0 
 0 
 0 
 0 
 0 
 0 
 0 
 0 
 0 
 0 
 0 
 0 
 0 
 0 
 0 
 0 
 0 
 0 
 0 
 0 
 0 
 0 
 0 
 0 
 0 
 0 
 0 
 0 
 0 
 0 
 0 
 0 
 0 
 0 
 0 
 0 
 0 
 0 
 2 
 0 
 0 
 0 
 0 
 0 
 0 
 0 
 0 
 0 
 0 
 0 
 0 
 0 
 0 
 0 
 0 
 0 
 0 
 0 
 0 
 0 
 0 
 0 
 0 
 0 
 0 
 0 
 0 
 0 
 0 
 0 
 0 
 0 
 0 
 0 
 0 
 0 
 0 
 0 
 0 
 0 
 0 
 0 
 0 
 0 
 0 
 0 
 0 
 0 
 0 
 0 
 0 
 0 
 0 
 0 
 0 
 0 
 0 
 0 
 0 
 0 
 0 
 0 
 0 
 0 
 0 
 0 
 0 
 0 
 0 
 0 
 0 
 0 
 0 
 0 
 0 
 0 
 0 
 0 
 0 
 0 
 0 
 0 
 0 
 0 
 0 
 0 
 0 
 0 
 0 
 0 
 0 
 0 
 0 
 0 
 0 
 0 
 0 
 0 
 0 
 0 
 0 
 0 
 0 
 0 
 0 
 0 
 0 
 0 
 0 
 0 
 0 
 0 
 1 
 0 
 0 
 0 
 0 
 0 
 0 
 0 
 0 
 0 
 0 
 0 
 0 
 0 
 0 
 0 
 0 
 1 
 0 
 0 
 0 
 0 
 0 
 0 
 0 
 0 
 0 
 0 
 0 
 0 
 0 
 0 
 1 
 0 
 0 
 0 
 0 
 0 
 0 
 0 
 0 
 0 
 0 
 1 
 0 
 0 
 0 
 0 
 0 
 0 
 0 
 0 
 0 
 1 
 0 
 0 
 0 
 0 
 0 
 1 
 0 
 0 
 0 
 0 
 0 
 0 
 0 
 0 
 0 
 0 
 0 
 0 
 0 
 0 
 0 
 0 
 0 
 0 
 0 
 0 
 0 
 0 
 0 
 0 
 0 
 0 
 0 
 0 
 0 
 0 
 0 
 0 
 0 
 0 
 0 
 0 
 0 
 0 
 0 
 0 
 0 
 0 
 0 
 0 
 0 
 0 
 0 
 0 
 1 
 0 
 0 
 0 
 0 
 0 
 0 
 0 
 0 
 0 
 0 
 0 
 0 
 0 
 0 
 0 
 0 
 0 
 0 
 0 
 0 
 1 
 0 
 0 
 0 
 0 
 0 
 0 
 0 
 0 
 0 
 0 
 0 
 0 
 0 
 0 
 0 
 0 
 0 
 0 
 0 
 0 
 0 
 0 
 0 
 0 
 0 
 0 
 0 
 0 
 0 
 0 
 0 
 0 
 0 
 0 
 0 
 0 
 0 
 0 
 0 
 0 
 0 
 0 
 0 
 0 
 0 
 0 
 0 
 0 
 0 
 0 
 0 
 0 
 0 
 0 
 0 
 0 
 0 
 0 
 0 
 0 
 0 
 0 
 0 
 0 
 0 
 0 
 0 
 0 
 0 
 0 
 0 
 0 
 0 
 0 
 0 
 0 
 0 
 0 
 0 
 0 
 0 
 0 
 0 
 0 
 0 
 0 
 0 
 0 
 0 
 0 
 0 
 0 
 0 
 0 
 0 
 0 
 0 
 0 
 0 
 0 
 0 
 0 
 0 
 0 
 0 
 0 
 0 
 0 
 0 
 0 
 0 
 0 
 0 
 0 
 0 
 0 
 0 
 0 
 0 
 0 
 0 
 0 
 0 
 0 
 0 
 0 
 0 
 0 
 0 
 0 
 0 
 0 
 0 
 0 
 0 
 0 
 0 
 0 
 0 
 0 
 0 
 0 
 1 
 0 
 0 
 0 
 0 
 0 
 0 
 0 
 0 
 0 
 0 
 0 
 0 
 0 
 0 
 0 
 0 
 0 
 0 
 0 
 0 
 0 
 0 
 0 
 0 
 0 
 0 
 0 
 0 
 0 
 0 
 0 
 0 
 0 
 0 
 0 
 0 
 0 
 1 
 0 
 0 
 0 
 0 
 0 
 0 
 0 
 0 
 0 
 0 
 1 
 0 
 0 
 0 
 0 
 0 
 0 
 0 
 0 
 0 
 0 
 0 
 0 
 0 
 0 
 0 
 0 
 0 
 0 
 0 
 1 
 0 
 0 
 0 
 0 
 0 
 0 
 0 
 0 
 0 
 1 
 0 
 0 
 0 
 0 
 0 
 0 
 0 
 0 
 0 
 0 
 1 
 0 
 0 
 0 
 0 
 0 
 0 
 0 
 0 
 0 
 0 
 0 
 0 
 0 
 0 
 0 
 0 
 0 
 0 
 0 
 0 
 0 
 0 
 0 
 0 
 0 
 0 
 0 
 0 
 0 
 0 
 0 
 0 
 0 
 0 
 0 
 0 
 0 
 0 
 0 
 0 
 0 
 0 
 0 
 0 
 0 
 0 
 0 
 0 
 0 
 0 
 0 
 0 
 0 
 0 
 0 
 1 
 0 
 0 
 1 
 0 
 0 
 0 
 0 
 0 
 0 
 0 
 0 
 0 
 0 
 0 
 0 
 0 
 1 
 0 
 0 
 0 
 0 
 0 
 0 
 0 
 0 
 0 
 0 
 0 
 0 
 0 
 0 
 0 
 0 
 0 
 0 
 0 
 0 
 0 
 0 
 0 
 0 
 0 
 0 
 0 
 0 
 0 
 0 
 0 
 0 
 0 
 0 
 0 
 0 
 0 
 0 
 0 
 0 
 0 
 0 
 0 
 0 
 0 
 0 
 0 
 0 
 0 
 0 
 0 
 0 
 0 
 0 
 0 
 0 
 0 
 0 
 0 
 0 
 0 
 0 
 0 
 0 
 0 
 0 
 0 
 0 
 0 
 0 
 0 
 0 
 0 
 0 
 0 
 0 
 0 
 0 
 0 
 0 
 0 
 0 
 0 
 0 
 0 
 0 
 0 
 0 
 0 
 0 
 0 
 0 
 0 
 0 
 0 
 0 
 0 
 0 
 0 
 0 
 0 
 0 
 0 
 0 
 0 
 0 
 0 
 0 
 0 
 0 
 0 
 0 
 0 
 0 
 0 
 0 
 0 
 0 
 0 
 0 
 0 
 0 
 0 
 0 
 0 
 0 
 0 
 0 
 0 
 0 
 0 
 0 
 0 
 0 
 0 
 0 
 0 
 0 
 0 
 0 
 0 
 0 
 0 
 0 
 0 
 0 
 0 
 0 
 0 
 0 
 0 
 0 
 0 
 0 
 0 
 0 
 0 
 0 
 0 
 0 
 0 
 0 
 0 
 0 
 0 
 0 
 0 
 0 
 0 
 0 
 0 
 0 
 0 
 0 
 0 
 1 
 0 
 0 
 0 
 0 
 0 
 0 
 0 
 0 
 0 
 0 
 0 
 0 
 0 
 0 
 0 
 0 
 0 
 0 
 0 
 0 
 0 
 0 
 0 
 0 
 0 
 0 
 0 
 0 
 0 
 0 
 0 
 0 
 0 
 0 
 0 
 0 
 0 
 0 
 0 
 0 
 0 
 0 
 0 
 0 
 0 
 0 
 0 
 0 
 0 
 0 
 0 
 0 
 0 
 0 
 0 
 0 
 0 
 0 
 0 
 0 
 0 
 0 
 0 
 0 
 0 
 0 
 0 
 0 
 0 
 0 
 0 
 0 
 0 
 0 
 0 
 0 
 0 
 0 
 0 
 0 
 0 
 0 
 0 
 0 
 0 
 0 
 0 
 0 
 0 
 0 
 0 
 0 
 0 
 0 
 0 
 0 
 0 
 0 
 0 
 0 
 0 
 0 
 0 
 0 
 0 
 0 
 0 
 0 
 0 
 0 
 0 
 0 
 0 
 0 
 0 
 0 
 0 
 0 
 0 
 0 
 0 
 0 
 0 
 0 
 0 
 0 
 0 
 0 
 0 
 0 
 0 
 0 
 0 
 0 
 0 
 0 
 0 
 0 
 0 
 0 
 0 
 0 
 0 
 0 
 0 
 0 
 0 
 0 
 0 
 0 
 0 
 0 
 0 
 0 
 0 
 0 
 0 
 0 
 0 
 0 
 0 
 0 
 0 
 0 
 0 
 0 
 0 
 0 
 0 
 0 
 0 
 0 
 0 
 0 
 0 
 0 
 0 
 0 
 0 
 0 
 0 
 0 
 0 
 0 
 0 
 0 
 0 
 0 
 0 
 0 
 0 
 0 
 0 
 0 
 0 
 0 
 0 
 0 
 0 
 0 
 0 
 0 
 0 
 0 
 0 
 0 
 0 
 0 
 0 
 0 
 0 
 0 
 0 
 0 
 0 
 0 
 0 
 0 
 0 
 0 
 0 
 0 
 0 
 0 
 0 
 0 
 0 
 0 
 0 
 0 
 0 
 0 
 0 
 0 
 0 
 0 
 0 
 0 
 0 
 0 
 0 
 0 
 0 
 0 
 0 
 0 
 0 
 0 
 0 
 0 
 0 
 0 
 0 
 0 
 0 
 0 
 0 
 0 
 0 
 0 
 0 
 0 
 0 
 0 
 0 
 0 
 0 
 0 
 0 
 0 
 0 
 0 
 0 
 0 
 0 
 0 
 0 
 0 
 0 
 0 
 0 
 0 
 0 
 0 
 0 
 0 
 0 
 0 
 0 
 0 
 0 
 0 
 0 
 0 
 0 
 0 
 0 
 0 
 0 
 0 
 0 
 0 
 0 
 0 
 0 
 0 
 0 
 0 
 0 
 0 
 0 
 0 
 0 
 0 
 0 
 0 
 0 
 0 
 0 
 0 
 0 
 0 
 0 
 0 
 0 
 0 
 0 
 0 
 0 
 0 
 0 
 0 
 0 
 0 
 0 
 0 
 0 
 0 
 0 
 0 
 0 
 0 
 0 
 0 
 0 
 0 
 0 
 0 
 0 
 0 
 0 
 0 
 0 
 0 
 0 
 0 
 0 
 0 
 0 
 0 
 0 
 0 
 0 
 0 
 0 
 0 
 0 
 0 
 0 
 0 
 0 
 0 
 0 
 0 
 0 
 0 
 0 
 0 
 0 
 0 
 0 
 0 
 0 
 0 
 0 
 0 
 0 
 0 
 0 
 0 
 0 
 0 
 0 
 0 
 0 
 0 
 0 
 0 
 0 
 0 
 0 
 0 
 0 
 0 
 0 
 0 
 0 
 0 
 0 
 0 
 0 
 0 
 0 
 0 
 0 
 0 
 0 
 0 
 0 
 0 
 0 
 0 
 0 
 0 
 0 
 0 
 0 
 0 
 0 
 0 
 0 
 0 
 0 
 0 
 0 
 0 
 0 
 0 
 0 
 0 
 0 
 0 
 0 
 0 
 0 
 0 
 0 
 0 
 0 
 0 
 0 
 0 
 0 
 0 
 0 
 0 
 0 
 0 
 0 
 0 
 0 
 0 
 0 
 0 
 0 
 0 
 0 
 0 
 0 
 0 
 0 
 0 
 0 
 0 
 0 
 0 
 0 
 0 
 0 
 0 
 0 
 0 
 0 
 0 
 0 
 0 
 0 
 0 
 0 
 0 
 0 
 0 
 0 
 0 
 0 
 0 
 0 
 0 
 0 
 0 
 0 
 0 
 0 
 0 
 0 
 0 
 0 
 0 
 0 
 0 
 0 
 0 
 0 
 0 
 0 
 0 
 0 
 0 
 0 
 0 
 0 
 0 
 0 
 0 
 0 
 0 
 0 
 0 
 0 
 0 
 0 
 0 
 0 
 0 
 0 
 0 
 0 
 0 
 0 
 0 
 0 
 0 
 0 
 0 
 0 
 0 
 0 
 0 
 0 
 0 
 0 
 0 
 0 
 0 
 0 
 0 
 0 
 0 
 0 
 0 
 0 
 0 
 0 
 0 
 0 
 0 
 0 
 0 
 0 
 0 
 0 
 0 
 0 
 0 
 0 
 0 
 0 
 0 
 0 
 0 
 0 
 0 
 0 
 0 
 0 
 0 
 0 
 0 
 0 
 0 
 0 
 0 
 0 
 0 
 0 
 0 
 0 
 0 
 0 
 0 
 0 
 0 
 0 
 0 
 0 
 0 
 0 
 0 
 0 
 0 
 0 
 0 
 0 
 0 
 0 
 0 
 0 
 0 
 0 
 0 
 0 
 0 
 0 
 0 
 0 
 0 
 0 
 0 
 0 
 0 
 0 
 0 
 0 
 0 
 0 
 0 
 0 
 0 
 0 
 0 
 0 
 0 
 0 
 1 
 0 
 0 
 0 
 0 
 0 
 0 
 0 
 0 
 0 
 0 
 0 
 0 
 0 
 0 
 0 
 0 
 0 
 0 
 0 
 0 
 0 
 0 
 0 
 0 
 0 
 0 
 0 
 0 
 0 
 0 
 0 
 0 
 0 
 0 
 0 
 0 
 0 
 0 
 0 
 0 
 0 
 0 
 0 
 0 
 0 
 0 
 0 
 0 
 0 
 0 
 0 
 0 
 0 
 0 
 0 
 0 
 0 
 0 
 0 
 0 
 0 
 0 
 0 
 0 
 0 
 0 
 0 
 0 
 0 
 0 
 0 
 0 
 0 
 0 
 0 
 0 
 0 
 0 
 0 
 0 
 0 
 0 
 0 
 0 
 0 
 0 
 0 
 0 
 0 
 0 
 0 
 0 
 0 
 0 
 0 
 0 
 0 
 0 
 0 
 0 
 0 
 0 
 0 
 0 
 0 
 0 
 0 
 0 
 0 
 0 
 0 
 0 
 0 
 0 
 0 
 0 
 0 
 0 
 0 
 0 
 0 
 0 
 0 
 0 
 0 
 0 
 0 
 0 
 0 
 0 
 0 
 0 
 0 
 0 
 0 
 0 
 0 
 0 
 0 
 0 
 0 
 0 
 0 
 0 
 0 
 0 
 0 
 0 
 0 
 0 
 0 
 0 
 0 
 0 
 0 
 0 
 0 
 0 
 0 
 0 
 0 
 0 
 0 
 0 
 0 
 0 
 0 
 0 
 0 
 0 
 0 
 0 
 0 
 0 
 0 
 0 
 0 
 0 
 0 
 0 
 0 
 0 
 0 
 0 
 0 
 0 
 0 
 0 
 0 
 0 
 0 
 0 
 0 
 0 
 0 
 0 
 0 
 0 
 0 
 0 
 0 
 0 
 0 
 0 
 0 
 0 
 0 
 0 
 0 
 0 
 0 
 0 
 0 
 0 
 0 
 0 
 0 
 0 
 0 
 0 
 0 
 0 
 0 
 0 
 0 
 0 
 0 
 0 
 0 
 0 
 0 
 0 
 0 
 0 
 0 
 0 
 0 
 0 
 0 
 0 
 0 
 0 
 0 
 0 
 0 
 0 
 0 
 0 
 0 
 0 
 0 
 0 
 0 
 0 
 0 
 0 
 0 
 0 
 0 
 0 
 0 
 0 
 0 
 0 
 0 
 0 
 0 
 0 
 0 
 0 
 0 
 0 
 0 
 0 
 0 
 0 
 0 
 0 
 0 
 0 
 0 
 0 
 0 
 0 
 0 
 0 
 0 
 0 
 0 
 0 
 0 
 0 
 0 
 0 
 0 
 0 
 0 
 0 
 0 
 0 
 0 
 0 
 0 
 0 
 0 
 0 
 0 
 0 
 0 
 0 
 0 
 0 
 0 
 0 
 0 
 0 
 0 
 0 
 0 
 0 
 0 
 0 
 0 
 0 
 0 
 0 
 0 
 0 
 0 
 0 
 0 
 0 
 0 
