 0 
 0 
 0 
 0 
 0 
 0 
 0 
 0 
 0 
 0 
 0 
 0 
 0 
 0 
 0 
 1 
 1 
 0 
 1 
 1 
 0 
 0 
 0 
 2 
 2 
 3 
 5 
 7 
 9 
 12 
 13 
 25 
 27 
 32 
 32 
 43 
 47 
 42 
 53 
 67 
 67 
 79 
 75 
 83 
 83 
 91 
 97 
 74 
 105 
 106 
 89 
 86 
 84 
 98 
 103 
 96 
 96 
 111 
 116 
 102 
 100 
 105 
 119 
 98 
 91 
 85 
 113 
 100 
 116 
 110 
 115 
 101 
 121 
 126 
 109 
 107 
 114 
 121 
 120 
 112 
 132 
 153 
 157 
 133 
 171 
 152 
 167 
 165 
 173 
 171 
 236 
 229 
 227 
 252 
 249 
 260 
 229 
 233 
 230 
 249 
 207 
 256 
 205 
 230 
 195 
 185 
 189 
 147 
 164 
 186 
 178 
 182 
 162 
 163 
 146 
 121 
 132 
 131 
 148 
 132 
 142 
 122 
 130 
 141 
 134 
 154 
 121 
 113 
 128 
 141 
 116 
 131 
 130 
 127 
 139 
 126 
 137 
 125 
 146 
 143 
 157 
 153 
 150 
 148 
 147 
 140 
 146 
 159 
 134 
 149 
 150 
 152 
 132 
 143 
 144 
 144 
 140 
 141 
 137 
 147 
 116 
 139 
 139 
 147 
 149 
 129 
 172 
 160 
 144 
 137 
 166 
 170 
 126 
 157 
 165 
 153 
 136 
 165 
 146 
 150 
 148 
 145 
 155 
 124 
 146 
 167 
 172 
 143 
 158 
 159 
 167 
 178 
 153 
 153 
 160 
 164 
 173 
 197 
 151 
 161 
 169 
 160 
 161 
 171 
 177 
 177 
 188 
 160 
 165 
 200 
 179 
 157 
 172 
 183 
 171 
 176 
 189 
 188 
 175 
 179 
 180 
 178 
 176 
 186 
 193 
 192 
 159 
 191 
 170 
 162 
 161 
 161 
 178 
 181 
 172 
 176 
 155 
 168 
 153 
 178 
 151 
 159 
 163 
 163 
 162 
 179 
 173 
 165 
 159 
 156 
 123 
 148 
 160 
 154 
 155 
 165 
 146 
 136 
 158 
 151 
 151 
 159 
 158 
 142 
 164 
 147 
 149 
 132 
 143 
 131 
 143 
 156 
 148 
 132 
 133 
 141 
 152 
 142 
 167 
 149 
 149 
 142 
 147 
 146 
 135 
 117 
 121 
 140 
 125 
 140 
 127 
 129 
 131 
 126 
 139 
 108 
 138 
 125 
 125 
 118 
 113 
 119 
 130 
 112 
 131 
 119 
 137 
 125 
 100 
 123 
 114 
 115 
 114 
 108 
 128 
 124 
 107 
 122 
 100 
 103 
 120 
 105 
 107 
 116 
 111 
 124 
 117 
 100 
 117 
 101 
 117 
 118 
 122 
 103 
 117 
 121 
 100 
 118 
 131 
 112 
 124 
 115 
 95 
 107 
 118 
 91 
 103 
 106 
 95 
 102 
 100 
 98 
 95 
 106 
 94 
 112 
 111 
 113 
 99 
 86 
 97 
 119 
 93 
 117 
 92 
 93 
 104 
 96 
 102 
 106 
 89 
 88 
 100 
 97 
 92 
 71 
 89 
 104 
 103 
 87 
 80 
 101 
 75 
 99 
 84 
 74 
 89 
 80 
 78 
 86 
 82 
 71 
 71 
 78 
 90 
 68 
 74 
 72 
 90 
 72 
 60 
 91 
 61 
 81 
 72 
 72 
 76 
 90 
 73 
 87 
 79 
 72 
 74 
 81 
 72 
 71 
 79 
 75 
 74 
 83 
 78 
 81 
 67 
 76 
 61 
 67 
 75 
 84 
 57 
 69 
 82 
 52 
 70 
 71 
 85 
 80 
 71 
 60 
 69 
 80 
 59 
 67 
 65 
 54 
 75 
 60 
 70 
 59 
 57 
 70 
 80 
 62 
 73 
 67 
 54 
 70 
 70 
 70 
 72 
 70 
 77 
 59 
 67 
 75 
 66 
 79 
 78 
 67 
 78 
 72 
 75 
 84 
 67 
 67 
 66 
 75 
 72 
 53 
 67 
 78 
 80 
 74 
 75 
 57 
 67 
 74 
 83 
 80 
 79 
 71 
 71 
 77 
 67 
 73 
 72 
 79 
 60 
 73 
 74 
 61 
 72 
 65 
 65 
 70 
 73 
 77 
 63 
 68 
 66 
 74 
 72 
 80 
 69 
 69 
 74 
 67 
 61 
 70 
 61 
 79 
 52 
 79 
 61 
 75 
 73 
 84 
 73 
 69 
 72 
 75 
 81 
 51 
 69 
 64 
 71 
 97 
 92 
 69 
 74 
 76 
 83 
 82 
 83 
 78 
 91 
 107 
 81 
 100 
 96 
 95 
 96 
 110 
 123 
 131 
 133 
 149 
 131 
 146 
 153 
 166 
 168 
 193 
 155 
 183 
 210 
 219 
 207 
 185 
 229 
 233 
 214 
 221 
 219 
 231 
 264 
 275 
 242 
 285 
 270 
 235 
 274 
 289 
 268 
 279 
 282 
 291 
 252 
 271 
 272 
 254 
 259 
 276 
 258 
 275 
 262 
 251 
 234 
 234 
 235 
 208 
 198 
 199 
 194 
 170 
 178 
 147 
 166 
 133 
 157 
 164 
 132 
 125 
 96 
 123 
 124 
 103 
 83 
 88 
 80 
 86 
 69 
 67 
 58 
 65 
 64 
 64 
 39 
 39 
 34 
 27 
 34 
 46 
 29 
 35 
 36 
 22 
 24 
 17 
 25 
 25 
 21 
 15 
 21 
 20 
 19 
 22 
 27 
 18 
 17 
 23 
 27 
 16 
 14 
 13 
 16 
 14 
 18 
 17 
 23 
 17 
 20 
 19 
 23 
 20 
 15 
 18 
 14 
 19 
 16 
 16 
 13 
 22 
 16 
 20 
 11 
 12 
 23 
 15 
 16 
 20 
 19 
 18 
 15 
 20 
 12 
 18 
 18 
 15 
 18 
 15 
 13 
 9 
 25 
 22 
 12 
 20 
 17 
 14 
 21 
 17 
 18 
 18 
 22 
 13 
 11 
 14 
 17 
 14 
 18 
 16 
 17 
 18 
 17 
 11 
 17 
 21 
 19 
 18 
 15 
 14 
 14 
 21 
 27 
 20 
 18 
 16 
 15 
 24 
 14 
 28 
 10 
 12 
 17 
 18 
 15 
 22 
 20 
 21 
 16 
 18 
 15 
 19 
 23 
 16 
 12 
 20 
 19 
 16 
 22 
 13 
 11 
 16 
 13 
 19 
 16 
 19 
 17 
 15 
 15 
 25 
 16 
 18 
 12 
 21 
 23 
 13 
 18 
 22 
 18 
 19 
 12 
 21 
 16 
 18 
 15 
 20 
 14 
 17 
 16 
 16 
 31 
 19 
 16 
 21 
 10 
 19 
 16 
 16 
 14 
 13 
 15 
 15 
 12 
 15 
 14 
 13 
 26 
 11 
 13 
 12 
 9 
 17 
 23 
 16 
 19 
 18 
 16 
 21 
 19 
 10 
 16 
 21 
 12 
 15 
 15 
 16 
 18 
 18 
 17 
 20 
 14 
 19 
 14 
 14 
 13 
 14 
 20 
 14 
 18 
 19 
 10 
 13 
 20 
 10 
 11 
 12 
 13 
 14 
 15 
 14 
 12 
 21 
 19 
 12 
 15 
 9 
 12 
 18 
 14 
 18 
 14 
 21 
 18 
 9 
 19 
 12 
 20 
 18 
 13 
 22 
 15 
 15 
 16 
 24 
 14 
 18 
 15 
 23 
 12 
 17 
 10 
 23 
 14 
 14 
 9 
 15 
 16 
 18 
 18 
 15 
 11 
 14 
 21 
 20 
 21 
 15 
 13 
 25 
 17 
 16 
 17 
 19 
 11 
 17 
 19 
 9 
 8 
 13 
 15 
 9 
 12 
 16 
 9 
 15 
 8 
 18 
 18 
 13 
 25 
 17 
 21 
 10 
 15 
 11 
 15 
 11 
 16 
 15 
 15 
 11 
 11 
 22 
 23 
 14 
 13 
 13 
 16 
 12 
 20 
 16 
 17 
 14 
 13 
 15 
 11 
 12 
 14 
 17 
 19 
 10 
 18 
 16 
 21 
 16 
 14 
 13 
 21 
 7 
 17 
 19 
 11 
 17 
 15 
 22 
 11 
 22 
 16 
 17 
 17 
 17 
 22 
 13 
 11 
 12 
 14 
 21 
 14 
 18 
 10 
 16 
 14 
 19 
 17 
 9 
 16 
 16 
 18 
 19 
 25 
 15 
 10 
 22 
 15 
 19 
 11 
 17 
 12 
 14 
 20 
 16 
 24 
 16 
 13 
 13 
 12 
 18 
 17 
 25 
 29 
 14 
 18 
 17 
 22 
 18 
 18 
 16 
 22 
 10 
 15 
 16 
 26 
 14 
 14 
 18 
 14 
 20 
 16 
 16 
 15 
 18 
 10 
 15 
 16 
 18 
 17 
 15 
 18 
 10 
 19 
 15 
 21 
 16 
 8 
 23 
 22 
 19 
 16 
 17 
 15 
 19 
 21 
 13 
 19 
 11 
 19 
 22 
 18 
 13 
 14 
 12 
 23 
 16 
 15 
 18 
 15 
 12 
 15 
 15 
 16 
 10 
 22 
 18 
 6 
 19 
 19 
 16 
 17 
 16 
 26 
 19 
 14 
 15 
 18 
 15 
 9 
 13 
 15 
 13 
 16 
 12 
 15 
 23 
 10 
 15 
 14 
 17 
 15 
 22 
 17 
 21 
 21 
 17 
 17 
 17 
 18 
 17 
 11 
 26 
 13 
 16 
 18 
 25 
 24 
 16 
 11 
 11 
 10 
 20 
 18 
 9 
 18 
 13 
 24 
 15 
 11 
 11 
 16 
 10 
 13 
 11 
 22 
 20 
 18 
 19 
 18 
 14 
 14 
 13 
 13 
 15 
 20 
 19 
 17 
 11 
 17 
 22 
 20 
 15 
 10 
 21 
 13 
 14 
 13 
 14 
 13 
 16 
 15 
 9 
 18 
 21 
 12 
 15 
 15 
 10 
 16 
 11 
 17 
 10 
 16 
 6 
 7 
 8 
 12 
 14 
 8 
 5 
 12 
 9 
 7 
 21 
 10 
 10 
 8 
 7 
 11 
 10 
 8 
 12 
 8 
 13 
 15 
 9 
 8 
 10 
 10 
 12 
 13 
 5 
 11 
 7 
 9 
 5 
 4 
 4 
 8 
 5 
 5 
 9 
 7 
 11 
 6 
 4 
 6 
 11 
 5 
 4 
 6 
 5 
 4 
 9 
 11 
 7 
 8 
 5 
 8 
 4 
 10 
 7 
 5 
 8 
 10 
 5 
 6 
 8 
 2 
 4 
 5 
 8 
 5 
 3 
 5 
 8 
 5 
 4 
 4 
 5 
 6 
 3 
 5 
 4 
 3 
 10 
 6 
 7 
 4 
 9 
 6 
 6 
 3 
 4 
 1 
 3 
 7 
 4 
 6 
 4 
 5 
 3 
 6 
 7 
 1 
 3 
 8 
 2 
 2 
 3 
 3 
 4 
 3 
 5 
 8 
 3 
 5 
 5 
 7 
 7 
 1 
 4 
 5 
 8 
 3 
 1 
 5 
 6 
 3 
 3 
 4 
 3 
 4 
 3 
 4 
 7 
 1 
 3 
 4 
 3 
 1 
 1 
 6 
 6 
 1 
 4 
 7 
 2 
 3 
 3 
 2 
 5 
 0 
 6 
 5 
 3 
 5 
 6 
 3 
 6 
 3 
 6 
 3 
 5 
 3 
 3 
 5 
 1 
 6 
 1 
 2 
 3 
 2 
 3 
 5 
 3 
 5 
 3 
 3 
 2 
 2 
 5 
 8 
 10 
 3 
 10 
 8 
 3 
 4 
 10 
 6 
 6 
 7 
 7 
 8 
 7 
 6 
 8 
 3 
 5 
 3 
 8 
 10 
 13 
 9 
 9 
 11 
 11 
 6 
 11 
 16 
 10 
 20 
 19 
 14 
 16 
 16 
 18 
 10 
 21 
 20 
 14 
 26 
 28 
 26 
 26 
 25 
 30 
 31 
 30 
 31 
 18 
 35 
 33 
 28 
 35 
 31 
 41 
 34 
 43 
 30 
 36 
 28 
 37 
 37 
 46 
 34 
 49 
 45 
 38 
 44 
 38 
 46 
 41 
 33 
 33 
 44 
 37 
 52 
 51 
 51 
 49 
 54 
 43 
 44 
 36 
 49 
 49 
 51 
 48 
 44 
 37 
 51 
 47 
 48 
 43 
 42 
 38 
 59 
 40 
 36 
 44 
 45 
 40 
 41 
 38 
 46 
 38 
 42 
 35 
 29 
 25 
 29 
 34 
 23 
 29 
 28 
 21 
 26 
 21 
 22 
 36 
 24 
 23 
 22 
 25 
 25 
 18 
 25 
 23 
 22 
 12 
 19 
 18 
 16 
 14 
 12 
 14 
 14 
 10 
 14 
 8 
 9 
 13 
 15 
 10 
 10 
 9 
 7 
 7 
 15 
 5 
 1 
 5 
 5 
 8 
 7 
 8 
 8 
 3 
 5 
 6 
 4 
 3 
 2 
 4 
 2 
 4 
 1 
 0 
 0 
 3 
 3 
 4 
 2 
 0 
 3 
 3 
 1 
 1 
 0 
 2 
 3 
 0 
 2 
 1 
 1 
 0 
 1 
 1 
 1 
 3 
 1 
 1 
 0 
 1 
 0 
 0 
 0 
 1 
 0 
 1 
 1 
 4 
 0 
 0 
 0 
 0 
 0 
 1 
 1 
 1 
 1 
 1 
 1 
 0 
 0 
 2 
 0 
 2 
 1 
 0 
 1 
 0 
 0 
 1 
 0 
 1 
 0 
 0 
 1 
 0 
 0 
 1 
 0 
 0 
 1 
 0 
 1 
 0 
 1 
 1 
 0 
 1 
 0 
 0 
 0 
 0 
 0 
 0 
 1 
 1 
 0 
 2 
 1 
 1 
 1 
 0 
 0 
 0 
 0 
 0 
 0 
 0 
 2 
 0 
 1 
 1 
 1 
 1 
 0 
 0 
 1 
 1 
 0 
 1 
 0 
 0 
 0 
 0 
 1 
 1 
 2 
 0 
 0 
 0 
 0 
 0 
 0 
 0 
 0 
 1 
 0 
 0 
 2 
 0 
 1 
 0 
 1 
 0 
 0 
 0 
 0 
 0 
 1 
 1 
 1 
 0 
 0 
 2 
 1 
 0 
 0 
 0 
 0 
 1 
 2 
 0 
 0 
 1 
 0 
 0 
 0 
 0 
 1 
 0 
 0 
 0 
 0 
 0 
 1 
 0 
 0 
 0 
 0 
 1 
 0 
 1 
 1 
 1 
 0 
 1 
 0 
 0 
 2 
 0 
 1 
 1 
 0 
 0 
 0 
 0 
 1 
 0 
 1 
 0 
 0 
 0 
 0 
 2 
 0 
 0 
 0 
 1 
 0 
 0 
 0 
 1 
 0 
 0 
 0 
 0 
 0 
 1 
 1 
 0 
 0 
 0 
 0 
 0 
 0 
 0 
 0 
 0 
 0 
 0 
 0 
 0 
 0 
 0 
 0 
 0 
 0 
 1 
 0 
 0 
 0 
 0 
 0 
 0 
 0 
 0 
 0 
 0 
 0 
 0 
 0 
 1 
 0 
 1 
 0 
 0 
 0 
 0 
 0 
 0 
 0 
 0 
 0 
 0 
 2 
 0 
 2 
 0 
 0 
 0 
 0 
 0 
 0 
 0 
 0 
 0 
 0 
 0 
 0 
 0 
 0 
 0 
 1 
 0 
 0 
 1 
 0 
 1 
 0 
 0 
 1 
 0 
 0 
 0 
 0 
 0 
 0 
 0 
 0 
 0 
 0 
 0 
 0 
 0 
 0 
 0 
 0 
 0 
 0 
 0 
 0 
 0 
 0 
 1 
 0 
 0 
 1 
 0 
 1 
 0 
 1 
 1 
 0 
 0 
 0 
 0 
 0 
 0 
 0 
 0 
 0 
 1 
 1 
 0 
 0 
 0 
 0 
 0 
 0 
 0 
 0 
 1 
 0 
 0 
 0 
 0 
 0 
 0 
 0 
 1 
 0 
 0 
 1 
 0 
 0 
 1 
 0 
 0 
 1 
 0 
 0 
 0 
 0 
 0 
 0 
 0 
 0 
 0 
 0 
 0 
 0 
 1 
 0 
 0 
 0 
 0 
 0 
 0 
 0 
 0 
 0 
 0 
 0 
 0 
 0 
 0 
 0 
 0 
 0 
 0 
 0 
 0 
 0 
 0 
 0 
 0 
 0 
 0 
 0 
 0 
 0 
 0 
 0 
 0 
 0 
 1 
 0 
 0 
 0 
 0 
 0 
 0 
 0 
 0 
 1 
 0 
 0 
 0 
 0 
 0 
 0 
 0 
 0 
 0 
 0 
 0 
 0 
 0 
 0 
 0 
 0 
 1 
 0 
 1 
 0 
 0 
 0 
 0 
 0 
 0 
 0 
 0 
 0 
 0 
 0 
 0 
 0 
 0 
 0 
 0 
 0 
 0 
 0 
 0 
 0 
 0 
 0 
 0 
 0 
 0 
 1 
 0 
 0 
 0 
 0 
 1 
 1 
 0 
 1 
 0 
 1 
 0 
 0 
 1 
 0 
 0 
 0 
 0 
 0 
 0 
 0 
 2 
 0 
 0 
 0 
 1 
 0 
 0 
 0 
 0 
 0 
 0 
 0 
 0 
 0 
 0 
 1 
 0 
 0 
 1 
 0 
 0 
 0 
 0 
 0 
 1 
 0 
 0 
 0 
 0 
 0 
 1 
 0 
 0 
 0 
 0 
 0 
 0 
 1 
 0 
 0 
 0 
 0 
 0 
 0 
 0 
 0 
 0 
 0 
 0 
 0 
 0 
 1 
 0 
 0 
 0 
 1 
 0 
 0 
 0 
 0 
 0 
 0 
 0 
 0 
 0 
 0 
 0 
 0 
 0 
 0 
 0 
 0 
 1 
 0 
 0 
 0 
 0 
 0 
 0 
 0 
 0 
 0 
 0 
 0 
 1 
 0 
 0 
 0 
 0 
 0 
 0 
 0 
 0 
 0 
 0 
 0 
 0 
 0 
 1 
 0 
 0 
 0 
 0 
 0 
 0 
 0 
 0 
 0 
 0 
 0 
 1 
 0 
 0 
 0 
 0 
 0 
 0 
 0 
 0 
 0 
 0 
 0 
 0 
 0 
 0 
 0 
 1 
 0 
 0 
 0 
 0 
 0 
 0 
 0 
 0 
 0 
 0 
 0 
 0 
 0 
 0 
 0 
 1 
 0 
 0 
 0 
 0 
 0 
 0 
 0 
 0 
 0 
 0 
 0 
 0 
 0 
 0 
 0 
 0 
 0 
 0 
 0 
 0 
 0 
 0 
 0 
 0 
 0 
 0 
 0 
 0 
 0 
 0 
 0 
 0 
 0 
 0 
 0 
 0 
 0 
 0 
 0 
 0 
 0 
 0 
 0 
 0 
 0 
 0 
 0 
 0 
 0 
 0 
 0 
 0 
 0 
 0 
 1 
 0 
 0 
 0 
 0 
 0 
 0 
 0 
 0 
 0 
 1 
 0 
 0 
 0 
 0 
 0 
 0 
 0 
 0 
 0 
 0 
 0 
 0 
 0 
 0 
 0 
 0 
 0 
 0 
 0 
 0 
 0 
 0 
 0 
 0 
 0 
 0 
 0 
 0 
 0 
 0 
 0 
 0 
 0 
 0 
 0 
 0 
 0 
 0 
 0 
 1 
 0 
 1 
 0 
 0 
 0 
 0 
 0 
 0 
 0 
 0 
 0 
 1 
 0 
 0 
 0 
 0 
 0 
 0 
 0 
 0 
 0 
 0 
 0 
 0 
 0 
 0 
 0 
 0 
 0 
 0 
 0 
 0 
 0 
 0 
 0 
 0 
 0 
 0 
 0 
 0 
 0 
 0 
 0 
 0 
 0 
 0 
 0 
 0 
 0 
 0 
 0 
 0 
 0 
 0 
 0 
 0 
 0 
 0 
 0 
 0 
 0 
 0 
 0 
 0 
 0 
 0 
 0 
 0 
 0 
 0 
 0 
 0 
 1 
 0 
 0 
 0 
 0 
 0 
 0 
 0 
 0 
 0 
 0 
 0 
 0 
 0 
 0 
 0 
 0 
 0 
 0 
 0 
 0 
 0 
 0 
 0 
 0 
 0 
 0 
 0 
 0 
 0 
 0 
 0 
 0 
 0 
 0 
 0 
 0 
 0 
 0 
 0 
 0 
 0 
 0 
 0 
 0 
 1 
 0 
 0 
 0 
 0 
 1 
 0 
 0 
 0 
 1 
 0 
 0 
 0 
 0 
 0 
 0 
 0 
 0 
 1 
 0 
 0 
 0 
 0 
 0 
 0 
 0 
 0 
 0 
 1 
 0 
 0 
 0 
 0 
 0 
 0 
 0 
 0 
 0 
 0 
 0 
 0 
 0 
 0 
 0 
 0 
 0 
 0 
 0 
 0 
 0 
 0 
 0 
 0 
 0 
 0 
 0 
 0 
 0 
 0 
 0 
 0 
 0 
 0 
 0 
 0 
 0 
 0 
 1 
 0 
 0 
 0 
 0 
 0 
 0 
 0 
 0 
 0 
 0 
 0 
 0 
 0 
 0 
 0 
 1 
 0 
 0 
 0 
 0 
 0 
 0 
 0 
 0 
 0 
 0 
 0 
 1 
 1 
 0 
 0 
 0 
 0 
 0 
 0 
 0 
 0 
 0 
 0 
 0 
 0 
 0 
 0 
 0 
 0 
 0 
 0 
 0 
 0 
 0 
 1 
 0 
 0 
 0 
 0 
 0 
 0 
 0 
 0 
 0 
 0 
 0 
 0 
 0 
 0 
 1 
 0 
 0 
 0 
 0 
 0 
 0 
 0 
 0 
 0 
 0 
 0 
 0 
 0 
 0 
 0 
 0 
 0 
 0 
 0 
 0 
 0 
 0 
 0 
 0 
 0 
 0 
 0 
 0 
 0 
 0 
 0 
 0 
 0 
 0 
 0 
 0 
 0 
 0 
 0 
 0 
 0 
 0 
 0 
 0 
 0 
 0 
 0 
 0 
 0 
 0 
 0 
 0 
 0 
 0 
 0 
 0 
 0 
 0 
 0 
 0 
 0 
 0 
 0 
 0 
 0 
 0 
 0 
 0 
 0 
 0 
 0 
 0 
 0 
 0 
 0 
 1 
 0 
 0 
 0 
 0 
 0 
 0 
 0 
 0 
 0 
 0 
 1 
 0 
 0 
 0 
 0 
 0 
 0 
 0 
 0 
 0 
 0 
 0 
 0 
 0 
 0 
 0 
 0 
 0 
 0 
 0 
 0 
 0 
 0 
 0 
 0 
 0 
 0 
 0 
 0 
 0 
 0 
 0 
 0 
 0 
 0 
 0 
 0 
 0 
 0 
 0 
 0 
 0 
 0 
 0 
 0 
 1 
 0 
 0 
 0 
 0 
 0 
 0 
 0 
 1 
 0 
 0 
 0 
 0 
 0 
 0 
 0 
 0 
 0 
 0 
 1 
 0 
 0 
 0 
 0 
 0 
 0 
 0 
 0 
 0 
 0 
 0 
 0 
 0 
 0 
 1 
 0 
 0 
 0 
 0 
 0 
 0 
 0 
 0 
 0 
 0 
 0 
 0 
 0 
 0 
 0 
 0 
 0 
 0 
 0 
 0 
 0 
 0 
 0 
 0 
 0 
 0 
 0 
 1 
 0 
 0 
 0 
 0 
 0 
 0 
 0 
 0 
 0 
 0 
 0 
 0 
 0 
 0 
 0 
 0 
 0 
 0 
 0 
 0 
 0 
 0 
 0 
 0 
 0 
 0 
 0 
 0 
 0 
 0 
 0 
 0 
 0 
 0 
 0 
 0 
 0 
 0 
 0 
 0 
 0 
 0 
 0 
 0 
 0 
 0 
 0 
 0 
 0 
 0 
 0 
 0 
 0 
 0 
 0 
 0 
 0 
 0 
 1 
 0 
 0 
 0 
 0 
 0 
 0 
 0 
 0 
 0 
 0 
 0 
 0 
 0 
 0 
 0 
 0 
 0 
 0 
 0 
 0 
 1 
 0 
 0 
 0 
 0 
 0 
 0 
 0 
 1 
 0 
 0 
 0 
 0 
 0 
 0 
 0 
 0 
 0 
 0 
 0 
 0 
 0 
 0 
 0 
 0 
 0 
 0 
 0 
 0 
 0 
 0 
 0 
 0 
 0 
 0 
 0 
 0 
 0 
 0 
 0 
 0 
 0 
 0 
 0 
 0 
 0 
 0 
 1 
 0 
 0 
 0 
 0 
 0 
 0 
 0 
 1 
 0 
 0 
 0 
 0 
 0 
 0 
 0 
 0 
 0 
 0 
 0 
 0 
 1 
 1 
 0 
 0 
 0 
 0 
 0 
 0 
 0 
 0 
 0 
 0 
 0 
 0 
 0 
 0 
 0 
 0 
 0 
 0 
 0 
 0 
 0 
 1 
 0 
 0 
 0 
 0 
 0 
 0 
 0 
 0 
 0 
 0 
 0 
 0 
 0 
 1 
 0 
 0 
 0 
 0 
 0 
 0 
 0 
 0 
 0 
 0 
 0 
 1 
 0 
 0 
 0 
 0 
 0 
 0 
 0 
 0 
 0 
 0 
 0 
 0 
 0 
 0 
 0 
 0 
 0 
 0 
 0 
 0 
 0 
 0 
 0 
 0 
 0 
 0 
 0 
 0 
 0 
 0 
 0 
 0 
 0 
 0 
 0 
 0 
 0 
 0 
 0 
 0 
 0 
 0 
 0 
 0 
 0 
 0 
 0 
 0 
 0 
 0 
 0 
 1 
 0 
 1 
 0 
 0 
 0 
 0 
 0 
 0 
 0 
 0 
 0 
 0 
 0 
 1 
 0 
 0 
 0 
 0 
 0 
 0 
 0 
 0 
 0 
 0 
 0 
 0 
 0 
 0 
 0 
 0 
 0 
 0 
 0 
 0 
 0 
 0 
 0 
 0 
 0 
 0 
 0 
 0 
 0 
 0 
 0 
 0 
 1 
 0 
 0 
 0 
 0 
 0 
 0 
 0 
 0 
 0 
 0 
 0 
 0 
 0 
 0 
 0 
 0 
 0 
 0 
 0 
 0 
 0 
 0 
 0 
 0 
 0 
 0 
 0 
 0 
 0 
 0 
 0 
 0 
 0 
 0 
 0 
 0 
 0 
 1 
 0 
 0 
 0 
 0 
 0 
 0 
 0 
 0 
 0 
 0 
 0 
 0 
 0 
 0 
 0 
 0 
 0 
 0 
 0 
 0 
 0 
 0 
 0 
 0 
 0 
 0 
 0 
 0 
 0 
 0 
 0 
 0 
 0 
 0 
 0 
 0 
 0 
 0 
 0 
 0 
 0 
 0 
 0 
 0 
 0 
 0 
 0 
 0 
 0 
 0 
 0 
 0 
 0 
 0 
 0 
 0 
 0 
 0 
 0 
 0 
 0 
 0 
 0 
 0 
 0 
 0 
 0 
 0 
 0 
 0 
 0 
 0 
 0 
 0 
 0 
 0 
 0 
 0 
 0 
 0 
 0 
 0 
 0 
 0 
 0 
 0 
 1 
 0 
 0 
 0 
 0 
 0 
 0 
 0 
 0 
 0 
 0 
 0 
 0 
 0 
 0 
 0 
 0 
 0 
 0 
 0 
 0 
 0 
 0 
 0 
 0 
 0 
 0 
 0 
 0 
 0 
 0 
 0 
 0 
 0 
 0 
 0 
 0 
 0 
 0 
 0 
 0 
 0 
 0 
 0 
 0 
 0 
 0 
 0 
 0 
 0 
 0 
 0 
 0 
 0 
 0 
 0 
 0 
 0 
 0 
 0 
 0 
 0 
 0 
 0 
 0 
 0 
 0 
 0 
 0 
 0 
 0 
 0 
 0 
 0 
 0 
 0 
 0 
 0 
 0 
 0 
 0 
 1 
 0 
 0 
 0 
 0 
 0 
 0 
 0 
 0 
 0 
 0 
 0 
 0 
 0 
 0 
 0 
 0 
 0 
 0 
 0 
 0 
 0 
 0 
 0 
 0 
 0 
 0 
 0 
 0 
 0 
 0 
 0 
 0 
 0 
 0 
 0 
 0 
 0 
 0 
 0 
 0 
 0 
 0 
 0 
 0 
 0 
 0 
 0 
 0 
 0 
 0 
 0 
 0 
 0 
 0 
 0 
 0 
 0 
 0 
 0 
 0 
 0 
 0 
 0 
 0 
 0 
 0 
 0 
 0 
 0 
 0 
 0 
 0 
 0 
 0 
 0 
 0 
 0 
 0 
 0 
 0 
 0 
 0 
 0 
 0 
 0 
 0 
 0 
 0 
 0 
 0 
 0 
 0 
 0 
 0 
 0 
 0 
 0 
 0 
 0 
 0 
 0 
 0 
 0 
 0 
 0 
 0 
 0 
 0 
 0 
 0 
 0 
 0 
 0 
 0 
 0 
 0 
 0 
 0 
 0 
 0 
 0 
 0 
 0 
 0 
 0 
 0 
 0 
 0 
 0 
 0 
 0 
 0 
 0 
 0 
 0 
 0 
 0 
 0 
 0 
 0 
 0 
 0 
 0 
 0 
 0 
 0 
 0 
 0 
 0 
 0 
 0 
 0 
 0 
 0 
 0 
 0 
 0 
 0 
 0 
 0 
 0 
 0 
 0 
 0 
 0 
 0 
 0 
 0 
 0 
 0 
 0 
 0 
 0 
 0 
 0 
 0 
 0 
 0 
 0 
 0 
 0 
 0 
 0 
 0 
 0 
 0 
 0 
 0 
 0 
 0 
 0 
 0 
 0 
 0 
 0 
 0 
 0 
 0 
 0 
 0 
 0 
 0 
 0 
 0 
 0 
 0 
 0 
 0 
 0 
 0 
 0 
 0 
 0 
 0 
 0 
 0 
 0 
 0 
 0 
 0 
 0 
 0 
 0 
 0 
 0 
 0 
 0 
 0 
 0 
 0 
 0 
 0 
 0 
 0 
 0 
 0 
 0 
 0 
 0 
 0 
 0 
 0 
 0 
 0 
 0 
 0 
 0 
 0 
 0 
 0 
 0 
 0 
 0 
 0 
 0 
 0 
 0 
 0 
 0 
 0 
 0 
 0 
 0 
 0 
 0 
 0 
 0 
 0 
 0 
 0 
 0 
 0 
 0 
 0 
 0 
 0 
 0 
 0 
 0 
 0 
 0 
 1 
 0 
 0 
 0 
 0 
 0 
 0 
 0 
 0 
 0 
 0 
 0 
 0 
 0 
 0 
 0 
 0 
 0 
 0 
 0 
 0 
 0 
 0 
 0 
 0 
 0 
 0 
 0 
 0 
 0 
 0 
 0 
 0 
 0 
 0 
 0 
 0 
 0 
 0 
 0 
 0 
 0 
 0 
 0 
 0 
 0 
 0 
 0 
 0 
 0 
 0 
 0 
 0 
 0 
 0 
 0 
 0 
 0 
 0 
 0 
 0 
 0 
 0 
 0 
 0 
 0 
 0 
 0 
 0 
 0 
 0 
 0 
 0 
 0 
 0 
 0 
 0 
 0 
 0 
 0 
 0 
 0 
 0 
 0 
 0 
 0 
 0 
 0 
 0 
 0 
 0 
 0 
 0 
 0 
 0 
 0 
 0 
 0 
 0 
 0 
 0 
 0 
 0 
 0 
 0 
 0 
 0 
 0 
 0 
 0 
 0 
 0 
 0 
 0 
 0 
 0 
 0 
 0 
 0 
 0 
 0 
 0 
 0 
 0 
 0 
 0 
 0 
 0 
 0 
 0 
 0 
 0 
 0 
 0 
 0 
 0 
 0 
 0 
 0 
 0 
 0 
 0 
 0 
 0 
 0 
 0 
 0 
 0 
 0 
 0 
 0 
 0 
 0 
 0 
 0 
 0 
 0 
 0 
 0 
 0 
 0 
 0 
 0 
 0 
 0 
 0 
 0 
 0 
 0 
 1 
 0 
 0 
 0 
 0 
 0 
 0 
 0 
 0 
 0 
 0 
 0 
 0 
 0 
 0 
 0 
 0 
 0 
 0 
 0 
 0 
 0 
 0 
 0 
 0 
 0 
 0 
 0 
 0 
 0 
 0 
 0 
 0 
 0 
 0 
 0 
 0 
 0 
 0 
 0 
 0 
 0 
 0 
 0 
 0 
 0 
 0 
 0 
 0 
 0 
 0 
 0 
 0 
 0 
 0 
 0 
 0 
 0 
 0 
 0 
 0 
 0 
 0 
 0 
 0 
 0 
 0 
 0 
 0 
 0 
 0 
 0 
 0 
 0 
 0 
 0 
 0 
 0 
 0 
 0 
 0 
 0 
 0 
 0 
 0 
 0 
 0 
 0 
 0 
 0 
 0 
 0 
 0 
 0 
 0 
 0 
 0 
 0 
 0 
 0 
 0 
 0 
 0 
 0 
 0 
 0 
 0 
 0 
 0 
 0 
 0 
 0 
 0 
 0 
 0 
 0 
 0 
 0 
 0 
 0 
 0 
 0 
 0 
 0 
 0 
 0 
 0 
 0 
 0 
 0 
 0 
 0 
 0 
 0 
 0 
 0 
 0 
 0 
 0 
 0 
 0 
 0 
 0 
 0 
 0 
 0 
 0 
 0 
 0 
 0 
 0 
 0 
 0 
 0 
 0 
 0 
 0 
 0 
 0 
 0 
 0 
 0 
 0 
 0 
 0 
 0 
 0 
 0 
 0 
 0 
 0 
 0 
 0 
 0 
 0 
 0 
 0 
 0 
 0 
 0 
 0 
 0 
 0 
 0 
 0 
 0 
 0 
 0 
 0 
 0 
 0 
 0 
 0 
 0 
 0 
 0 
 0 
 0 
 0 
 0 
 0 
 0 
 0 
 0 
 0 
 0 
 0 
 0 
 0 
 0 
 0 
 0 
 0 
 0 
 0 
 0 
 0 
 0 
 0 
 0 
 0 
 0 
 0 
 0 
 0 
 0 
 0 
 0 
 0 
 0 
 0 
 0 
 0 
 0 
 0 
 0 
 0 
 0 
 0 
 0 
 0 
 0 
 0 
 0 
 0 
 0 
 0 
 0 
 0 
 0 
 0 
 0 
 0 
 0 
 0 
 0 
 0 
 0 
 0 
 0 
 0 
 0 
 0 
 0 
 0 
 0 
 0 
 0 
 0 
 0 
 0 
 0 
 0 
 0 
 0 
 0 
 0 
 0 
 0 
 0 
 0 
 0 
 0 
 0 
 0 
 0 
 0 
 0 
 0 
 0 
 0 
 0 
 0 
 0 
 0 
 0 
 0 
 0 
 0 
 0 
 0 
 0 
 0 
 0 
 0 
 0 
 0 
 0 
 0 
 0 
 0 
 0 
 0 
 0 
 0 
 0 
 0 
 0 
 0 
 0 
 0 
 0 
 0 
 0 
 0 
 0 
 0 
 0 
 0 
 0 
 0 
 0 
 0 
 0 
 0 
 0 
 0 
 0 
 0 
 0 
 0 
 0 
 0 
 0 
 0 
 0 
 0 
 0 
 0 
 0 
 0 
 0 
 0 
 0 
 0 
 0 
 0 
 0 
 0 
 0 
 0 
 0 
 0 
 0 
 0 
 0 
 0 
 0 
 0 
 0 
 0 
 0 
 0 
 0 
 0 
 0 
 0 
 0 
 0 
 0 
 0 
 0 
 0 
 0 
 0 
 0 
 0 
 0 
 0 
 0 
 0 
 0 
 0 
 0 
 0 
 0 
 0 
 0 
 0 
 0 
 0 
 0 
 0 
 0 
 0 
 0 
 0 
 0 
 0 
 0 
 0 
 0 
 0 
 0 
 0 
 0 
 0 
 0 
 0 
 0 
 0 
 0 
 0 
 0 
 0 
 0 
 0 
 0 
 0 
 0 
 0 
 0 
 0 
 0 
 0 
 0 
 0 
 0 
 0 
 0 
 0 
 0 
 0 
 0 
 0 
 0 
 0 
 0 
 0 
 0 
 0 
 0 
 0 
 0 
 0 
 0 
 0 
 0 
 0 
 0 
 0 
 0 
 0 
 0 
 0 
 0 
 0 
 0 
 0 
 0 
 0 
 0 
 0 
 0 
 0 
 0 
 0 
 0 
