 0 
 0 
 0 
 0 
 0 
 0 
 0 
 0 
 0 
 0 
 0 
 0 
 0 
 0 
 0 
 0 
 0 
 0 
 1 
 0 
 0 
 1 
 2 
 3 
 2 
 3 
 3 
 1 
 9 
 13 
 6 
 11 
 9 
 19 
 30 
 35 
 31 
 34 
 35 
 40 
 51 
 40 
 52 
 47 
 63 
 59 
 59 
 56 
 72 
 66 
 69 
 62 
 73 
 62 
 66 
 67 
 82 
 69 
 77 
 72 
 98 
 91 
 79 
 78 
 75 
 88 
 73 
 80 
 87 
 91 
 78 
 87 
 71 
 83 
 77 
 104 
 99 
 87 
 106 
 99 
 104 
 108 
 113 
 121 
 122 
 145 
 160 
 159 
 165 
 183 
 208 
 210 
 189 
 229 
 217 
 226 
 210 
 218 
 212 
 237 
 197 
 186 
 205 
 189 
 169 
 177 
 166 
 162 
 170 
 148 
 129 
 133 
 109 
 141 
 104 
 125 
 123 
 121 
 118 
 89 
 111 
 110 
 98 
 97 
 100 
 105 
 110 
 89 
 107 
 110 
 111 
 108 
 101 
 126 
 87 
 81 
 107 
 118 
 112 
 99 
 89 
 99 
 99 
 110 
 105 
 101 
 120 
 115 
 107 
 122 
 107 
 114 
 126 
 120 
 106 
 118 
 113 
 110 
 112 
 137 
 143 
 106 
 102 
 109 
 125 
 102 
 120 
 94 
 132 
 114 
 117 
 113 
 117 
 105 
 105 
 114 
 112 
 138 
 127 
 115 
 115 
 125 
 94 
 127 
 112 
 117 
 103 
 123 
 110 
 117 
 111 
 119 
 137 
 130 
 151 
 125 
 115 
 132 
 144 
 132 
 127 
 118 
 136 
 123 
 134 
 133 
 147 
 143 
 135 
 123 
 136 
 135 
 125 
 158 
 144 
 143 
 143 
 126 
 138 
 127 
 132 
 130 
 143 
 114 
 130 
 128 
 149 
 141 
 111 
 113 
 106 
 148 
 120 
 122 
 113 
 122 
 121 
 120 
 118 
 108 
 120 
 108 
 116 
 117 
 111 
 125 
 114 
 134 
 111 
 122 
 111 
 121 
 121 
 124 
 111 
 101 
 113 
 99 
 109 
 125 
 111 
 111 
 97 
 123 
 114 
 111 
 101 
 130 
 99 
 106 
 114 
 107 
 108 
 103 
 88 
 95 
 92 
 88 
 105 
 107 
 85 
 91 
 90 
 106 
 82 
 80 
 99 
 92 
 95 
 80 
 94 
 96 
 95 
 88 
 80 
 85 
 99 
 102 
 103 
 102 
 100 
 83 
 72 
 81 
 92 
 93 
 87 
 71 
 74 
 83 
 90 
 83 
 81 
 83 
 75 
 71 
 74 
 81 
 88 
 76 
 82 
 71 
 74 
 66 
 75 
 81 
 72 
 83 
 77 
 73 
 92 
 69 
 87 
 77 
 58 
 68 
 67 
 69 
 66 
 69 
 68 
 69 
 65 
 73 
 84 
 88 
 75 
 60 
 67 
 62 
 57 
 77 
 87 
 72 
 73 
 69 
 43 
 59 
 58 
 67 
 67 
 67 
 57 
 59 
 64 
 74 
 50 
 62 
 60 
 58 
 57 
 59 
 68 
 59 
 45 
 47 
 47 
 57 
 51 
 67 
 62 
 50 
 51 
 52 
 44 
 64 
 67 
 49 
 59 
 52 
 65 
 52 
 48 
 54 
 57 
 65 
 55 
 32 
 56 
 46 
 69 
 36 
 51 
 45 
 38 
 49 
 43 
 55 
 47 
 52 
 38 
 61 
 49 
 55 
 54 
 53 
 48 
 42 
 48 
 54 
 57 
 47 
 53 
 43 
 53 
 34 
 52 
 48 
 51 
 37 
 52 
 49 
 47 
 36 
 44 
 48 
 46 
 61 
 45 
 41 
 36 
 40 
 55 
 38 
 47 
 48 
 52 
 54 
 41 
 48 
 53 
 36 
 44 
 36 
 45 
 40 
 49 
 42 
 46 
 47 
 29 
 58 
 48 
 47 
 51 
 45 
 57 
 41 
 49 
 47 
 36 
 62 
 48 
 48 
 44 
 51 
 51 
 40 
 48 
 48 
 62 
 43 
 47 
 52 
 54 
 57 
 44 
 51 
 38 
 54 
 49 
 55 
 46 
 41 
 41 
 51 
 45 
 44 
 40 
 46 
 60 
 36 
 48 
 51 
 48 
 49 
 52 
 36 
 48 
 43 
 35 
 51 
 34 
 44 
 53 
 46 
 49 
 63 
 53 
 55 
 40 
 61 
 52 
 56 
 45 
 53 
 52 
 53 
 43 
 54 
 46 
 56 
 56 
 62 
 48 
 50 
 52 
 46 
 58 
 59 
 58 
 63 
 63 
 54 
 49 
 58 
 54 
 59 
 63 
 72 
 67 
 65 
 63 
 81 
 79 
 71 
 82 
 87 
 80 
 91 
 99 
 104 
 131 
 101 
 95 
 127 
 137 
 138 
 114 
 153 
 110 
 125 
 125 
 130 
 127 
 132 
 139 
 123 
 152 
 144 
 132 
 134 
 165 
 130 
 153 
 148 
 126 
 135 
 157 
 145 
 127 
 128 
 151 
 150 
 136 
 120 
 130 
 122 
 123 
 107 
 92 
 97 
 98 
 113 
 112 
 80 
 76 
 66 
 87 
 75 
 59 
 75 
 51 
 44 
 52 
 66 
 47 
 47 
 44 
 53 
 43 
 23 
 26 
 37 
 40 
 30 
 32 
 23 
 25 
 21 
 21 
 25 
 18 
 15 
 20 
 14 
 26 
 14 
 12 
 18 
 11 
 11 
 15 
 17 
 11 
 15 
 9 
 9 
 21 
 14 
 20 
 13 
 15 
 14 
 21 
 9 
 14 
 15 
 14 
 12 
 9 
 8 
 17 
 11 
 12 
 17 
 13 
 15 
 12 
 11 
 11 
 10 
 16 
 16 
 6 
 14 
 5 
 16 
 9 
 9 
 9 
 15 
 12 
 9 
 15 
 17 
 14 
 15 
 11 
 11 
 16 
 10 
 12 
 19 
 15 
 15 
 16 
 13 
 11 
 8 
 19 
 11 
 9 
 13 
 10 
 19 
 9 
 12 
 9 
 15 
 13 
 12 
 12 
 11 
 21 
 17 
 14 
 8 
 13 
 17 
 18 
 15 
 12 
 19 
 12 
 15 
 14 
 17 
 16 
 10 
 11 
 16 
 9 
 16 
 13 
 16 
 10 
 12 
 9 
 11 
 12 
 9 
 16 
 14 
 8 
 12 
 11 
 7 
 16 
 13 
 17 
 12 
 14 
 16 
 13 
 10 
 8 
 19 
 10 
 14 
 9 
 11 
 15 
 15 
 8 
 10 
 7 
 9 
 10 
 12 
 13 
 9 
 9 
 12 
 12 
 10 
 20 
 9 
 9 
 6 
 11 
 10 
 10 
 16 
 12 
 8 
 11 
 9 
 6 
 11 
 13 
 14 
 6 
 13 
 11 
 9 
 5 
 8 
 5 
 11 
 14 
 18 
 13 
 9 
 10 
 11 
 12 
 16 
 21 
 7 
 6 
 15 
 19 
 13 
 5 
 12 
 11 
 12 
 16 
 19 
 10 
 10 
 8 
 10 
 10 
 20 
 14 
 9 
 17 
 9 
 10 
 11 
 13 
 14 
 8 
 9 
 13 
 10 
 10 
 14 
 8 
 8 
 19 
 13 
 8 
 8 
 15 
 10 
 13 
 8 
 11 
 13 
 8 
 14 
 12 
 16 
 9 
 13 
 8 
 12 
 17 
 12 
 10 
 15 
 12 
 9 
 11 
 13 
 10 
 9 
 10 
 11 
 13 
 15 
 9 
 19 
 11 
 10 
 11 
 14 
 11 
 14 
 10 
 11 
 14 
 12 
 9 
 10 
 12 
 12 
 12 
 9 
 8 
 14 
 10 
 17 
 11 
 16 
 8 
 13 
 6 
 10 
 8 
 13 
 16 
 9 
 15 
 6 
 7 
 14 
 11 
 8 
 10 
 10 
 8 
 10 
 14 
 11 
 6 
 6 
 15 
 7 
 10 
 19 
 10 
 14 
 11 
 6 
 13 
 17 
 12 
 11 
 11 
 16 
 11 
 20 
 13 
 12 
 14 
 7 
 6 
 17 
 19 
 10 
 12 
 9 
 11 
 11 
 12 
 7 
 11 
 5 
 16 
 11 
 10 
 13 
 8 
 18 
 8 
 16 
 12 
 11 
 11 
 14 
 6 
 12 
 14 
 12 
 9 
 7 
 14 
 7 
 8 
 21 
 11 
 11 
 9 
 8 
 15 
 15 
 12 
 9 
 7 
 5 
 16 
 8 
 10 
 16 
 14 
 10 
 9 
 11 
 10 
 13 
 19 
 12 
 13 
 12 
 13 
 15 
 10 
 5 
 23 
 14 
 11 
 12 
 9 
 19 
 9 
 11 
 13 
 8 
 18 
 14 
 16 
 9 
 10 
 7 
 14 
 8 
 9 
 16 
 13 
 8 
 15 
 11 
 8 
 16 
 19 
 11 
 13 
 13 
 11 
 19 
 13 
 7 
 15 
 11 
 17 
 7 
 17 
 8 
 13 
 11 
 12 
 13 
 13 
 16 
 11 
 3 
 11 
 7 
 11 
 12 
 10 
 8 
 19 
 13 
 11 
 6 
 7 
 15 
 16 
 14 
 9 
 9 
 21 
 7 
 11 
 9 
 9 
 12 
 7 
 12 
 9 
 15 
 13 
 12 
 10 
 12 
 16 
 8 
 11 
 11 
 17 
 11 
 14 
 8 
 7 
 8 
 13 
 11 
 19 
 12 
 16 
 10 
 10 
 18 
 9 
 12 
 15 
 10 
 13 
 14 
 19 
 19 
 17 
 13 
 13 
 11 
 8 
 7 
 13 
 13 
 9 
 11 
 9 
 14 
 11 
 16 
 15 
 18 
 6 
 7 
 13 
 15 
 8 
 10 
 10 
 13 
 14 
 6 
 11 
 8 
 9 
 9 
 9 
 14 
 10 
 6 
 7 
 7 
 9 
 13 
 17 
 8 
 7 
 9 
 14 
 9 
 12 
 7 
 10 
 12 
 9 
 8 
 14 
 4 
 10 
 11 
 9 
 11 
 7 
 8 
 8 
 6 
 6 
 8 
 10 
 3 
 4 
 7 
 8 
 7 
 8 
 4 
 12 
 9 
 6 
 6 
 8 
 8 
 5 
 8 
 8 
 8 
 9 
 8 
 6 
 8 
 7 
 8 
 5 
 5 
 5 
 5 
 2 
 4 
 6 
 7 
 9 
 8 
 10 
 5 
 6 
 7 
 5 
 7 
 5 
 7 
 3 
 4 
 4 
 5 
 7 
 2 
 4 
 6 
 6 
 7 
 3 
 6 
 4 
 6 
 5 
 5 
 6 
 6 
 8 
 5 
 5 
 5 
 1 
 6 
 4 
 2 
 4 
 3 
 7 
 3 
 2 
 6 
 5 
 2 
 5 
 4 
 4 
 3 
 6 
 4 
 5 
 1 
 6 
 7 
 1 
 11 
 1 
 3 
 7 
 1 
 6 
 3 
 4 
 3 
 4 
 1 
 1 
 1 
 3 
 1 
 3 
 1 
 8 
 3 
 0 
 7 
 2 
 2 
 6 
 4 
 4 
 3 
 7 
 3 
 3 
 3 
 6 
 8 
 6 
 3 
 2 
 2 
 4 
 2 
 2 
 4 
 5 
 7 
 1 
 2 
 3 
 4 
 6 
 7 
 5 
 1 
 3 
 9 
 2 
 5 
 4 
 2 
 6 
 3 
 4 
 3 
 4 
 1 
 2 
 5 
 3 
 5 
 3 
 3 
 5 
 7 
 2 
 5 
 1 
 1 
 2 
 3 
 1 
 0 
 2 
 4 
 4 
 3 
 3 
 7 
 4 
 6 
 5 
 4 
 7 
 11 
 3 
 11 
 4 
 4 
 2 
 7 
 9 
 8 
 10 
 7 
 3 
 6 
 5 
 10 
 10 
 7 
 6 
 6 
 9 
 8 
 9 
 4 
 5 
 6 
 9 
 14 
 11 
 7 
 18 
 12 
 13 
 5 
 12 
 17 
 13 
 15 
 12 
 16 
 18 
 22 
 21 
 19 
 24 
 16 
 23 
 20 
 18 
 16 
 19 
 18 
 22 
 32 
 23 
 30 
 21 
 20 
 21 
 35 
 24 
 34 
 31 
 31 
 34 
 21 
 34 
 23 
 30 
 28 
 23 
 16 
 27 
 32 
 40 
 26 
 36 
 26 
 36 
 24 
 24 
 30 
 29 
 22 
 39 
 30 
 27 
 32 
 24 
 22 
 31 
 18 
 25 
 23 
 25 
 23 
 21 
 23 
 12 
 18 
 22 
 23 
 21 
 19 
 28 
 20 
 26 
 23 
 18 
 23 
 18 
 18 
 14 
 15 
 24 
 14 
 16 
 12 
 12 
 14 
 10 
 16 
 9 
 12 
 11 
 10 
 17 
 11 
 9 
 7 
 9 
 7 
 12 
 9 
 14 
 5 
 6 
 6 
 4 
 6 
 7 
 8 
 4 
 4 
 6 
 2 
 7 
 3 
 3 
 1 
 3 
 3 
 2 
 0 
 2 
 2 
 4 
 5 
 4 
 0 
 3 
 3 
 2 
 0 
 3 
 0 
 0 
 0 
 0 
 2 
 0 
 2 
 1 
 2 
 1 
 2 
 2 
 0 
 1 
 3 
 3 
 2 
 1 
 0 
 1 
 0 
 1 
 2 
 0 
 0 
 1 
 1 
 1 
 1 
 0 
 0 
 0 
 1 
 0 
 2 
 0 
 0 
 0 
 3 
 1 
 1 
 0 
 0 
 0 
 0 
 0 
 0 
 0 
 0 
 0 
 0 
 0 
 1 
 1 
 0 
 0 
 1 
 0 
 1 
 1 
 0 
 0 
 0 
 1 
 0 
 0 
 0 
 1 
 0 
 2 
 1 
 0 
 0 
 0 
 0 
 0 
 1 
 1 
 0 
 0 
 1 
 0 
 0 
 0 
 0 
 1 
 0 
 1 
 0 
 0 
 0 
 0 
 0 
 0 
 0 
 0 
 0 
 0 
 0 
 4 
 1 
 1 
 1 
 1 
 0 
 0 
 0 
 0 
 0 
 0 
 0 
 1 
 0 
 1 
 1 
 0 
 1 
 1 
 1 
 1 
 0 
 0 
 0 
 0 
 0 
 0 
 2 
 0 
 0 
 0 
 2 
 1 
 1 
 1 
 0 
 0 
 0 
 0 
 0 
 2 
 1 
 1 
 1 
 0 
 0 
 1 
 1 
 0 
 1 
 0 
 0 
 0 
 0 
 0 
 1 
 0 
 0 
 0 
 1 
 0 
 0 
 0 
 0 
 0 
 0 
 0 
 0 
 0 
 1 
 0 
 0 
 1 
 0 
 0 
 0 
 0 
 1 
 0 
 0 
 0 
 0 
 1 
 0 
 0 
 0 
 0 
 0 
 0 
 1 
 0 
 1 
 0 
 0 
 0 
 0 
 0 
 0 
 0 
 0 
 0 
 0 
 0 
 0 
 0 
 0 
 0 
 0 
 0 
 0 
 0 
 0 
 0 
 0 
 0 
 0 
 0 
 0 
 0 
 0 
 0 
 0 
 0 
 0 
 0 
 0 
 0 
 0 
 0 
 0 
 0 
 0 
 0 
 0 
 0 
 1 
 0 
 0 
 0 
 0 
 0 
 0 
 0 
 0 
 0 
 0 
 0 
 0 
 0 
 0 
 0 
 0 
 0 
 1 
 0 
 0 
 0 
 0 
 0 
 0 
 0 
 0 
 0 
 0 
 1 
 0 
 0 
 0 
 1 
 0 
 1 
 0 
 0 
 0 
 0 
 0 
 0 
 0 
 0 
 0 
 0 
 0 
 0 
 0 
 0 
 0 
 1 
 0 
 0 
 0 
 1 
 0 
 0 
 0 
 0 
 0 
 0 
 0 
 0 
 0 
 0 
 0 
 0 
 0 
 0 
 0 
 0 
 0 
 0 
 0 
 0 
 0 
 0 
 0 
 0 
 0 
 0 
 0 
 0 
 1 
 0 
 0 
 0 
 0 
 0 
 0 
 0 
 1 
 0 
 0 
 0 
 1 
 0 
 0 
 0 
 0 
 0 
 0 
 0 
 0 
 0 
 0 
 0 
 0 
 0 
 0 
 0 
 0 
 0 
 0 
 0 
 0 
 0 
 0 
 0 
 0 
 0 
 0 
 0 
 0 
 1 
 0 
 0 
 0 
 0 
 0 
 0 
 0 
 0 
 0 
 0 
 0 
 0 
 0 
 0 
 0 
 0 
 0 
 0 
 0 
 0 
 0 
 0 
 0 
 1 
 0 
 0 
 0 
 0 
 0 
 0 
 0 
 0 
 0 
 0 
 0 
 0 
 0 
 0 
 0 
 0 
 0 
 0 
 0 
 0 
 0 
 0 
 0 
 0 
 0 
 1 
 0 
 0 
 0 
 0 
 0 
 0 
 0 
 0 
 0 
 1 
 0 
 0 
 1 
 0 
 0 
 0 
 0 
 0 
 0 
 0 
 0 
 0 
 0 
 0 
 0 
 0 
 0 
 0 
 0 
 0 
 0 
 0 
 0 
 0 
 0 
 0 
 0 
 1 
 0 
 0 
 0 
 0 
 0 
 0 
 0 
 0 
 0 
 0 
 0 
 0 
 0 
 0 
 0 
 0 
 0 
 0 
 0 
 0 
 0 
 0 
 0 
 0 
 0 
 0 
 0 
 0 
 0 
 0 
 0 
 0 
 0 
 0 
 0 
 0 
 0 
 0 
 0 
 0 
 0 
 0 
 0 
 0 
 1 
 0 
 0 
 0 
 0 
 0 
 0 
 0 
 0 
 0 
 0 
 0 
 0 
 0 
 0 
 0 
 0 
 0 
 0 
 0 
 0 
 0 
 0 
 0 
 0 
 0 
 0 
 1 
 0 
 0 
 0 
 0 
 0 
 0 
 0 
 0 
 0 
 0 
 1 
 0 
 0 
 0 
 0 
 0 
 0 
 0 
 0 
 0 
 0 
 0 
 0 
 0 
 0 
 0 
 0 
 0 
 0 
 1 
 0 
 0 
 0 
 0 
 0 
 0 
 0 
 0 
 0 
 0 
 0 
 0 
 0 
 0 
 0 
 0 
 0 
 0 
 0 
 0 
 0 
 0 
 0 
 0 
 0 
 0 
 0 
 0 
 0 
 0 
 0 
 0 
 0 
 0 
 0 
 0 
 0 
 0 
 0 
 0 
 0 
 0 
 0 
 0 
 0 
 0 
 0 
 0 
 0 
 0 
 0 
 0 
 0 
 0 
 0 
 0 
 0 
 1 
 0 
 0 
 0 
 0 
 0 
 0 
 0 
 0 
 0 
 1 
 0 
 0 
 0 
 0 
 0 
 0 
 0 
 0 
 0 
 0 
 0 
 0 
 0 
 0 
 0 
 0 
 1 
 0 
 0 
 0 
 0 
 0 
 0 
 0 
 0 
 0 
 0 
 0 
 0 
 0 
 0 
 0 
 0 
 0 
 0 
 0 
 0 
 0 
 0 
 0 
 0 
 0 
 0 
 0 
 0 
 0 
 0 
 0 
 0 
 0 
 0 
 0 
 0 
 0 
 0 
 0 
 0 
 0 
 0 
 0 
 1 
 0 
 0 
 0 
 0 
 0 
 0 
 0 
 0 
 0 
 0 
 0 
 0 
 1 
 0 
 1 
 0 
 0 
 0 
 0 
 0 
 0 
 0 
 0 
 0 
 0 
 0 
 0 
 0 
 0 
 0 
 0 
 0 
 0 
 0 
 0 
 0 
 0 
 0 
 0 
 0 
 0 
 0 
 0 
 0 
 0 
 0 
 0 
 0 
 0 
 0 
 0 
 1 
 0 
 0 
 0 
 0 
 0 
 0 
 0 
 0 
 0 
 0 
 0 
 0 
 0 
 0 
 0 
 0 
 0 
 0 
 0 
 0 
 0 
 1 
 0 
 0 
 0 
 0 
 1 
 0 
 0 
 0 
 0 
 0 
 0 
 0 
 0 
 1 
 0 
 1 
 0 
 0 
 0 
 0 
 0 
 0 
 0 
 0 
 0 
 0 
 0 
 0 
 0 
 0 
 0 
 0 
 0 
 0 
 0 
 0 
 0 
 0 
 1 
 0 
 0 
 0 
 0 
 0 
 0 
 0 
 1 
 0 
 0 
 0 
 0 
 0 
 0 
 0 
 0 
 1 
 0 
 0 
 0 
 0 
 0 
 0 
 0 
 0 
 0 
 0 
 0 
 0 
 0 
 0 
 0 
 0 
 0 
 0 
 0 
 0 
 0 
 0 
 0 
 0 
 0 
 0 
 0 
 0 
 0 
 0 
 0 
 0 
 0 
 0 
 0 
 0 
 0 
 0 
 0 
 1 
 0 
 0 
 0 
 0 
 0 
 0 
 0 
 0 
 0 
 0 
 0 
 0 
 0 
 0 
 0 
 0 
 0 
 0 
 0 
 0 
 0 
 0 
 1 
 0 
 0 
 0 
 0 
 0 
 0 
 0 
 0 
 0 
 0 
 0 
 0 
 0 
 0 
 0 
 0 
 0 
 0 
 0 
 0 
 0 
 0 
 0 
 0 
 1 
 0 
 0 
 0 
 0 
 0 
 0 
 0 
 0 
 0 
 0 
 0 
 0 
 0 
 0 
 0 
 0 
 0 
 0 
 0 
 0 
 0 
 0 
 0 
 0 
 0 
 0 
 0 
 0 
 0 
 1 
 0 
 0 
 0 
 0 
 0 
 0 
 0 
 0 
 0 
 0 
 0 
 0 
 0 
 0 
 0 
 0 
 0 
 0 
 0 
 0 
 0 
 0 
 0 
 0 
 0 
 0 
 0 
 1 
 0 
 0 
 0 
 1 
 0 
 0 
 0 
 0 
 0 
 0 
 0 
 0 
 0 
 0 
 0 
 0 
 0 
 0 
 0 
 0 
 0 
 0 
 0 
 0 
 0 
 0 
 0 
 0 
 0 
 0 
 1 
 0 
 0 
 0 
 0 
 0 
 0 
 0 
 0 
 0 
 0 
 0 
 0 
 0 
 0 
 0 
 0 
 0 
 0 
 0 
 0 
 1 
 0 
 0 
 0 
 0 
 0 
 0 
 0 
 0 
 0 
 0 
 0 
 0 
 0 
 0 
 0 
 0 
 0 
 0 
 0 
 0 
 0 
 0 
 0 
 0 
 0 
 0 
 0 
 0 
 0 
 0 
 0 
 0 
 0 
 0 
 0 
 0 
 0 
 0 
 0 
 0 
 0 
 0 
 0 
 0 
 0 
 0 
 0 
 0 
 0 
 0 
 0 
 0 
 0 
 0 
 0 
 0 
 0 
 0 
 0 
 0 
 0 
 0 
 1 
 0 
 0 
 0 
 0 
 0 
 0 
 0 
 0 
 0 
 0 
 0 
 0 
 0 
 0 
 1 
 0 
 0 
 0 
 0 
 0 
 0 
 0 
 0 
 0 
 0 
 0 
 1 
 0 
 0 
 0 
 0 
 0 
 0 
 0 
 0 
 0 
 0 
 0 
 0 
 0 
 0 
 0 
 0 
 0 
 0 
 0 
 0 
 0 
 0 
 0 
 0 
 0 
 0 
 0 
 0 
 0 
 0 
 0 
 0 
 0 
 0 
 0 
 0 
 0 
 0 
 0 
 0 
 0 
 0 
 0 
 0 
 0 
 0 
 0 
 0 
 0 
 0 
 0 
 0 
 0 
 0 
 0 
 0 
 0 
 0 
 0 
 0 
 0 
 0 
 0 
 0 
 0 
 0 
 0 
 0 
 0 
 0 
 0 
 0 
 0 
 0 
 0 
 0 
 0 
 0 
 0 
 0 
 0 
 0 
 0 
 0 
 0 
 0 
 0 
 0 
 0 
 0 
 0 
 0 
 0 
 0 
 0 
 0 
 0 
 0 
 0 
 0 
 0 
 0 
 0 
 0 
 0 
 0 
 0 
 0 
 0 
 0 
 0 
 0 
 0 
 0 
 0 
 0 
 0 
 0 
 0 
 0 
 0 
 0 
 0 
 0 
 0 
 0 
 0 
 0 
 0 
 0 
 0 
 0 
 0 
 0 
 0 
 0 
 0 
 0 
 0 
 0 
 0 
 0 
 0 
 0 
 0 
 0 
 0 
 0 
 0 
 0 
 1 
 0 
 0 
 0 
 0 
 0 
 0 
 0 
 0 
 0 
 0 
 0 
 0 
 0 
 0 
 0 
 0 
 0 
 0 
 0 
 0 
 0 
 0 
 0 
 0 
 0 
 0 
 0 
 0 
 0 
 0 
 0 
 0 
 0 
 0 
 0 
 0 
 0 
 0 
 0 
 0 
 0 
 0 
 0 
 0 
 0 
 0 
 0 
 0 
 0 
 0 
 0 
 0 
 1 
 0 
 0 
 0 
 0 
 0 
 0 
 0 
 0 
 0 
 0 
 0 
 0 
 0 
 0 
 0 
 0 
 0 
 0 
 0 
 0 
 0 
 0 
 0 
 0 
 0 
 0 
 0 
 0 
 0 
 1 
 0 
 0 
 0 
 0 
 0 
 0 
 0 
 0 
 0 
 0 
 0 
 0 
 0 
 0 
 0 
 0 
 0 
 0 
 0 
 0 
 0 
 0 
 0 
 0 
 0 
 0 
 0 
 0 
 0 
 0 
 0 
 0 
 0 
 0 
 0 
 0 
 0 
 0 
 1 
 1 
 0 
 0 
 0 
 0 
 0 
 0 
 0 
 0 
 0 
 0 
 0 
 0 
 0 
 0 
 0 
 0 
 0 
 0 
 0 
 0 
 0 
 0 
 0 
 0 
 0 
 0 
 0 
 0 
 0 
 0 
 0 
 0 
 0 
 0 
 0 
 0 
 0 
 0 
 0 
 0 
 0 
 0 
 0 
 0 
 0 
 0 
 0 
 0 
 0 
 0 
 0 
 0 
 0 
 0 
 0 
 0 
 0 
 0 
 0 
 0 
 0 
 0 
 0 
 0 
 0 
 0 
 0 
 0 
 0 
 0 
 0 
 0 
 0 
 0 
 0 
 0 
 0 
 0 
 0 
 0 
 0 
 0 
 0 
 0 
 0 
 0 
 0 
 0 
 0 
 0 
 0 
 0 
 0 
 0 
 0 
 0 
 0 
 0 
 0 
 0 
 0 
 0 
 0 
 0 
 0 
 0 
 0 
 0 
 0 
 0 
 0 
 0 
 0 
 0 
 0 
 0 
 0 
 0 
 0 
 0 
 0 
 0 
 0 
 0 
 0 
 0 
 0 
 0 
 0 
 0 
 0 
 0 
 0 
 0 
 0 
 0 
 0 
 0 
 0 
 0 
 0 
 0 
 0 
 0 
 0 
 0 
 0 
 0 
 0 
 0 
 0 
 0 
 0 
 0 
 0 
 0 
 0 
 0 
 0 
 0 
 0 
 0 
 0 
 0 
 0 
 0 
 0 
 0 
 0 
 0 
 0 
 0 
 0 
 0 
 0 
 0 
 0 
 0 
 0 
 0 
 0 
 0 
 0 
 0 
 0 
 0 
 0 
 0 
 0 
 0 
 0 
 0 
 0 
 0 
 0 
 0 
 0 
 0 
 0 
 0 
 0 
 0 
 0 
 0 
 0 
 0 
 0 
 0 
 0 
 0 
 0 
 0 
 0 
 0 
 0 
 0 
 0 
 0 
 0 
 0 
 0 
 0 
 0 
 0 
 0 
 0 
 0 
 0 
 0 
 0 
 0 
 0 
 0 
 0 
 0 
 0 
 0 
 0 
 0 
 0 
 0 
 0 
 0 
 0 
 0 
 0 
 0 
 0 
 0 
 0 
 0 
 0 
 0 
 0 
 0 
 0 
 0 
 0 
 0 
 0 
 0 
 0 
 0 
 0 
 0 
 0 
 0 
 0 
 0 
 0 
 0 
 0 
 0 
 0 
 0 
 0 
 0 
 0 
 0 
 0 
 0 
 0 
 0 
 0 
 0 
 0 
 0 
 0 
 0 
 0 
 0 
 0 
 0 
 0 
 0 
 0 
 0 
 0 
 0 
 0 
 0 
 0 
 0 
 0 
 0 
 0 
 0 
 0 
 0 
 0 
 0 
 0 
 0 
 0 
 0 
 0 
 0 
 0 
 0 
 0 
 0 
 0 
 0 
 0 
 0 
 0 
 0 
 0 
 0 
 0 
 0 
 0 
 0 
 0 
 0 
 0 
 0 
 0 
 0 
 0 
 0 
 0 
 0 
 0 
 0 
 0 
 0 
 0 
 0 
 0 
 0 
 0 
 0 
 0 
 0 
 0 
 0 
 0 
 0 
 0 
 0 
 0 
 0 
 0 
 0 
 0 
 0 
 0 
 0 
 0 
 0 
 0 
 0 
 0 
 0 
 0 
 0 
 0 
 0 
 0 
 0 
 0 
 0 
 0 
 0 
 0 
 0 
 0 
 0 
 0 
 0 
 0 
 0 
 0 
 0 
 0 
 0 
 0 
 0 
 0 
 0 
 0 
 0 
 0 
 0 
 0 
 0 
 0 
 0 
 0 
 0 
 0 
 0 
 0 
 0 
 0 
 0 
 0 
 0 
 0 
 0 
 0 
 0 
 0 
 0 
 0 
 0 
 0 
 0 
 0 
 0 
 0 
 0 
 0 
 0 
 0 
 0 
 0 
 0 
 0 
 0 
 0 
 0 
 0 
 0 
 0 
 0 
 0 
 0 
 0 
 0 
 0 
 0 
 0 
 0 
 0 
 0 
 0 
 0 
 0 
 0 
 0 
 0 
 0 
 0 
 0 
 0 
 0 
 0 
 0 
 0 
 0 
 0 
 0 
 0 
 0 
 0 
 0 
 0 
 0 
 0 
 0 
 0 
 0 
 0 
 0 
 0 
 0 
 0 
 0 
 0 
 0 
 0 
 0 
 0 
 0 
 0 
 0 
 0 
 0 
 0 
 0 
 0 
 0 
 0 
 0 
 0 
 0 
 0 
 0 
 0 
 0 
 0 
 0 
 0 
 0 
 0 
 0 
 0 
 0 
 0 
 0 
 0 
 0 
 0 
 0 
 0 
 0 
 0 
 0 
 0 
 0 
 0 
 0 
 0 
 0 
 0 
 0 
 0 
 0 
 0 
 0 
 0 
 0 
 0 
 0 
 0 
 0 
 0 
 0 
 0 
 0 
 0 
 1 
 0 
 0 
 0 
 0 
 0 
 0 
 0 
 0 
 0 
 0 
 0 
 0 
 0 
 0 
 0 
 0 
 0 
 0 
 0 
 0 
 0 
 0 
 0 
 0 
 0 
 0 
 0 
 0 
 0 
 0 
 0 
 0 
 0 
 0 
 0 
 0 
 0 
 0 
 0 
 0 
 0 
 0 
 0 
 0 
 0 
 0 
 0 
 0 
 0 
 0 
 0 
 0 
 0 
 0 
 0 
 0 
 0 
 0 
 0 
 0 
 0 
 0 
 0 
 0 
 0 
 0 
 0 
 0 
 0 
 0 
 0 
 0 
 0 
 0 
 0 
 1 
 0 
 0 
 0 
 0 
 0 
 0 
 0 
 0 
 0 
 0 
 0 
 0 
 0 
 0 
 0 
 0 
 0 
 0 
 0 
 0 
 0 
 0 
 0 
 0 
 0 
 0 
 0 
 0 
 0 
 0 
 0 
 0 
 0 
 0 
 0 
 0 
 0 
 0 
 0 
 0 
 0 
 0 
 0 
 0 
 0 
 0 
 0 
 0 
 0 
 0 
 0 
 0 
 0 
 0 
 0 
 0 
 0 
 0 
 0 
 0 
 0 
 0 
 0 
 0 
 0 
 0 
 0 
 0 
 0 
 0 
 0 
 0 
 0 
 0 
 0 
 0 
 0 
 0 
 0 
 0 
 0 
 0 
 0 
 0 
 0 
 0 
 0 
 0 
 0 
 0 
 0 
 0 
 0 
 0 
 0 
 0 
 0 
 0 
 0 
 0 
 0 
 0 
 0 
 0 
 0 
 0 
 0 
 0 
 0 
 0 
 0 
 0 
 0 
 0 
 0 
 0 
 0 
 0 
 0 
 0 
 0 
 0 
 0 
 0 
 0 
 0 
 0 
 0 
 0 
 0 
 0 
 0 
 0 
 0 
 0 
 0 
 0 
 0 
 0 
 0 
 0 
 0 
 0 
 0 
 0 
 0 
 0 
 0 
 0 
 0 
 0 
 0 
 0 
 0 
 0 
 0 
 0 
 0 
 0 
 0 
 0 
 0 
 0 
 0 
 0 
 0 
 0 
 0 
 0 
 0 
 0 
 0 
 0 
 0 
 0 
 0 
 0 
 0 
 0 
 0 
 0 
 0 
 0 
 0 
 0 
 0 
 0 
 0 
 0 
 0 
 0 
 0 
 0 
 0 
 0 
 0 
 0 
 0 
 0 
 0 
 0 
 0 
 0 
 0 
 0 
 0 
 0 
 0 
 0 
 0 
 0 
 0 
 0 
 0 
 0 
 0 
 0 
 0 
 0 
 0 
 0 
 0 
 0 
 0 
 0 
 0 
 0 
 0 
 0 
 0 
 0 
 0 
 0 
 0 
 0 
 0 
 0 
 0 
 0 
 0 
 0 
 0 
 0 
 0 
 0 
 0 
 0 
 0 
 0 
 0 
 0 
 0 
 0 
 0 
 0 
 0 
 0 
 0 
 0 
 0 
 0 
 0 
 0 
 0 
 0 
 0 
 0 
 0 
 0 
 0 
 0 
 0 
 0 
 0 
 0 
 0 
 0 
 0 
 0 
 0 
 0 
 0 
 0 
 0 
 0 
 0 
 0 
 0 
 0 
 0 
 0 
 0 
 0 
 0 
 0 
 0 
 0 
 0 
 0 
 0 
 0 
 0 
 0 
 0 
 0 
 0 
 0 
 0 
 0 
 0 
 0 
 0 
 0 
 0 
 0 
 0 
 0 
 0 
 0 
 0 
 0 
 0 
 0 
 0 
 0 
 0 
 0 
 0 
 0 
 0 
 0 
 0 
 0 
 0 
 0 
 0 
 0 
 0 
 0 
 0 
 0 
 0 
 0 
 0 
 0 
 0 
 0 
 0 
 0 
 0 
 0 
 0 
 0 
 0 
 0 
 0 
 0 
 0 
 0 
 0 
 0 
 0 
 0 
 0 
 0 
 0 
 0 
 0 
 0 
 0 
 0 
 0 
 0 
 0 
 0 
 0 
 0 
 0 
 0 
 0 
 0 
 0 
 0 
 0 
 0 
 0 
 0 
 0 
 0 
 0 
 0 
 0 
 0 
 0 
 0 
 0 
 0 
 0 
 0 
 0 
 0 
 0 
 0 
 0 
 0 
 0 
 0 
 0 
 0 
 0 
 0 
 0 
 0 
 0 
 0 
 0 
 0 
 0 
 0 
 0 
 0 
 0 
 0 
 0 
 0 
 0 
 0 
 0 
 0 
 0 
 0 
 0 
 0 
 0 
 0 
 0 
 0 
 0 
 0 
 0 
 0 
 0 
 0 
 0 
 0 
 0 
 0 
 0 
 0 
 0 
 0 
 0 
 0 
 0 
 0 
 0 
 0 
 0 
 0 
 0 
 0 
 0 
 0 
 0 
 0 
 0 
 0 
 0 
 0 
 0 
 0 
 0 
 0 
 1 
 0 
 0 
 0 
 0 
 0 
 0 
 0 
 0 
 0 
 0 
 0 
 0 
 0 
 0 
 0 
 0 
 0 
 0 
 0 
 0 
 0 
 0 
 0 
 0 
 0 
 0 
 0 
 0 
 0 
 0 
 0 
 0 
 0 
 0 
 0 
 0 
 0 
 0 
 0 
 0 
 0 
 0 
 0 
 0 
 0 
 0 
 0 
 0 
 0 
 0 
 0 
 0 
 0 
 0 
 0 
 0 
 0 
 0 
 0 
 0 
 0 
 0 
 0 
 0 
 0 
 0 
 0 
 0 
 0 
 0 
 0 
 0 
 0 
 0 
 0 
 0 
 0 
 0 
 0 
 0 
 0 
 0 
 0 
 0 
 0 
 0 
 0 
 0 
 0 
 0 
 0 
 0 
 0 
 0 
 0 
 0 
 0 
 0 
 0 
 0 
 0 
 0 
 0 
 0 
 0 
 0 
 0 
 0 
 0 
 0 
 0 
 0 
