 0 
 0 
 0 
 0 
 0 
 0 
 0 
 0 
 0 
 0 
 0 
 0 
 0 
 0 
 0 
 0 
 0 
 0 
 0 
 0 
 0 
 0 
 0 
 0 
 2 
 1 
 3 
 4 
 2 
 6 
 9 
 16 
 10 
 16 
 19 
 23 
 17 
 23 
 30 
 36 
 38 
 52 
 34 
 37 
 44 
 54 
 50 
 48 
 53 
 55 
 64 
 55 
 49 
 63 
 54 
 58 
 57 
 53 
 66 
 51 
 62 
 73 
 55 
 63 
 57 
 62 
 48 
 65 
 60 
 68 
 52 
 60 
 66 
 85 
 65 
 55 
 62 
 54 
 82 
 74 
 77 
 88 
 90 
 102 
 106 
 118 
 122 
 132 
 145 
 158 
 154 
 175 
 161 
 170 
 192 
 185 
 169 
 184 
 180 
 171 
 184 
 190 
 153 
 148 
 157 
 153 
 123 
 155 
 130 
 137 
 111 
 104 
 117 
 113 
 109 
 89 
 106 
 77 
 94 
 84 
 83 
 65 
 96 
 97 
 69 
 79 
 78 
 62 
 88 
 82 
 77 
 83 
 92 
 78 
 85 
 62 
 82 
 95 
 78 
 80 
 103 
 104 
 93 
 98 
 93 
 69 
 86 
 98 
 74 
 74 
 91 
 80 
 93 
 94 
 110 
 74 
 88 
 102 
 84 
 98 
 113 
 95 
 91 
 72 
 95 
 111 
 85 
 105 
 117 
 106 
 95 
 98 
 82 
 95 
 102 
 96 
 78 
 87 
 88 
 96 
 98 
 85 
 87 
 98 
 94 
 104 
 89 
 105 
 99 
 83 
 99 
 94 
 88 
 104 
 103 
 103 
 101 
 91 
 109 
 103 
 92 
 106 
 116 
 115 
 90 
 100 
 101 
 110 
 116 
 120 
 113 
 114 
 97 
 127 
 115 
 123 
 93 
 108 
 128 
 102 
 107 
 102 
 109 
 104 
 118 
 96 
 95 
 89 
 115 
 101 
 80 
 123 
 81 
 95 
 113 
 88 
 87 
 99 
 83 
 80 
 80 
 79 
 95 
 79 
 93 
 85 
 60 
 98 
 86 
 85 
 93 
 99 
 88 
 71 
 82 
 75 
 58 
 98 
 87 
 80 
 84 
 70 
 71 
 64 
 77 
 71 
 99 
 97 
 69 
 81 
 73 
 71 
 59 
 80 
 64 
 73 
 76 
 74 
 78 
 75 
 71 
 84 
 80 
 74 
 67 
 77 
 76 
 56 
 72 
 62 
 63 
 63 
 70 
 66 
 44 
 51 
 63 
 62 
 68 
 51 
 64 
 55 
 44 
 46 
 73 
 58 
 47 
 52 
 64 
 71 
 57 
 51 
 42 
 50 
 52 
 50 
 49 
 42 
 47 
 50 
 40 
 47 
 43 
 51 
 42 
 41 
 41 
 52 
 49 
 41 
 46 
 43 
 40 
 38 
 42 
 47 
 46 
 37 
 50 
 42 
 38 
 33 
 34 
 38 
 45 
 39 
 47 
 32 
 41 
 47 
 46 
 32 
 43 
 41 
 42 
 43 
 44 
 49 
 53 
 35 
 31 
 51 
 34 
 36 
 38 
 30 
 26 
 38 
 39 
 38 
 33 
 36 
 29 
 34 
 37 
 37 
 37 
 42 
 23 
 33 
 40 
 37 
 39 
 23 
 25 
 34 
 50 
 39 
 38 
 34 
 33 
 40 
 24 
 31 
 37 
 33 
 28 
 30 
 27 
 22 
 29 
 24 
 29 
 19 
 32 
 31 
 22 
 24 
 25 
 37 
 27 
 27 
 19 
 36 
 27 
 26 
 33 
 23 
 23 
 24 
 31 
 24 
 28 
 34 
 27 
 39 
 27 
 23 
 29 
 30 
 21 
 27 
 20 
 40 
 27 
 23 
 29 
 22 
 31 
 16 
 32 
 25 
 23 
 23 
 30 
 28 
 15 
 21 
 25 
 27 
 30 
 29 
 29 
 29 
 18 
 23 
 24 
 20 
 43 
 26 
 18 
 24 
 34 
 17 
 35 
 25 
 20 
 24 
 20 
 30 
 26 
 24 
 32 
 23 
 24 
 27 
 30 
 29 
 26 
 30 
 25 
 29 
 17 
 26 
 22 
 21 
 20 
 33 
 27 
 30 
 25 
 16 
 16 
 25 
 23 
 29 
 24 
 29 
 25 
 33 
 20 
 34 
 24 
 34 
 22 
 25 
 15 
 19 
 16 
 33 
 37 
 21 
 18 
 20 
 22 
 22 
 21 
 27 
 18 
 29 
 23 
 27 
 30 
 25 
 27 
 33 
 22 
 34 
 25 
 37 
 25 
 19 
 36 
 28 
 30 
 21 
 31 
 24 
 29 
 23 
 25 
 24 
 33 
 26 
 36 
 23 
 36 
 39 
 30 
 48 
 36 
 35 
 39 
 28 
 45 
 34 
 46 
 37 
 50 
 42 
 35 
 47 
 51 
 51 
 40 
 43 
 39 
 61 
 42 
 55 
 57 
 57 
 52 
 52 
 58 
 53 
 51 
 55 
 51 
 64 
 51 
 64 
 75 
 55 
 55 
 55 
 50 
 50 
 56 
 51 
 59 
 62 
 57 
 61 
 45 
 55 
 46 
 46 
 39 
 56 
 42 
 41 
 44 
 39 
 32 
 37 
 38 
 32 
 29 
 36 
 30 
 28 
 15 
 32 
 18 
 20 
 26 
 27 
 20 
 29 
 14 
 15 
 18 
 14 
 18 
 14 
 9 
 11 
 18 
 9 
 8 
 11 
 8 
 11 
 9 
 8 
 10 
 9 
 10 
 9 
 8 
 14 
 9 
 7 
 10 
 7 
 13 
 9 
 8 
 11 
 11 
 9 
 4 
 10 
 5 
 12 
 10 
 4 
 11 
 8 
 7 
 7 
 3 
 8 
 11 
 10 
 10 
 9 
 8 
 9 
 5 
 7 
 8 
 9 
 11 
 7 
 6 
 10 
 8 
 7 
 6 
 8 
 5 
 12 
 9 
 7 
 6 
 12 
 6 
 5 
 7 
 11 
 9 
 9 
 3 
 10 
 10 
 12 
 7 
 8 
 7 
 8 
 4 
 6 
 8 
 12 
 8 
 9 
 9 
 4 
 6 
 10 
 9 
 5 
 11 
 6 
 4 
 6 
 5 
 9 
 4 
 7 
 4 
 8 
 6 
 6 
 13 
 7 
 8 
 6 
 11 
 8 
 7 
 12 
 16 
 13 
 2 
 10 
 4 
 6 
 4 
 6 
 6 
 6 
 5 
 15 
 7 
 10 
 11 
 11 
 8 
 8 
 7 
 3 
 10 
 6 
 4 
 6 
 9 
 7 
 9 
 2 
 9 
 9 
 9 
 9 
 6 
 6 
 8 
 7 
 7 
 9 
 7 
 7 
 9 
 13 
 8 
 11 
 4 
 10 
 12 
 4 
 7 
 10 
 7 
 8 
 8 
 4 
 8 
 4 
 4 
 9 
 4 
 8 
 5 
 7 
 6 
 9 
 8 
 6 
 9 
 14 
 4 
 7 
 4 
 2 
 6 
 4 
 3 
 6 
 9 
 9 
 6 
 3 
 9 
 7 
 10 
 7 
 10 
 6 
 2 
 4 
 6 
 17 
 8 
 9 
 9 
 11 
 4 
 5 
 9 
 5 
 6 
 5 
 7 
 6 
 5 
 1 
 8 
 5 
 4 
 8 
 9 
 9 
 6 
 8 
 8 
 10 
 6 
 3 
 3 
 3 
 4 
 5 
 11 
 5 
 8 
 8 
 7 
 8 
 10 
 5 
 11 
 7 
 8 
 6 
 8 
 9 
 5 
 9 
 9 
 8 
 8 
 3 
 8 
 2 
 4 
 7 
 3 
 3 
 9 
 6 
 8 
 4 
 4 
 7 
 5 
 9 
 5 
 9 
 8 
 5 
 8 
 9 
 4 
 11 
 11 
 9 
 8 
 5 
 9 
 11 
 3 
 7 
 6 
 10 
 5 
 7 
 4 
 8 
 10 
 5 
 4 
 6 
 6 
 6 
 5 
 4 
 2 
 5 
 7 
 5 
 7 
 4 
 12 
 7 
 12 
 8 
 7 
 7 
 10 
 5 
 6 
 1 
 6 
 6 
 6 
 7 
 11 
 4 
 10 
 7 
 7 
 7 
 10 
 6 
 9 
 5 
 4 
 10 
 6 
 2 
 6 
 8 
 5 
 3 
 3 
 6 
 4 
 4 
 6 
 8 
 9 
 2 
 7 
 9 
 10 
 7 
 7 
 7 
 8 
 10 
 3 
 6 
 4 
 5 
 8 
 9 
 7 
 9 
 8 
 7 
 6 
 7 
 15 
 8 
 4 
 4 
 8 
 3 
 7 
 4 
 3 
 4 
 8 
 14 
 10 
 5 
 10 
 4 
 8 
 5 
 5 
 5 
 5 
 9 
 8 
 6 
 4 
 7 
 7 
 7 
 8 
 6 
 10 
 9 
 5 
 5 
 4 
 6 
 9 
 10 
 7 
 6 
 8 
 3 
 5 
 5 
 2 
 7 
 10 
 4 
 6 
 2 
 8 
 3 
 8 
 7 
 8 
 10 
 10 
 7 
 10 
 9 
 4 
 9 
 10 
 4 
 13 
 6 
 5 
 12 
 4 
 12 
 8 
 4 
 9 
 7 
 7 
 4 
 13 
 4 
 4 
 6 
 5 
 4 
 4 
 11 
 6 
 8 
 11 
 8 
 4 
 7 
 8 
 2 
 13 
 5 
 7 
 8 
 6 
 7 
 8 
 5 
 10 
 11 
 10 
 1 
 6 
 6 
 7 
 12 
 8 
 4 
 6 
 10 
 9 
 9 
 3 
 4 
 7 
 12 
 12 
 7 
 7 
 5 
 9 
 7 
 8 
 8 
 5 
 5 
 4 
 8 
 8 
 8 
 5 
 5 
 9 
 8 
 9 
 7 
 5 
 6 
 4 
 7 
 5 
 11 
 9 
 2 
 7 
 7 
 10 
 2 
 7 
 8 
 5 
 6 
 13 
 5 
 9 
 5 
 7 
 10 
 9 
 9 
 6 
 7 
 5 
 2 
 4 
 9 
 5 
 5 
 2 
 6 
 5 
 6 
 6 
 6 
 3 
 9 
 9 
 4 
 4 
 2 
 3 
 3 
 6 
 7 
 3 
 8 
 4 
 2 
 0 
 7 
 6 
 4 
 5 
 4 
 4 
 5 
 6 
 6 
 4 
 3 
 10 
 8 
 4 
 4 
 4 
 6 
 3 
 5 
 5 
 4 
 4 
 3 
 3 
 3 
 3 
 2 
 4 
 3 
 6 
 6 
 4 
 4 
 4 
 4 
 4 
 1 
 4 
 2 
 1 
 5 
 2 
 4 
 3 
 0 
 3 
 1 
 1 
 1 
 3 
 2 
 5 
 4 
 3 
 4 
 3 
 8 
 4 
 2 
 1 
 6 
 4 
 2 
 1 
 3 
 2 
 0 
 3 
 2 
 4 
 3 
 2 
 2 
 2 
 8 
 4 
 6 
 3 
 2 
 4 
 1 
 4 
 2 
 5 
 4 
 2 
 3 
 3 
 1 
 2 
 4 
 1 
 2 
 4 
 6 
 3 
 2 
 1 
 3 
 1 
 5 
 6 
 4 
 2 
 1 
 3 
 2 
 1 
 0 
 4 
 5 
 5 
 2 
 3 
 3 
 3 
 4 
 3 
 0 
 2 
 2 
 3 
 2 
 2 
 3 
 2 
 3 
 2 
 2 
 5 
 2 
 1 
 3 
 2 
 5 
 3 
 2 
 2 
 3 
 2 
 6 
 1 
 5 
 0 
 4 
 2 
 4 
 0 
 3 
 2 
 3 
 5 
 1 
 0 
 3 
 1 
 4 
 2 
 0 
 1 
 3 
 7 
 1 
 4 
 2 
 3 
 8 
 4 
 3 
 6 
 0 
 3 
 4 
 7 
 6 
 8 
 8 
 2 
 1 
 4 
 5 
 6 
 7 
 7 
 1 
 3 
 3 
 7 
 5 
 7 
 2 
 5 
 6 
 8 
 6 
 8 
 12 
 8 
 2 
 8 
 8 
 7 
 5 
 9 
 9 
 9 
 10 
 7 
 8 
 11 
 8 
 12 
 13 
 11 
 11 
 10 
 15 
 10 
 7 
 11 
 15 
 9 
 8 
 14 
 23 
 12 
 19 
 11 
 15 
 16 
 18 
 18 
 14 
 15 
 17 
 8 
 16 
 19 
 12 
 12 
 9 
 12 
 19 
 12 
 20 
 15 
 15 
 12 
 27 
 21 
 17 
 12 
 12 
 16 
 14 
 20 
 13 
 13 
 9 
 12 
 11 
 17 
 8 
 11 
 9 
 9 
 18 
 9 
 15 
 14 
 8 
 8 
 17 
 5 
 8 
 13 
 7 
 8 
 9 
 6 
 15 
 12 
 11 
 9 
 5 
 13 
 9 
 5 
 8 
 5 
 5 
 3 
 3 
 6 
 7 
 5 
 5 
 7 
 3 
 6 
 2 
 5 
 2 
 4 
 4 
 2 
 1 
 1 
 2 
 3 
 5 
 2 
 5 
 2 
 5 
 3 
 2 
 2 
 3 
 3 
 3 
 2 
 0 
 1 
 2 
 1 
 0 
 2 
 1 
 0 
 1 
 2 
 0 
 2 
 1 
 0 
 0 
 1 
 0 
 2 
 1 
 3 
 1 
 1 
 2 
 0 
 2 
 1 
 0 
 2 
 1 
 0 
 0 
 0 
 0 
 1 
 0 
 0 
 1 
 1 
 0 
 1 
 0 
 0 
 1 
 1 
 0 
 1 
 1 
 1 
 1 
 0 
 0 
 0 
 0 
 0 
 3 
 0 
 0 
 0 
 1 
 0 
 0 
 1 
 0 
 0 
 2 
 0 
 0 
 2 
 0 
 0 
 0 
 1 
 1 
 1 
 0 
 0 
 0 
 0 
 0 
 0 
 1 
 0 
 0 
 0 
 0 
 0 
 0 
 0 
 1 
 0 
 0 
 0 
 0 
 1 
 1 
 0 
 1 
 0 
 0 
 1 
 1 
 0 
 0 
 0 
 0 
 0 
 0 
 0 
 0 
 1 
 0 
 0 
 0 
 2 
 1 
 0 
 1 
 0 
 0 
 0 
 0 
 0 
 2 
 0 
 0 
 0 
 0 
 0 
 1 
 1 
 0 
 0 
 0 
 0 
 1 
 0 
 0 
 0 
 1 
 1 
 0 
 0 
 0 
 1 
 0 
 1 
 1 
 0 
 0 
 0 
 0 
 0 
 1 
 1 
 0 
 1 
 0 
 0 
 0 
 0 
 0 
 0 
 0 
 0 
 0 
 0 
 0 
 0 
 1 
 1 
 0 
 0 
 0 
 0 
 1 
 0 
 0 
 0 
 0 
 0 
 0 
 0 
 0 
 0 
 2 
 0 
 0 
 0 
 0 
 0 
 0 
 1 
 0 
 0 
 0 
 0 
 0 
 0 
 1 
 0 
 0 
 0 
 0 
 0 
 0 
 0 
 0 
 0 
 0 
 1 
 0 
 0 
 0 
 0 
 0 
 0 
 0 
 0 
 0 
 0 
 0 
 0 
 0 
 0 
 0 
 0 
 0 
 0 
 0 
 1 
 0 
 0 
 0 
 0 
 0 
 0 
 0 
 0 
 0 
 1 
 0 
 0 
 0 
 0 
 0 
 0 
 0 
 0 
 0 
 0 
 0 
 0 
 0 
 0 
 0 
 0 
 1 
 0 
 0 
 0 
 0 
 0 
 0 
 0 
 0 
 0 
 0 
 0 
 0 
 0 
 0 
 0 
 0 
 1 
 0 
 0 
 0 
 0 
 0 
 0 
 0 
 1 
 0 
 0 
 0 
 0 
 0 
 0 
 0 
 0 
 1 
 0 
 0 
 0 
 0 
 0 
 0 
 0 
 0 
 0 
 0 
 0 
 0 
 0 
 0 
 0 
 0 
 0 
 0 
 0 
 0 
 0 
 0 
 0 
 0 
 0 
 0 
 0 
 0 
 0 
 0 
 0 
 0 
 0 
 0 
 0 
 0 
 0 
 0 
 0 
 0 
 0 
 0 
 0 
 0 
 0 
 0 
 0 
 0 
 0 
 0 
 0 
 0 
 0 
 0 
 0 
 0 
 0 
 0 
 0 
 0 
 0 
 0 
 0 
 0 
 0 
 0 
 0 
 0 
 0 
 0 
 0 
 0 
 0 
 0 
 1 
 0 
 0 
 0 
 0 
 0 
 0 
 0 
 0 
 1 
 0 
 0 
 0 
 0 
 0 
 0 
 0 
 0 
 0 
 0 
 0 
 0 
 1 
 0 
 0 
 2 
 0 
 0 
 0 
 0 
 0 
 0 
 0 
 0 
 0 
 0 
 0 
 0 
 0 
 0 
 0 
 0 
 0 
 0 
 0 
 0 
 0 
 0 
 0 
 0 
 0 
 0 
 0 
 0 
 1 
 0 
 0 
 0 
 0 
 0 
 0 
 0 
 0 
 0 
 0 
 0 
 0 
 0 
 0 
 0 
 0 
 0 
 0 
 0 
 0 
 0 
 0 
 0 
 0 
 0 
 0 
 1 
 0 
 0 
 0 
 0 
 1 
 0 
 0 
 0 
 0 
 0 
 0 
 0 
 0 
 0 
 0 
 0 
 0 
 0 
 0 
 1 
 0 
 0 
 0 
 0 
 0 
 0 
 0 
 0 
 0 
 0 
 0 
 0 
 0 
 0 
 0 
 0 
 0 
 0 
 0 
 0 
 0 
 0 
 0 
 0 
 0 
 0 
 0 
 0 
 1 
 0 
 0 
 0 
 0 
 0 
 0 
 1 
 0 
 0 
 0 
 0 
 0 
 1 
 0 
 0 
 0 
 0 
 0 
 0 
 0 
 0 
 0 
 0 
 0 
 0 
 0 
 0 
 0 
 0 
 0 
 0 
 0 
 0 
 0 
 0 
 0 
 0 
 0 
 0 
 1 
 0 
 0 
 0 
 0 
 0 
 0 
 0 
 0 
 0 
 0 
 1 
 0 
 0 
 0 
 0 
 0 
 0 
 0 
 0 
 0 
 0 
 0 
 1 
 0 
 0 
 0 
 0 
 0 
 1 
 0 
 0 
 0 
 0 
 0 
 0 
 0 
 0 
 0 
 0 
 0 
 0 
 0 
 0 
 0 
 0 
 0 
 0 
 0 
 0 
 0 
 0 
 0 
 1 
 0 
 0 
 0 
 0 
 0 
 0 
 0 
 0 
 0 
 0 
 0 
 0 
 0 
 0 
 0 
 0 
 0 
 0 
 0 
 0 
 0 
 0 
 0 
 0 
 0 
 0 
 0 
 0 
 0 
 0 
 0 
 0 
 0 
 0 
 0 
 0 
 0 
 0 
 0 
 0 
 0 
 0 
 0 
 0 
 0 
 0 
 0 
 0 
 0 
 0 
 0 
 0 
 0 
 0 
 0 
 0 
 0 
 0 
 0 
 0 
 0 
 0 
 0 
 0 
 0 
 0 
 0 
 0 
 0 
 0 
 0 
 0 
 0 
 0 
 1 
 0 
 0 
 0 
 0 
 0 
 0 
 0 
 0 
 0 
 0 
 0 
 0 
 0 
 0 
 0 
 0 
 0 
 0 
 0 
 0 
 0 
 0 
 0 
 0 
 0 
 0 
 0 
 0 
 0 
 0 
 0 
 0 
 0 
 0 
 0 
 0 
 0 
 0 
 0 
 0 
 0 
 0 
 0 
 0 
 0 
 0 
 0 
 0 
 0 
 0 
 0 
 0 
 0 
 0 
 0 
 0 
 0 
 0 
 0 
 0 
 0 
 0 
 0 
 0 
 0 
 0 
 0 
 0 
 0 
 0 
 0 
 0 
 0 
 0 
 0 
 0 
 0 
 0 
 0 
 0 
 0 
 0 
 0 
 0 
 0 
 0 
 0 
 0 
 0 
 0 
 0 
 0 
 0 
 0 
 0 
 0 
 0 
 0 
 0 
 0 
 0 
 0 
 0 
 0 
 0 
 0 
 0 
 0 
 0 
 0 
 0 
 0 
 0 
 0 
 0 
 0 
 0 
 0 
 0 
 0 
 0 
 0 
 0 
 0 
 0 
 0 
 0 
 0 
 0 
 0 
 0 
 0 
 0 
 0 
 0 
 0 
 1 
 0 
 0 
 0 
 0 
 0 
 0 
 0 
 0 
 0 
 0 
 0 
 0 
 0 
 0 
 0 
 0 
 0 
 0 
 0 
 0 
 0 
 0 
 0 
 0 
 0 
 0 
 0 
 0 
 0 
 0 
 0 
 0 
 0 
 0 
 0 
 0 
 0 
 0 
 1 
 0 
 0 
 0 
 0 
 0 
 0 
 0 
 0 
 0 
 0 
 1 
 0 
 0 
 0 
 0 
 0 
 0 
 0 
 0 
 0 
 0 
 0 
 0 
 0 
 0 
 0 
 0 
 0 
 0 
 0 
 0 
 0 
 0 
 0 
 0 
 0 
 0 
 0 
 0 
 0 
 0 
 0 
 0 
 0 
 0 
 0 
 0 
 0 
 0 
 0 
 0 
 0 
 0 
 1 
 0 
 0 
 0 
 0 
 0 
 0 
 0 
 0 
 0 
 0 
 0 
 0 
 0 
 0 
 0 
 1 
 0 
 0 
 0 
 0 
 0 
 0 
 0 
 0 
 0 
 0 
 0 
 0 
 0 
 0 
 0 
 1 
 0 
 0 
 0 
 0 
 0 
 0 
 0 
 0 
 0 
 0 
 0 
 0 
 0 
 0 
 0 
 1 
 0 
 0 
 0 
 0 
 0 
 0 
 0 
 0 
 0 
 0 
 0 
 0 
 0 
 0 
 0 
 0 
 1 
 0 
 0 
 0 
 0 
 0 
 0 
 0 
 0 
 0 
 0 
 0 
 0 
 0 
 0 
 0 
 0 
 0 
 0 
 0 
 0 
 0 
 0 
 0 
 0 
 0 
 1 
 0 
 0 
 0 
 0 
 0 
 0 
 0 
 0 
 0 
 1 
 0 
 0 
 0 
 0 
 0 
 0 
 0 
 0 
 0 
 0 
 0 
 0 
 0 
 1 
 0 
 0 
 1 
 0 
 0 
 0 
 0 
 0 
 0 
 0 
 0 
 0 
 0 
 0 
 0 
 0 
 0 
 0 
 0 
 0 
 0 
 0 
 0 
 0 
 0 
 0 
 0 
 0 
 0 
 0 
 0 
 0 
 0 
 0 
 0 
 0 
 0 
 0 
 0 
 0 
 0 
 0 
 0 
 0 
 0 
 0 
 0 
 0 
 0 
 1 
 0 
 0 
 0 
 0 
 0 
 0 
 0 
 0 
 0 
 0 
 0 
 0 
 0 
 0 
 0 
 0 
 0 
 0 
 0 
 0 
 0 
 0 
 0 
 0 
 0 
 0 
 0 
 0 
 0 
 0 
 0 
 0 
 0 
 0 
 0 
 0 
 0 
 0 
 0 
 0 
 0 
 0 
 0 
 0 
 0 
 0 
 0 
 0 
 0 
 0 
 0 
 0 
 0 
 0 
 0 
 0 
 0 
 0 
 0 
 0 
 0 
 0 
 0 
 0 
 0 
 0 
 0 
 0 
 0 
 0 
 0 
 0 
 0 
 0 
 0 
 0 
 0 
 0 
 0 
 0 
 0 
 0 
 0 
 0 
 0 
 0 
 0 
 0 
 0 
 0 
 0 
 0 
 0 
 0 
 0 
 0 
 0 
 0 
 0 
 0 
 0 
 0 
 0 
 0 
 0 
 0 
 0 
 0 
 0 
 0 
 0 
 0 
 0 
 0 
 0 
 0 
 0 
 0 
 0 
 0 
 0 
 0 
 0 
 0 
 0 
 1 
 0 
 0 
 0 
 0 
 0 
 0 
 0 
 0 
 0 
 0 
 0 
 0 
 0 
 0 
 0 
 0 
 0 
 0 
 0 
 0 
 0 
 0 
 0 
 0 
 0 
 0 
 0 
 0 
 0 
 0 
 1 
 0 
 0 
 0 
 0 
 0 
 0 
 0 
 0 
 0 
 0 
 0 
 0 
 0 
 0 
 0 
 0 
 0 
 0 
 0 
 0 
 0 
 0 
 0 
 0 
 0 
 0 
 0 
 0 
 0 
 0 
 1 
 0 
 1 
 0 
 0 
 0 
 0 
 0 
 0 
 0 
 0 
 0 
 0 
 0 
 0 
 0 
 0 
 0 
 0 
 0 
 0 
 0 
 0 
 0 
 0 
 0 
 0 
 0 
 0 
 0 
 0 
 0 
 0 
 0 
 0 
 0 
 0 
 0 
 0 
 0 
 0 
 0 
 0 
 0 
 0 
 0 
 0 
 0 
 0 
 0 
 0 
 0 
 0 
 0 
 0 
 0 
 0 
 0 
 0 
 0 
 0 
 0 
 0 
 0 
 0 
 0 
 0 
 0 
 0 
 0 
 0 
 0 
 0 
 0 
 0 
 0 
 0 
 0 
 0 
 0 
 0 
 0 
 0 
 0 
 0 
 0 
 0 
 0 
 0 
 0 
 0 
 0 
 0 
 0 
 0 
 0 
 0 
 0 
 0 
 0 
 0 
 0 
 0 
 0 
 0 
 0 
 0 
 0 
 0 
 0 
 0 
 0 
 0 
 0 
 0 
 1 
 0 
 0 
 0 
 1 
 0 
 0 
 0 
 0 
 0 
 0 
 0 
 1 
 0 
 0 
 0 
 0 
 0 
 0 
 0 
 0 
 0 
 0 
 0 
 0 
 0 
 0 
 0 
 0 
 0 
 1 
 0 
 0 
 0 
 0 
 0 
 0 
 0 
 0 
 0 
 0 
 0 
 0 
 0 
 0 
 0 
 0 
 0 
 0 
 0 
 0 
 0 
 0 
 0 
 0 
 0 
 0 
 1 
 0 
 0 
 0 
 0 
 0 
 0 
 0 
 0 
 0 
 0 
 0 
 0 
 0 
 0 
 0 
 0 
 0 
 0 
 0 
 1 
 0 
 0 
 0 
 0 
 0 
 0 
 0 
 0 
 0 
 0 
 0 
 0 
 0 
 0 
 0 
 0 
 0 
 0 
 0 
 0 
 0 
 0 
 0 
 0 
 0 
 0 
 0 
 0 
 0 
 0 
 0 
 0 
 0 
 0 
 0 
 0 
 0 
 0 
 0 
 0 
 0 
 0 
 1 
 0 
 0 
 0 
 0 
 0 
 0 
 0 
 0 
 0 
 0 
 0 
 0 
 0 
 0 
 0 
 0 
 0 
 0 
 0 
 0 
 0 
 0 
 0 
 0 
 0 
 0 
 0 
 0 
 0 
 0 
 0 
 0 
 0 
 0 
 0 
 0 
 0 
 0 
 0 
 0 
 0 
 0 
 0 
 0 
 0 
 0 
 0 
 0 
 0 
 0 
 0 
 0 
 0 
 0 
 0 
 0 
 0 
 0 
 0 
 0 
 0 
 0 
 0 
 0 
 0 
 0 
 0 
 0 
 0 
 0 
 0 
 0 
 0 
 0 
 0 
 0 
 0 
 0 
 0 
 0 
 0 
 0 
 0 
 0 
 0 
 0 
 0 
 0 
 0 
 0 
 0 
 0 
 0 
 0 
 0 
 0 
 0 
 0 
 0 
 0 
 0 
 0 
 0 
 0 
 0 
 0 
 0 
 0 
 0 
 0 
 0 
 0 
 0 
 0 
 0 
 0 
 0 
 0 
 0 
 0 
 0 
 0 
 0 
 0 
 0 
 0 
 0 
 0 
 0 
 0 
 0 
 0 
 0 
 0 
 0 
 0 
 0 
 0 
 0 
 0 
 0 
 0 
 0 
 0 
 0 
 0 
 0 
 0 
 0 
 0 
 0 
 0 
 0 
 0 
 0 
 0 
 0 
 0 
 0 
 0 
 0 
 0 
 0 
 0 
 0 
 0 
 0 
 0 
 0 
 0 
 0 
 0 
 0 
 0 
 0 
 0 
 0 
 0 
 0 
 0 
 0 
 0 
 0 
 0 
 0 
 0 
 0 
 0 
 0 
 0 
 0 
 0 
 0 
 0 
 0 
 0 
 0 
 0 
 0 
 0 
 0 
 0 
 0 
 0 
 0 
 0 
 0 
 0 
 0 
 0 
 0 
 0 
 0 
 0 
 0 
 0 
 0 
 1 
 0 
 0 
 0 
 0 
 0 
 0 
 0 
 0 
 0 
 0 
 0 
 0 
 0 
 0 
 0 
 0 
 0 
 0 
 0 
 0 
 0 
 0 
 0 
 0 
 0 
 0 
 0 
 0 
 0 
 0 
 0 
 0 
 1 
 0 
 0 
 0 
 0 
 0 
 0 
 0 
 0 
 0 
 0 
 0 
 0 
 0 
 0 
 0 
 0 
 0 
 0 
 0 
 0 
 0 
 0 
 0 
 0 
 0 
 0 
 0 
 0 
 0 
 0 
 0 
 0 
 0 
 0 
 0 
 0 
 0 
 0 
 0 
 0 
 0 
 0 
 0 
 0 
 0 
 0 
 0 
 0 
 0 
 0 
 0 
 0 
 0 
 0 
 0 
 0 
 0 
 0 
 0 
 0 
 0 
 0 
 0 
 0 
 0 
 0 
 0 
 0 
 0 
 0 
 0 
 0 
 0 
 0 
 0 
 0 
 0 
 0 
 0 
 0 
 0 
 0 
 0 
 0 
 0 
 0 
 0 
 0 
 0 
 0 
 0 
 0 
 0 
 0 
 0 
 0 
 0 
 0 
 0 
 0 
 0 
 0 
 0 
 0 
 0 
 0 
 0 
 0 
 0 
 0 
 0 
 0 
 0 
 0 
 0 
 0 
 0 
 0 
 0 
 0 
 0 
 0 
 0 
 0 
 0 
 0 
 0 
 0 
 0 
 0 
 0 
 0 
 0 
 0 
 0 
 0 
 0 
 0 
 0 
 0 
 0 
 0 
 0 
 0 
 0 
 0 
 0 
 0 
 0 
 0 
 0 
 0 
 0 
 0 
 0 
 0 
 0 
 0 
 0 
 0 
 0 
 0 
 0 
 0 
 0 
 0 
 0 
 0 
 0 
 0 
 0 
 0 
 0 
 0 
 0 
 0 
 0 
 0 
 0 
 0 
 0 
 0 
 0 
 0 
 0 
 0 
 0 
 0 
 0 
 0 
 0 
 0 
 0 
 0 
 0 
 0 
 0 
 0 
 0 
 0 
 0 
 0 
 0 
 0 
 0 
 0 
 0 
 0 
 0 
 0 
 0 
 0 
 0 
 0 
 0 
 0 
 0 
 0 
 0 
 0 
 0 
 0 
 0 
 0 
 0 
 0 
 0 
 0 
 0 
 0 
 0 
 0 
 0 
 0 
 0 
 0 
 0 
 0 
 0 
 0 
 0 
 0 
 0 
 0 
 0 
 0 
 0 
 0 
 0 
 0 
 0 
 0 
 0 
 0 
 0 
 0 
 0 
 0 
 0 
 0 
 0 
 0 
 0 
 0 
 0 
 0 
 0 
 0 
 0 
 0 
 0 
 0 
 0 
 0 
 0 
 0 
 0 
 0 
 0 
 0 
 0 
 0 
 0 
 0 
 0 
 0 
 0 
 0 
 0 
 0 
 0 
 0 
 0 
 0 
 0 
 0 
 0 
 0 
 0 
 0 
 0 
 0 
 0 
 0 
 0 
 0 
 0 
 0 
 0 
 0 
 0 
 0 
 0 
 0 
 0 
 0 
 0 
 0 
 0 
 0 
 0 
 0 
 0 
 0 
 0 
 0 
 0 
 0 
 0 
 0 
 0 
 0 
 0 
 0 
 0 
 0 
 0 
 0 
 0 
 0 
 0 
 0 
 0 
 0 
 0 
 0 
 0 
 0 
 0 
 0 
 0 
 0 
 0 
 0 
 0 
 0 
 0 
 0 
 0 
 0 
 0 
 0 
 0 
 0 
 1 
 0 
 0 
 0 
 0 
 0 
 0 
 0 
 0 
 0 
 0 
 0 
 0 
 0 
 0 
 0 
 0 
 0 
 0 
 0 
 0 
 0 
 0 
 0 
 0 
 0 
 0 
 0 
 0 
 0 
 0 
 0 
 0 
 0 
 0 
 0 
 0 
 0 
 0 
 0 
 0 
 0 
 0 
 0 
 0 
 0 
 0 
 0 
 0 
 0 
 0 
 0 
 0 
 0 
 0 
 0 
 0 
 0 
 0 
 0 
 0 
 0 
 0 
 0 
 0 
 0 
 0 
 0 
 0 
 0 
 0 
 0 
 0 
 0 
 0 
 0 
 0 
 0 
 0 
 0 
 0 
 0 
 0 
 0 
 0 
 0 
 0 
 0 
 0 
 0 
 0 
 0 
 0 
 0 
 0 
 0 
 0 
 0 
 0 
 0 
 0 
 0 
 0 
 0 
 0 
 0 
 0 
 0 
 0 
 0 
 0 
 0 
 0 
 0 
 0 
 0 
 0 
 0 
 0 
 0 
 0 
 0 
 0 
 0 
 0 
 0 
 0 
 0 
 0 
 0 
 0 
 0 
 0 
 0 
 0 
 0 
 0 
 1 
 0 
 0 
 0 
 0 
 0 
 0 
 0 
 0 
 0 
 0 
 0 
 0 
 0 
 0 
 0 
 0 
 0 
 0 
 0 
 0 
 0 
 0 
 0 
 0 
 0 
 0 
 0 
 0 
 0 
 0 
 0 
 0 
 0 
 0 
 0 
 0 
 0 
 0 
 0 
 0 
 0 
 0 
 0 
 0 
 0 
 0 
 0 
 0 
 0 
 0 
 0 
 0 
 0 
 0 
 0 
 0 
 0 
 0 
 0 
 0 
 0 
 0 
 0 
 0 
 0 
 0 
 0 
 0 
 0 
 0 
 0 
 0 
 0 
 0 
 0 
 0 
 0 
 0 
 0 
 0 
 0 
 0 
 0 
 0 
 0 
 0 
 0 
 0 
 0 
 0 
 0 
 0 
 0 
 0 
 0 
 0 
 0 
 0 
 0 
 0 
 0 
 0 
 0 
 0 
 0 
 0 
 0 
 0 
 0 
 0 
 0 
 0 
 0 
 0 
 0 
 0 
 0 
 0 
 0 
 0 
 0 
 0 
 0 
 0 
 0 
 0 
 0 
 0 
 0 
 0 
 0 
 0 
 0 
 0 
 0 
 0 
 0 
 0 
 0 
 0 
 0 
 0 
 0 
 0 
 0 
 0 
 0 
 0 
 0 
 0 
 0 
 0 
 0 
 0 
 0 
 0 
 0 
 0 
 0 
 0 
 0 
 0 
 1 
 0 
 0 
 0 
 0 
 0 
 0 
 0 
 0 
 0 
 0 
 0 
 0 
 0 
 0 
 0 
 0 
 0 
 0 
 0 
 0 
 0 
 0 
 0 
 0 
 0 
 0 
 0 
 0 
 0 
 0 
 0 
 0 
 0 
 0 
 0 
 0 
 0 
 0 
 0 
 0 
 0 
 0 
 0 
 0 
 0 
 0 
 0 
 0 
 0 
 0 
 0 
 0 
 0 
 0 
 0 
 0 
 0 
 0 
 0 
 0 
 0 
 0 
 0 
 0 
 0 
 0 
 0 
 0 
 0 
 0 
 0 
 0 
 0 
 0 
 0 
 0 
 0 
 0 
 0 
 0 
 0 
 0 
 0 
 0 
 0 
 0 
 0 
 0 
 0 
 0 
 0 
 0 
 0 
 0 
 0 
 0 
 0 
 0 
 0 
 0 
 0 
 0 
 0 
 0 
 0 
 0 
 0 
 0 
 0 
 0 
 0 
 0 
 0 
 0 
 0 
 0 
 0 
 0 
 0 
 0 
 0 
 0 
 0 
 0 
 0 
 0 
 0 
 0 
 0 
 0 
 0 
 0 
 0 
 0 
 0 
 0 
 0 
 0 
 0 
 0 
 0 
 0 
 0 
 0 
 0 
 0 
 0 
 0 
 0 
 0 
 0 
 0 
 0 
 0 
 0 
 0 
 0 
 0 
 0 
 0 
 0 
 0 
 0 
 0 
 0 
 0 
 0 
 0 
 0 
 0 
 0 
 0 
 0 
 0 
 0 
 0 
 0 
 0 
 0 
 0 
 0 
 0 
 0 
 0 
 0 
 0 
 0 
 0 
 0 
 0 
 0 
 0 
 0 
 0 
 0 
 0 
 0 
 0 
 0 
 0 
 0 
