 0 
 1 
 1 
 0 
 0 
 0 
 1 
 0 
 2 
 1 
 1 
 0 
 3 
 3 
 1 
 2 
 2 
 1 
 6 
 3 
 9 
 10 
 10 
 15 
 21 
 34 
 44 
 54 
 77 
 109 
 127 
 170 
 227 
 258 
 318 
 399 
 480 
 500 
 517 
 600 
 631 
 617 
 662 
 736 
 717 
 657 
 742 
 752 
 751 
 747 
 747 
 740 
 779 
 765 
 795 
 795 
 773 
 752 
 785 
 767 
 813 
 798 
 837 
 866 
 794 
 893 
 885 
 893 
 992 
 1044 
 1028 
 1149 
 1175 
 1159 
 1262 
 1358 
 1322 
 1370 
 1337 
 1307 
 1358 
 1415 
 1390 
 1302 
 1189 
 1253 
 1284 
 1279 
 1244 
 1291 
 1249 
 1227 
 1238 
 1148 
 1192 
 1169 
 1117 
 1160 
 1098 
 1092 
 1105 
 1119 
 1001 
 991 
 916 
 964 
 930 
 875 
 866 
 816 
 839 
 809 
 800 
 816 
 777 
 777 
 720 
 755 
 717 
 708 
 719 
 714 
 689 
 684 
 691 
 668 
 662 
 681 
 693 
 710 
 687 
 767 
 693 
 681 
 656 
 677 
 681 
 679 
 662 
 682 
 690 
 661 
 651 
 679 
 698 
 705 
 691 
 653 
 673 
 688 
 638 
 675 
 664 
 641 
 694 
 611 
 671 
 638 
 656 
 687 
 720 
 672 
 753 
 670 
 658 
 665 
 648 
 734 
 707 
 704 
 744 
 671 
 671 
 755 
 697 
 650 
 692 
 716 
 732 
 709 
 743 
 701 
 723 
 741 
 695 
 720 
 711 
 677 
 697 
 683 
 735 
 734 
 809 
 774 
 757 
 756 
 724 
 762 
 787 
 792 
 821 
 740 
 810 
 827 
 836 
 822 
 828 
 868 
 885 
 813 
 869 
 855 
 845 
 863 
 908 
 926 
 859 
 910 
 861 
 891 
 883 
 860 
 889 
 918 
 892 
 880 
 894 
 948 
 900 
 824 
 895 
 881 
 843 
 914 
 856 
 846 
 938 
 915 
 843 
 874 
 906 
 908 
 836 
 882 
 863 
 923 
 884 
 836 
 963 
 880 
 926 
 921 
 892 
 895 
 909 
 928 
 889 
 884 
 926 
 937 
 899 
 963 
 900 
 931 
 918 
 971 
 855 
 909 
 902 
 887 
 918 
 877 
 864 
 912 
 899 
 922 
 904 
 899 
 852 
 938 
 892 
 849 
 853 
 852 
 852 
 860 
 877 
 895 
 858 
 918 
 869 
 839 
 885 
 849 
 889 
 895 
 830 
 831 
 847 
 865 
 817 
 808 
 784 
 839 
 904 
 811 
 868 
 841 
 811 
 801 
 779 
 833 
 798 
 845 
 773 
 773 
 842 
 781 
 801 
 782 
 766 
 832 
 849 
 764 
 759 
 809 
 812 
 800 
 810 
 785 
 845 
 785 
 762 
 757 
 813 
 811 
 789 
 817 
 821 
 847 
 800 
 832 
 835 
 818 
 753 
 807 
 815 
 812 
 822 
 797 
 792 
 798 
 765 
 806 
 862 
 768 
 782 
 726 
 765 
 740 
 839 
 799 
 782 
 742 
 742 
 772 
 739 
 742 
 782 
 738 
 723 
 694 
 635 
 645 
 620 
 683 
 686 
 683 
 636 
 608 
 609 
 597 
 590 
 568 
 578 
 574 
 570 
 544 
 513 
 528 
 526 
 519 
 507 
 443 
 466 
 433 
 421 
 452 
 439 
 398 
 438 
 436 
 437 
 408 
 385 
 436 
 361 
 364 
 392 
 427 
 388 
 376 
 403 
 362 
 350 
 368 
 326 
 338 
 353 
 342 
 343 
 332 
 335 
 336 
 361 
 320 
 312 
 294 
 325 
 299 
 332 
 301 
 328 
 290 
 318 
 305 
 351 
 317 
 324 
 287 
 304 
 291 
 305 
 297 
 283 
 301 
 293 
 292 
 261 
 265 
 315 
 286 
 284 
 285 
 277 
 266 
 280 
 306 
 297 
 284 
 273 
 291 
 277 
 262 
 279 
 261 
 285 
 268 
 298 
 287 
 272 
 248 
 291 
 265 
 242 
 301 
 274 
 280 
 267 
 259 
 242 
 260 
 273 
 277 
 265 
 228 
 228 
 234 
 241 
 264 
 268 
 265 
 249 
 237 
 261 
 260 
 262 
 244 
 246 
 243 
 249 
 259 
 265 
 222 
 276 
 262 
 259 
 236 
 255 
 240 
 239 
 255 
 268 
 241 
 271 
 248 
 265 
 274 
 258 
 241 
 289 
 272 
 244 
 248 
 284 
 299 
 278 
 280 
 298 
 292 
 319 
 312 
 339 
 352 
 383 
 389 
 419 
 458 
 510 
 539 
 545 
 540 
 601 
 669 
 706 
 757 
 869 
 933 
 1012 
 1045 
 1201 
 1195 
 1327 
 1330 
 1552 
 1576 
 1729 
 1862 
 2010 
 2031 
 2132 
 2258 
 2422 
 2534 
 2658 
 2775 
 2818 
 2981 
 3159 
 3229 
 3361 
 3506 
 3739 
 3646 
 3722 
 3874 
 3907 
 4123 
 4143 
 4067 
 4235 
 4140 
 4264 
 4257 
 4342 
 4362 
 4395 
 4338 
 4179 
 4058 
 4020 
 3953 
 3915 
 3854 
 3815 
 3827 
 3517 
 3493 
 3356 
 3188 
 3152 
 3011 
 2832 
 2751 
 2549 
 2576 
 2327 
 2240 
 1960 
 1976 
 1890 
 1737 
 1585 
 1476 
 1425 
 1298 
 1243 
 1096 
 1006 
 982 
 917 
 812 
 758 
 652 
 614 
 624 
 570 
 498 
 470 
 408 
 406 
 359 
 337 
 309 
 303 
 271 
 273 
 192 
 241 
 229 
 218 
 201 
 186 
 184 
 176 
 159 
 157 
 163 
 155 
 144 
 143 
 143 
 159 
 143 
 150 
 119 
 141 
 142 
 133 
 134 
 143 
 142 
 105 
 105 
 148 
 140 
 135 
 150 
 141 
 135 
 117 
 136 
 126 
 130 
 143 
 107 
 140 
 119 
 129 
 113 
 129 
 136 
 157 
 145 
 104 
 130 
 117 
 142 
 150 
 154 
 123 
 145 
 140 
 131 
 137 
 124 
 128 
 156 
 131 
 116 
 127 
 112 
 134 
 119 
 139 
 140 
 116 
 130 
 125 
 129 
 112 
 138 
 141 
 131 
 122 
 124 
 113 
 135 
 126 
 108 
 120 
 123 
 121 
 132 
 106 
 131 
 123 
 123 
 119 
 118 
 138 
 140 
 130 
 121 
 117 
 134 
 121 
 125 
 122 
 117 
 125 
 109 
 130 
 125 
 132 
 126 
 129 
 122 
 136 
 111 
 130 
 131 
 125 
 124 
 149 
 99 
 127 
 133 
 116 
 134 
 123 
 111 
 139 
 126 
 127 
 134 
 136 
 134 
 109 
 134 
 105 
 146 
 137 
 141 
 135 
 153 
 121 
 122 
 137 
 145 
 118 
 125 
 131 
 127 
 132 
 124 
 122 
 128 
 119 
 119 
 126 
 114 
 138 
 137 
 126 
 145 
 141 
 128 
 115 
 113 
 128 
 137 
 99 
 126 
 127 
 132 
 103 
 127 
 129 
 117 
 130 
 113 
 160 
 140 
 126 
 133 
 146 
 127 
 124 
 135 
 144 
 131 
 138 
 126 
 130 
 137 
 122 
 145 
 123 
 117 
 140 
 131 
 135 
 133 
 128 
 139 
 115 
 129 
 131 
 127 
 145 
 144 
 131 
 138 
 124 
 139 
 124 
 126 
 112 
 140 
 120 
 137 
 140 
 127 
 129 
 138 
 139 
 114 
 127 
 128 
 149 
 153 
 140 
 133 
 136 
 138 
 134 
 130 
 125 
 130 
 141 
 117 
 121 
 122 
 133 
 110 
 115 
 153 
 136 
 122 
 154 
 147 
 129 
 123 
 117 
 138 
 138 
 132 
 143 
 138 
 125 
 138 
 109 
 142 
 134 
 129 
 137 
 126 
 116 
 146 
 130 
 142 
 145 
 137 
 122 
 121 
 117 
 136 
 125 
 135 
 143 
 131 
 121 
 130 
 142 
 131 
 107 
 127 
 141 
 127 
 130 
 133 
 124 
 111 
 135 
 126 
 139 
 127 
 125 
 138 
 146 
 145 
 131 
 151 
 121 
 132 
 127 
 143 
 119 
 125 
 116 
 150 
 148 
 111 
 137 
 120 
 129 
 115 
 119 
 148 
 121 
 143 
 149 
 144 
 113 
 152 
 115 
 130 
 132 
 143 
 117 
 134 
 137 
 142 
 141 
 138 
 131 
 152 
 121 
 131 
 150 
 129 
 133 
 127 
 122 
 147 
 149 
 120 
 120 
 146 
 130 
 126 
 136 
 123 
 126 
 122 
 131 
 150 
 157 
 154 
 133 
 140 
 129 
 121 
 126 
 115 
 135 
 150 
 126 
 140 
 127 
 127 
 132 
 119 
 142 
 129 
 134 
 139 
 135 
 118 
 149 
 144 
 139 
 164 
 126 
 148 
 147 
 124 
 131 
 151 
 157 
 129 
 135 
 139 
 142 
 112 
 135 
 150 
 137 
 145 
 133 
 130 
 153 
 161 
 151 
 141 
 135 
 150 
 145 
 143 
 167 
 141 
 143 
 132 
 133 
 137 
 140 
 132 
 150 
 150 
 147 
 149 
 149 
 159 
 131 
 123 
 161 
 138 
 158 
 162 
 143 
 165 
 148 
 155 
 136 
 167 
 150 
 145 
 163 
 183 
 123 
 169 
 140 
 157 
 170 
 158 
 154 
 165 
 176 
 163 
 151 
 160 
 165 
 132 
 144 
 170 
 157 
 155 
 164 
 156 
 147 
 156 
 172 
 162 
 167 
 160 
 142 
 169 
 179 
 183 
 158 
 153 
 167 
 183 
 172 
 142 
 176 
 138 
 167 
 161 
 160 
 170 
 144 
 146 
 172 
 170 
 189 
 151 
 174 
 150 
 166 
 150 
 166 
 148 
 148 
 162 
 153 
 167 
 146 
 161 
 157 
 150 
 142 
 157 
 148 
 128 
 138 
 131 
 156 
 154 
 153 
 133 
 142 
 121 
 141 
 133 
 129 
 133 
 112 
 151 
 153 
 124 
 131 
 125 
 107 
 130 
 111 
 114 
 124 
 130 
 123 
 109 
 107 
 130 
 122 
 106 
 98 
 105 
 107 
 108 
 117 
 103 
 87 
 107 
 110 
 100 
 100 
 88 
 89 
 84 
 97 
 83 
 85 
 78 
 92 
 79 
 88 
 86 
 86 
 69 
 79 
 70 
 67 
 79 
 67 
 60 
 69 
 50 
 71 
 62 
 64 
 82 
 80 
 59 
 59 
 70 
 65 
 55 
 69 
 66 
 61 
 54 
 63 
 63 
 60 
 76 
 57 
 56 
 67 
 44 
 57 
 62 
 49 
 49 
 60 
 44 
 39 
 52 
 43 
 47 
 52 
 53 
 36 
 53 
 43 
 44 
 38 
 46 
 55 
 39 
 47 
 38 
 41 
 40 
 37 
 51 
 36 
 34 
 41 
 46 
 39 
 35 
 35 
 36 
 41 
 42 
 28 
 31 
 41 
 43 
 33 
 28 
 42 
 40 
 33 
 37 
 41 
 38 
 21 
 34 
 32 
 37 
 23 
 36 
 31 
 31 
 26 
 26 
 37 
 34 
 30 
 28 
 23 
 40 
 28 
 28 
 32 
 30 
 27 
 18 
 28 
 23 
 37 
 24 
 27 
 30 
 21 
 31 
 38 
 16 
 32 
 23 
 37 
 23 
 24 
 27 
 23 
 31 
 25 
 25 
 29 
 27 
 24 
 28 
 22 
 30 
 26 
 26 
 27 
 29 
 26 
 30 
 28 
 26 
 25 
 28 
 25 
 32 
 31 
 33 
 34 
 27 
 29 
 33 
 41 
 28 
 48 
 30 
 37 
 49 
 58 
 50 
 53 
 55 
 55 
 64 
 64 
 63 
 87 
 76 
 67 
 82 
 93 
 99 
 76 
 110 
 90 
 102 
 133 
 97 
 120 
 136 
 137 
 129 
 133 
 139 
 161 
 156 
 145 
 174 
 182 
 192 
 195 
 237 
 229 
 252 
 258 
 255 
 265 
 279 
 292 
 284 
 290 
 287 
 294 
 317 
 344 
 332 
 381 
 313 
 381 
 403 
 367 
 395 
 463 
 444 
 451 
 425 
 438 
 421 
 448 
 434 
 497 
 452 
 459 
 486 
 480 
 492 
 486 
 485 
 475 
 492 
 554 
 520 
 524 
 518 
 539 
 528 
 574 
 539 
 528 
 508 
 505 
 520 
 517 
 492 
 560 
 506 
 530 
 483 
 494 
 473 
 492 
 477 
 445 
 479 
 414 
 396 
 416 
 443 
 413 
 397 
 375 
 380 
 362 
 378 
 334 
 375 
 356 
 322 
 310 
 320 
 307 
 290 
 288 
 279 
 273 
 253 
 268 
 234 
 235 
 230 
 225 
 217 
 165 
 211 
 190 
 181 
 166 
 175 
 154 
 164 
 136 
 141 
 137 
 129 
 123 
 108 
 122 
 110 
 113 
 97 
 91 
 105 
 90 
 82 
 65 
 86 
 69 
 83 
 65 
 63 
 62 
 69 
 59 
 69 
 51 
 52 
 51 
 46 
 46 
 38 
 48 
 33 
 49 
 41 
 39 
 25 
 50 
 36 
 28 
 36 
 40 
 32 
 30 
 31 
 30 
 23 
 28 
 21 
 29 
 34 
 25 
 37 
 17 
 20 
 24 
 19 
 21 
 27 
 25 
 25 
 22 
 22 
 17 
 15 
 19 
 26 
 17 
 23 
 20 
 16 
 28 
 18 
 24 
 24 
 17 
 20 
 13 
 22 
 19 
 14 
 25 
 20 
 24 
 16 
 15 
 22 
 21 
 15 
 18 
 17 
 20 
 14 
 25 
 18 
 15 
 17 
 17 
 21 
 11 
 16 
 17 
 19 
 13 
 25 
 20 
 22 
 14 
 22 
 24 
 18 
 23 
 23 
 25 
 17 
 18 
 13 
 13 
 19 
 24 
 19 
 19 
 18 
 16 
 18 
 23 
 19 
 23 
 14 
 16 
 18 
 25 
 18 
 15 
 13 
 15 
 15 
 20 
 18 
 19 
 15 
 17 
 11 
 24 
 27 
 12 
 12 
 15 
 18 
 13 
 14 
 15 
 17 
 17 
 20 
 14 
 21 
 27 
 21 
 18 
 24 
 18 
 19 
 20 
 14 
 20 
 12 
 31 
 18 
 11 
 21 
 20 
 18 
 27 
 14 
 22 
 20 
 24 
 25 
 21 
 25 
 19 
 17 
 16 
 22 
 28 
 22 
 17 
 21 
 22 
 15 
 22 
 25 
 19 
 37 
 20 
 19 
 18 
 17 
 17 
 19 
 16 
 24 
 18 
 13 
 17 
 16 
 23 
 17 
 18 
 23 
 15 
 21 
 13 
 14 
 17 
 11 
 24 
 16 
 21 
 14 
 24 
 18 
 21 
 17 
 25 
 17 
 20 
 13 
 13 
 21 
 21 
 24 
 15 
 11 
 14 
 19 
 24 
 15 
 14 
 22 
 13 
 19 
 19 
 16 
 21 
 19 
 22 
 22 
 19 
 17 
 15 
 15 
 26 
 21 
 15 
 14 
 12 
 20 
 24 
 24 
 17 
 27 
 15 
 13 
 16 
 11 
 14 
 16 
 15 
 12 
 15 
 21 
 15 
 17 
 13 
 11 
 12 
 12 
 11 
 17 
 15 
 13 
 17 
 6 
 20 
 18 
 13 
 17 
 20 
 14 
 11 
 10 
 11 
 4 
 12 
 14 
 16 
 12 
 12 
 9 
 13 
 11 
 10 
 12 
 4 
 14 
 4 
 20 
 10 
 10 
 9 
 11 
 7 
 8 
 7 
 9 
 8 
 13 
 17 
 10 
 13 
 7 
 6 
 11 
 12 
 12 
 9 
 7 
 5 
 14 
 7 
 6 
 7 
 5 
 8 
 13 
 7 
 8 
 6 
 7 
 5 
 7 
 8 
 5 
 7 
 6 
 3 
 6 
 7 
 6 
 6 
 13 
 4 
 5 
 3 
 4 
 5 
 7 
 2 
 3 
 6 
 5 
 3 
 4 
 4 
 3 
 4 
 2 
 9 
 4 
 3 
 4 
 4 
 5 
 4 
 4 
 1 
 4 
 4 
 4 
 5 
 7 
 3 
 4 
 2 
 4 
 2 
 4 
 4 
 3 
 4 
 2 
 3 
 1 
 9 
 3 
 1 
 2 
 2 
 7 
 4 
 5 
 2 
 4 
 4 
 7 
 1 
 6 
 5 
 7 
 6 
 1 
 3 
 3 
 3 
 4 
 2 
 5 
 2 
 2 
 5 
 3 
 1 
 4 
 4 
 4 
 2 
 2 
 6 
 5 
 1 
 4 
 1 
 6 
 1 
 8 
 3 
 4 
 2 
 3 
 2 
 4 
 2 
 5 
 3 
 8 
 4 
 7 
 5 
 3 
 6 
 7 
 4 
 6 
 12 
 8 
 8 
 7 
 4 
 6 
 5 
 6 
 10 
 7 
 7 
 7 
 8 
 7 
 8 
 7 
 12 
 12 
 10 
 13 
 14 
 11 
 14 
 18 
 13 
 14 
 16 
 10 
 11 
 20 
 18 
 16 
 16 
 12 
 7 
 16 
 16 
 15 
 12 
 21 
 14 
 16 
 27 
 19 
 23 
 28 
 20 
 19 
 23 
 15 
 30 
 27 
 25 
 21 
 28 
 15 
 34 
 30 
 22 
 30 
 40 
 27 
 29 
 25 
 34 
 27 
 17 
 28 
 26 
 30 
 22 
 25 
 30 
 27 
 37 
 39 
 22 
 28 
 30 
 40 
 32 
 29 
 34 
 28 
 24 
 24 
 35 
 24 
 25 
 17 
 33 
 20 
 29 
 25 
 30 
 21 
 30 
 15 
 20 
 14 
 29 
 15 
 23 
 22 
 13 
 23 
 32 
 22 
 19 
 22 
 19 
 17 
 21 
 16 
 20 
 26 
 15 
 20 
 12 
 18 
 16 
 16 
 14 
 12 
 10 
 9 
 19 
 7 
 12 
 11 
 8 
 14 
 13 
 5 
 6 
 7 
 7 
 15 
 2 
 4 
 6 
 7 
 4 
 5 
 8 
 10 
 5 
 7 
 5 
 6 
 2 
 3 
 3 
 4 
 6 
 4 
 5 
 2 
 6 
 1 
 1 
 0 
 4 
 3 
 1 
 3 
 2 
 3 
 1 
 3 
 2 
 0 
 1 
 1 
 0 
 0 
 0 
 2 
 0 
 1 
 1 
 1 
 1 
 3 
 1 
 0 
 1 
 0 
 1 
 1 
 1 
 0 
 0 
 1 
 0 
 0 
 3 
 0 
 0 
 0 
 0 
 0 
 0 
 0 
 0 
 2 
 0 
 2 
 0 
 0 
 1 
 1 
 1 
 0 
 1 
 0 
 0 
 0 
 0 
 0 
 0 
 0 
 0 
 0 
 0 
 0 
 0 
 0 
 1 
 0 
 0 
 0 
 1 
 0 
 0 
 2 
 0 
 1 
 0 
 0 
 1 
 0 
 0 
 1 
 0 
 0 
 0 
 0 
 1 
 0 
 0 
 0 
 0 
 0 
 0 
 0 
 1 
 1 
 0 
 0 
 1 
 0 
 0 
 0 
 2 
 1 
 0 
 0 
 0 
 0 
 1 
 1 
 2 
 0 
 2 
 1 
 0 
 0 
 0 
 1 
 2 
 0 
 0 
 0 
 0 
 2 
 1 
 1 
 0 
 0 
 0 
 1 
 0 
 1 
 0 
 0 
 2 
 0 
 1 
 0 
 0 
 0 
 0 
 2 
 1 
 0 
 0 
 0 
 2 
 0 
 1 
 2 
 0 
 0 
 0 
 1 
 1 
 0 
 0 
 0 
 1 
 0 
 1 
 0 
 0 
 0 
 0 
 1 
 0 
 1 
 0 
 0 
 0 
 0 
 0 
 0 
 0 
 0 
 0 
 0 
 1 
 0 
 0 
 1 
 0 
 0 
 0 
 0 
 0 
 0 
 0 
 0 
 2 
 0 
 0 
 0 
 0 
 0 
 0 
 0 
 0 
 1 
 0 
 0 
 1 
 0 
 1 
 0 
 0 
 0 
 0 
 0 
 0 
 0 
 0 
 0 
 0 
 0 
 0 
 1 
 1 
 1 
 0 
 1 
 1 
 0 
 0 
 0 
 1 
 1 
 0 
 0 
 0 
 1 
 0 
 0 
 0 
 0 
 0 
 0 
 0 
 0 
 0 
 2 
 1 
 1 
 0 
 1 
 1 
 0 
 0 
 0 
 1 
 1 
 0 
 1 
 1 
 0 
 0 
 0 
 1 
 0 
 0 
 0 
 0 
 0 
 1 
 0 
 0 
 0 
 0 
 0 
 1 
 0 
 3 
 0 
 0 
 0 
 0 
 0 
 0 
 0 
 0 
 0 
 0 
 1 
 1 
 0 
 1 
 0 
 0 
 0 
 0 
 0 
 0 
 0 
 0 
 0 
 0 
 0 
 0 
 0 
 1 
 0 
 0 
 0 
 0 
 0 
 0 
 0 
 0 
 0 
 1 
 0 
 0 
 0 
 0 
 0 
 0 
 0 
 0 
 1 
 0 
 1 
 0 
 0 
 0 
 0 
 0 
 0 
 0 
 0 
 0 
 0 
 0 
 1 
 1 
 0 
 0 
 0 
 0 
 0 
 0 
 0 
 0 
 0 
 1 
 0 
 0 
 0 
 0 
 0 
 0 
 1 
 0 
 0 
 0 
 0 
 0 
 0 
 0 
 0 
 0 
 0 
 0 
 0 
 0 
 0 
 0 
 0 
 1 
 1 
 3 
 0 
 2 
 0 
 0 
 1 
 0 
 0 
 0 
 0 
 0 
 0 
 0 
 0 
 0 
 0 
 0 
 0 
 0 
 0 
 0 
 0 
 0 
 1 
 0 
 0 
 1 
 0 
 0 
 1 
 2 
 0 
 0 
 0 
 0 
 0 
 0 
 1 
 0 
 0 
 0 
 0 
 0 
 2 
 0 
 0 
 0 
 0 
 0 
 0 
 0 
 0 
 0 
 0 
 0 
 0 
 1 
 0 
 0 
 0 
 0 
 0 
 0 
 0 
 0 
 0 
 0 
 0 
 0 
 0 
 0 
 0 
 0 
 0 
 0 
 0 
 0 
 0 
 0 
 0 
 1 
 0 
 1 
 0 
 0 
 0 
 0 
 0 
 0 
 0 
 0 
 0 
 0 
 0 
 0 
 0 
 0 
 0 
 0 
 0 
 0 
 1 
 0 
 1 
 0 
 0 
 1 
 0 
 0 
 0 
 0 
 0 
 0 
 0 
 0 
 1 
 1 
 0 
 0 
 0 
 0 
 0 
 0 
 1 
 0 
 0 
 0 
 0 
 0 
 0 
 0 
 0 
 1 
 0 
 0 
 0 
 0 
 0 
 0 
 0 
 0 
 0 
 0 
 0 
 0 
 0 
 0 
 1 
 0 
 1 
 0 
 0 
 0 
 0 
 1 
 0 
 0 
 1 
 0 
 0 
 0 
 0 
 0 
 0 
 0 
 0 
 0 
 0 
 0 
 0 
 0 
 0 
 1 
 0 
 0 
 0 
 0 
 0 
 1 
 1 
 0 
 0 
 1 
 0 
 0 
 0 
 0 
 0 
 1 
 0 
 0 
 0 
 0 
 0 
 0 
 0 
 0 
 1 
 0 
 0 
 0 
 0 
 0 
 0 
 0 
 0 
 2 
 0 
 0 
 0 
 0 
 1 
 0 
 0 
 0 
 0 
 0 
 0 
 0 
 0 
 0 
 0 
 0 
 0 
 0 
 0 
 0 
 0 
 0 
 0 
 0 
 0 
 0 
 0 
 0 
 0 
 0 
 0 
 0 
 0 
 0 
 0 
 0 
 0 
 0 
 0 
 0 
 0 
 0 
 0 
 0 
 0 
 0 
 0 
 0 
 1 
 0 
 0 
 0 
 0 
 0 
 0 
 1 
 0 
 0 
 0 
 0 
 0 
 0 
 0 
 0 
 0 
 0 
 0 
 0 
 0 
 0 
 0 
 0 
 0 
 0 
 0 
 0 
 0 
 0 
 0 
 0 
 0 
 1 
 0 
 0 
 0 
 0 
 0 
 0 
 0 
 0 
 0 
 0 
 0 
 0 
 0 
 0 
 0 
 0 
 0 
 0 
 0 
 0 
 0 
 0 
 0 
 0 
 0 
 0 
 0 
 0 
 0 
 0 
 0 
 1 
 0 
 0 
 0 
 0 
 0 
 0 
 0 
 0 
 0 
 1 
 0 
 0 
 0 
 0 
 0 
 0 
 0 
 0 
 0 
 1 
 0 
 0 
 1 
 0 
 0 
 0 
 0 
 0 
 0 
 0 
 0 
 0 
 0 
 0 
 0 
 1 
 0 
 0 
 0 
 0 
 0 
 0 
 1 
 0 
 0 
 0 
 0 
 0 
 1 
 0 
 0 
 0 
 0 
 1 
 1 
 0 
 0 
 0 
 0 
 1 
 0 
 0 
 0 
 1 
 0 
 0 
 0 
 0 
 0 
 0 
 0 
 2 
 1 
 0 
 0 
 0 
 0 
 0 
 0 
 0 
 0 
 0 
 1 
 0 
 0 
 0 
 0 
 0 
 1 
 1 
 0 
 0 
 1 
 1 
 0 
 0 
 0 
 0 
 0 
 0 
 0 
 0 
 0 
 0 
 0 
 1 
 0 
 0 
 0 
 0 
 0 
 0 
 0 
 0 
 0 
 0 
 0 
 0 
 1 
 0 
 1 
 0 
 0 
 0 
 1 
 0 
 0 
 0 
 0 
 0 
 0 
 0 
 1 
 0 
 0 
 0 
 0 
 0 
 0 
 0 
 0 
 0 
 0 
 0 
 0 
 0 
 0 
 0 
 0 
 0 
 0 
 0 
 0 
 0 
 0 
 0 
 0 
 0 
 0 
 0 
 0 
 0 
 0 
 0 
 0 
 0 
 0 
 1 
 0 
 0 
 0 
 0 
 0 
 0 
 0 
 0 
 0 
 0 
 0 
 0 
 0 
 0 
 0 
 0 
 0 
 0 
 0 
 0 
 0 
 0 
 0 
 0 
 0 
 0 
 0 
 0 
 0 
 0 
 0 
 0 
 0 
 0 
 0 
 0 
 0 
 0 
 0 
 0 
 0 
 0 
 0 
 0 
 0 
 1 
 0 
 0 
 0 
 0 
 0 
 0 
 1 
 0 
 0 
 0 
 0 
 0 
 0 
 0 
 0 
 0 
 0 
 0 
 0 
 0 
 0 
 0 
 0 
 0 
 0 
 0 
 0 
 0 
 0 
 0 
 0 
 0 
 0 
 0 
 0 
 0 
 0 
 0 
 0 
 0 
 0 
 0 
 0 
 0 
 0 
 0 
 0 
 0 
 0 
 0 
 0 
 0 
 1 
 0 
 0 
 0 
 0 
 1 
 0 
 0 
 0 
 0 
 0 
 0 
 0 
 0 
 0 
 0 
 0 
 0 
 0 
 0 
 0 
 0 
 0 
 0 
 0 
 0 
 0 
 0 
 0 
 0 
 0 
 0 
 0 
 0 
 0 
 0 
 0 
 0 
 0 
 0 
 0 
 0 
 0 
 0 
 0 
 0 
 0 
 0 
 0 
 0 
 0 
 0 
 0 
 0 
 0 
 1 
 0 
 0 
 0 
 0 
 0 
 0 
 0 
 0 
 0 
 0 
 0 
 0 
 0 
 0 
 0 
 0 
 0 
 0 
 0 
 0 
 0 
 0 
 0 
 0 
 0 
 0 
 0 
 0 
 0 
 0 
 0 
 0 
 0 
 0 
 0 
 0 
 0 
 0 
 0 
 0 
 0 
 0 
 0 
 0 
 0 
 0 
 0 
 0 
 0 
 0 
 0 
 0 
 0 
 0 
 0 
 0 
 0 
 0 
 0 
 0 
 0 
 0 
 0 
 0 
 0 
 0 
 0 
 0 
 0 
 0 
 0 
 0 
 0 
 0 
 0 
 0 
 0 
 0 
 0 
 0 
 0 
 0 
 0 
 0 
 0 
 0 
 0 
 0 
 0 
 0 
 0 
 0 
 0 
 0 
 0 
 0 
 0 
 0 
 0 
 0 
 0 
 0 
 0 
 0 
 0 
 1 
 0 
 0 
 0 
 0 
 0 
 0 
 0 
 0 
 0 
 0 
 0 
 0 
 0 
 0 
 0 
 0 
 0 
 0 
 0 
 0 
 0 
 0 
 0 
 0 
 0 
 0 
 0 
 0 
 0 
 0 
 0 
 0 
 0 
 0 
 0 
 0 
 0 
 0 
 0 
 0 
 0 
 0 
 0 
 0 
 0 
 0 
 0 
 0 
 0 
 0 
 0 
 0 
 0 
 0 
 0 
 0 
 0 
 1 
 0 
 0 
 0 
 0 
 0 
 0 
 0 
 0 
 0 
 0 
 0 
 0 
 0 
 0 
 0 
 0 
 0 
 0 
 0 
 0 
 0 
 0 
 0 
 0 
 0 
 0 
 0 
 0 
 0 
 0 
 0 
 0 
 0 
 0 
 0 
 0 
 0 
 0 
 0 
 0 
 0 
 0 
 0 
 0 
 0 
 0 
 0 
 0 
 0 
 0 
 0 
 0 
 0 
 0 
 0 
 0 
 0 
 1 
 0 
 0 
 0 
 0 
 0 
 0 
 0 
 0 
 0 
 0 
 0 
 0 
 0 
 0 
 0 
 0 
 0 
 0 
 0 
 0 
 0 
 0 
 0 
 0 
 0 
 0 
 0 
 0 
 0 
 0 
 0 
 0 
 0 
 0 
 0 
 0 
 0 
 0 
 0 
 0 
 0 
 0 
 0 
 0 
 0 
 1 
 0 
 0 
 0 
 0 
 0 
 0 
 0 
 0 
 0 
 0 
 0 
 0 
 0 
 0 
 0 
 0 
 0 
 0 
 0 
 0 
 0 
 0 
 0 
 0 
 0 
 0 
 0 
 0 
 0 
 0 
 0 
 0 
 0 
 0 
 0 
 0 
 0 
 0 
 0 
 0 
 0 
 0 
 0 
 0 
 0 
 0 
 0 
 0 
 0 
 0 
 0 
 0 
 0 
 0 
 0 
 0 
 0 
 0 
 0 
 0 
 0 
 0 
 0 
 0 
 0 
 0 
 0 
 0 
 0 
 0 
 0 
 0 
 0 
 0 
 0 
 0 
 0 
 1 
 0 
 0 
 0 
 0 
 0 
 0 
 0 
 0 
 0 
 0 
 0 
 0 
 0 
 0 
 0 
 0 
 0 
 0 
 0 
 0 
 0 
 0 
 0 
 0 
 0 
 0 
 0 
 0 
 0 
 0 
 0 
 0 
 0 
 0 
 0 
 0 
 0 
 0 
 0 
 0 
 0 
 0 
 0 
 0 
 0 
 0 
 0 
 0 
 0 
 0 
 0 
 0 
 0 
 0 
 0 
 0 
 0 
 0 
 0 
 0 
 0 
 0 
 0 
 0 
 0 
 0 
 0 
 0 
 0 
 0 
 0 
 0 
 0 
 0 
 0 
 0 
 0 
 0 
 0 
 0 
 0 
 0 
 0 
 0 
 0 
 0 
 0 
 0 
 0 
 0 
 0 
 0 
 0 
 0 
 0 
 0 
 0 
 0 
 0 
 0 
 0 
 0 
 0 
 0 
 0 
 0 
 0 
 0 
 0 
 0 
 0 
 0 
 0 
 0 
 0 
 0 
 0 
 0 
 0 
 0 
 0 
 0 
 0 
 1 
 0 
 0 
 0 
 0 
 0 
 0 
 0 
 0 
 0 
 0 
 0 
 0 
 0 
 0 
 0 
 0 
 0 
 0 
 0 
 0 
 0 
 0 
 0 
 0 
 0 
 0 
 0 
 0 
 0 
 0 
 0 
 0 
 0 
 0 
 0 
 0 
 0 
 0 
 0 
 0 
 0 
 0 
 0 
 0 
 0 
 0 
 0 
 0 
 0 
 0 
 0 
 0 
 0 
 0 
 0 
 0 
 0 
 0 
 0 
 0 
 0 
 0 
 0 
 0 
 0 
 0 
 0 
 0 
 0 
 0 
 0 
 0 
 0 
 0 
 0 
 0 
 0 
 1 
 0 
 0 
 0 
 0 
 0 
 0 
 0 
 0 
 0 
 0 
 0 
 0 
 0 
 0 
 0 
 0 
 0 
 0 
 0 
 0 
 0 
 0 
 0 
 0 
 0 
 0 
 0 
 0 
 0 
 0 
 0 
 0 
 0 
 0 
 0 
 0 
 0 
 1 
 0 
 0 
 0 
 0 
 0 
 0 
 0 
 0 
 0 
 0 
 0 
 0 
 0 
 0 
 0 
 0 
 0 
 0 
 0 
 0 
 0 
 0 
 0 
 0 
 0 
 0 
 0 
 0 
 0 
 0 
 0 
 0 
 0 
 0 
 0 
 0 
 0 
 0 
 0 
 0 
 0 
 0 
 0 
 0 
 0 
 0 
 0 
 0 
 0 
 0 
 0 
 0 
 0 
 0 
 0 
 0 
 0 
 0 
 0 
 0 
 0 
 0 
 0 
 0 
 0 
 0 
 0 
 0 
 0 
 0 
 0 
 0 
 0 
 0 
 0 
 0 
 0 
 0 
 0 
 0 
 0 
 0 
 0 
 0 
 0 
 0 
 0 
 0 
 0 
 0 
 0 
 0 
 0 
 0 
 0 
 0 
 0 
 0 
 0 
 0 
 0 
 0 
 0 
 0 
 0 
 0 
 0 
 0 
 0 
 0 
 0 
 0 
 0 
 0 
 0 
 0 
 0 
 0 
 0 
 0 
 0 
 0 
 0 
 0 
 0 
 0 
 0 
 0 
 0 
 0 
 0 
 0 
 0 
 0 
 0 
 0 
 0 
 0 
 0 
 0 
 0 
 0 
 0 
 0 
 0 
 0 
 0 
 0 
 0 
 0 
 0 
 0 
 0 
 0 
 0 
 0 
 0 
 0 
 0 
 0 
 0 
 0 
 0 
 0 
 0 
 0 
 0 
 0 
 0 
 0 
 0 
 0 
 0 
 0 
 0 
 0 
 0 
 0 
 0 
 0 
 0 
 0 
 0 
 0 
 0 
 0 
 0 
 0 
 0 
 0 
 0 
 0 
 0 
 0 
 0 
 0 
 0 
 0 
 0 
 0 
 0 
 0 
 0 
 0 
 0 
 0 
 0 
 0 
 0 
 0 
 0 
 0 
 0 
 0 
 0 
 0 
 0 
 0 
 0 
 0 
 0 
 0 
 0 
 0 
 0 
 0 
 0 
 0 
 0 
 0 
 0 
 0 
 0 
 0 
 0 
 0 
 0 
 0 
 0 
 0 
 0 
 0 
 0 
 0 
 0 
 0 
 0 
 0 
 0 
 0 
 0 
 0 
 0 
 0 
 0 
 0 
 0 
 0 
 0 
 0 
 0 
 0 
 0 
 0 
 0 
 0 
 0 
 0 
 0 
 0 
 0 
 0 
 0 
 0 
 0 
 0 
 0 
 0 
 0 
 0 
 0 
 0 
 0 
 0 
 0 
 0 
 0 
 0 
 0 
 0 
 0 
 0 
 0 
 0 
 0 
 0 
 0 
 0 
 0 
 0 
 0 
 0 
 0 
 0 
 0 
 0 
 0 
 0 
 0 
 0 
 0 
 0 
 0 
 0 
 0 
 0 
 0 
 0 
 0 
 0 
 0 
 0 
 0 
 0 
 0 
 0 
 0 
 0 
 0 
 0 
 0 
 0 
 0 
 0 
 0 
 0 
 0 
 0 
 0 
 0 
 0 
 0 
 0 
 0 
 0 
 0 
 0 
 0 
 0 
 0 
 0 
 0 
 0 
 0 
 0 
 0 
 0 
 0 
 0 
 0 
 0 
 0 
 0 
 0 
 0 
 0 
 0 
 0 
 0 
 0 
 0 
 0 
 0 
 0 
 0 
 0 
 0 
 0 
 0 
 0 
 0 
 0 
 0 
 0 
 0 
 0 
 0 
 0 
 0 
 0 
 0 
 0 
 0 
 0 
 0 
 0 
 0 
 0 
 0 
 0 
 0 
 0 
 0 
 0 
 0 
 0 
 0 
 0 
 0 
