 0 
 1 
 0 
 0 
 0 
 0 
 0 
 0 
 0 
 0 
 0 
 0 
 2 
 0 
 0 
 1 
 0 
 0 
 0 
 1 
 2 
 4 
 5 
 7 
 4 
 14 
 13 
 26 
 36 
 64 
 61 
 97 
 109 
 135 
 154 
 187 
 218 
 216 
 264 
 265 
 260 
 327 
 342 
 321 
 365 
 366 
 384 
 382 
 360 
 388 
 372 
 420 
 360 
 405 
 398 
 388 
 386 
 423 
 394 
 428 
 425 
 421 
 388 
 446 
 400 
 436 
 415 
 425 
 421 
 416 
 443 
 434 
 485 
 531 
 507 
 544 
 542 
 546 
 539 
 557 
 534 
 549 
 523 
 540 
 571 
 556 
 564 
 591 
 581 
 624 
 639 
 666 
 650 
 701 
 607 
 706 
 684 
 635 
 678 
 653 
 614 
 608 
 565 
 558 
 559 
 560 
 512 
 519 
 485 
 497 
 484 
 455 
 436 
 419 
 437 
 395 
 384 
 379 
 389 
 397 
 397 
 379 
 351 
 383 
 391 
 359 
 343 
 337 
 368 
 366 
 348 
 375 
 366 
 369 
 390 
 339 
 361 
 374 
 395 
 370 
 406 
 380 
 357 
 386 
 368 
 390 
 357 
 398 
 427 
 360 
 352 
 394 
 407 
 344 
 400 
 381 
 342 
 360 
 380 
 385 
 398 
 374 
 413 
 363 
 342 
 375 
 359 
 423 
 376 
 379 
 374 
 375 
 402 
 387 
 419 
 392 
 355 
 422 
 368 
 369 
 403 
 399 
 408 
 415 
 378 
 404 
 433 
 417 
 433 
 392 
 424 
 415 
 405 
 408 
 430 
 394 
 417 
 441 
 415 
 469 
 435 
 443 
 439 
 451 
 442 
 425 
 489 
 466 
 437 
 446 
 482 
 504 
 472 
 470 
 500 
 428 
 449 
 480 
 480 
 457 
 445 
 454 
 420 
 472 
 450 
 435 
 459 
 462 
 427 
 435 
 417 
 437 
 447 
 419 
 449 
 401 
 435 
 453 
 428 
 475 
 409 
 408 
 434 
 414 
 439 
 408 
 391 
 387 
 383 
 397 
 448 
 391 
 411 
 431 
 393 
 440 
 437 
 403 
 425 
 455 
 410 
 421 
 404 
 411 
 427 
 443 
 406 
 416 
 377 
 384 
 437 
 413 
 418 
 350 
 424 
 384 
 390 
 417 
 410 
 394 
 414 
 397 
 350 
 374 
 412 
 415 
 358 
 418 
 406 
 366 
 391 
 387 
 388 
 377 
 363 
 394 
 403 
 391 
 414 
 366 
 395 
 407 
 355 
 391 
 434 
 371 
 361 
 360 
 362 
 390 
 402 
 387 
 400 
 338 
 382 
 385 
 389 
 359 
 408 
 393 
 403 
 378 
 356 
 405 
 392 
 385 
 405 
 402 
 386 
 407 
 399 
 396 
 349 
 337 
 375 
 394 
 361 
 370 
 386 
 386 
 365 
 393 
 386 
 397 
 358 
 391 
 410 
 372 
 370 
 408 
 392 
 390 
 380 
 372 
 383 
 365 
 380 
 429 
 380 
 401 
 415 
 377 
 400 
 413 
 412 
 386 
 382 
 380 
 387 
 359 
 368 
 394 
 369 
 368 
 392 
 332 
 353 
 370 
 382 
 349 
 324 
 359 
 343 
 328 
 323 
 331 
 304 
 295 
 329 
 326 
 377 
 311 
 280 
 308 
 299 
 296 
 294 
 277 
 321 
 302 
 265 
 316 
 266 
 270 
 275 
 277 
 309 
 259 
 300 
 290 
 313 
 296 
 278 
 278 
 287 
 311 
 298 
 252 
 283 
 309 
 251 
 264 
 278 
 308 
 284 
 286 
 230 
 284 
 284 
 270 
 265 
 273 
 282 
 276 
 255 
 282 
 277 
 298 
 264 
 259 
 262 
 268 
 279 
 250 
 270 
 276 
 274 
 283 
 307 
 238 
 269 
 254 
 274 
 301 
 260 
 263 
 280 
 253 
 274 
 280 
 279 
 270 
 291 
 269 
 255 
 282 
 276 
 260 
 251 
 269 
 276 
 296 
 245 
 247 
 262 
 262 
 253 
 289 
 269 
 272 
 281 
 250 
 261 
 264 
 286 
 283 
 276 
 278 
 258 
 277 
 257 
 280 
 264 
 261 
 263 
 242 
 316 
 267 
 263 
 281 
 291 
 292 
 290 
 256 
 273 
 280 
 266 
 258 
 283 
 269 
 286 
 296 
 264 
 317 
 240 
 257 
 276 
 280 
 320 
 284 
 268 
 306 
 282 
 287 
 289 
 288 
 303 
 282 
 306 
 283 
 319 
 297 
 325 
 322 
 320 
 339 
 370 
 324 
 360 
 342 
 380 
 398 
 384 
 437 
 455 
 462 
 480 
 509 
 554 
 566 
 521 
 643 
 616 
 676 
 738 
 733 
 809 
 804 
 837 
 848 
 981 
 921 
 1072 
 1055 
 1099 
 1068 
 1121 
 1266 
 1205 
 1277 
 1222 
 1457 
 1405 
 1367 
 1491 
 1428 
 1531 
 1529 
 1507 
 1574 
 1568 
 1508 
 1634 
 1593 
 1634 
 1501 
 1538 
 1528 
 1593 
 1521 
 1525 
 1545 
 1480 
 1416 
 1268 
 1449 
 1362 
 1259 
 1219 
 1127 
 1160 
 1101 
 1064 
 993 
 970 
 878 
 864 
 841 
 762 
 742 
 708 
 658 
 629 
 574 
 561 
 551 
 493 
 434 
 452 
 381 
 332 
 333 
 335 
 319 
 273 
 263 
 240 
 241 
 226 
 203 
 183 
 194 
 178 
 179 
 179 
 141 
 145 
 141 
 143 
 158 
 148 
 111 
 119 
 117 
 139 
 136 
 128 
 110 
 128 
 110 
 123 
 101 
 99 
 121 
 92 
 118 
 110 
 103 
 107 
 110 
 110 
 135 
 108 
 103 
 112 
 102 
 106 
 106 
 106 
 131 
 131 
 123 
 108 
 116 
 114 
 107 
 120 
 108 
 95 
 98 
 109 
 89 
 99 
 120 
 92 
 100 
 133 
 109 
 98 
 85 
 115 
 93 
 110 
 107 
 104 
 117 
 86 
 117 
 115 
 114 
 110 
 107 
 101 
 95 
 102 
 87 
 118 
 91 
 107 
 87 
 116 
 90 
 87 
 104 
 99 
 108 
 111 
 113 
 98 
 96 
 112 
 119 
 87 
 99 
 110 
 109 
 124 
 102 
 117 
 112 
 103 
 106 
 100 
 109 
 95 
 83 
 100 
 98 
 97 
 94 
 126 
 123 
 104 
 95 
 112 
 105 
 108 
 90 
 97 
 96 
 108 
 96 
 101 
 110 
 101 
 97 
 103 
 90 
 109 
 97 
 102 
 110 
 128 
 100 
 108 
 109 
 97 
 98 
 98 
 117 
 87 
 127 
 105 
 129 
 116 
 99 
 106 
 136 
 93 
 103 
 107 
 97 
 104 
 97 
 104 
 94 
 105 
 97 
 112 
 96 
 107 
 119 
 95 
 113 
 91 
 98 
 121 
 116 
 95 
 108 
 106 
 102 
 100 
 102 
 96 
 90 
 124 
 103 
 98 
 102 
 105 
 104 
 107 
 90 
 102 
 102 
 98 
 119 
 98 
 103 
 107 
 100 
 107 
 119 
 111 
 76 
 84 
 90 
 90 
 111 
 96 
 103 
 115 
 98 
 96 
 97 
 98 
 99 
 94 
 107 
 104 
 106 
 107 
 94 
 94 
 115 
 120 
 95 
 123 
 112 
 88 
 107 
 94 
 101 
 106 
 98 
 108 
 121 
 94 
 89 
 117 
 95 
 87 
 87 
 91 
 106 
 117 
 94 
 102 
 98 
 88 
 104 
 111 
 101 
 89 
 94 
 112 
 111 
 86 
 87 
 112 
 94 
 102 
 96 
 97 
 103 
 105 
 96 
 94 
 100 
 118 
 104 
 104 
 98 
 92 
 91 
 113 
 101 
 126 
 100 
 102 
 100 
 99 
 101 
 100 
 116 
 107 
 121 
 96 
 98 
 108 
 108 
 108 
 95 
 99 
 89 
 125 
 82 
 106 
 93 
 103 
 109 
 88 
 105 
 104 
 99 
 103 
 93 
 105 
 95 
 104 
 110 
 86 
 108 
 116 
 120 
 91 
 88 
 88 
 94 
 97 
 105 
 101 
 86 
 99 
 110 
 116 
 89 
 106 
 81 
 100 
 111 
 103 
 90 
 95 
 106 
 87 
 102 
 97 
 101 
 90 
 95 
 90 
 116 
 99 
 80 
 90 
 116 
 107 
 106 
 96 
 111 
 95 
 97 
 93 
 96 
 93 
 107 
 88 
 90 
 105 
 113 
 113 
 96 
 111 
 96 
 98 
 104 
 106 
 103 
 91 
 109 
 108 
 92 
 121 
 101 
 97 
 98 
 115 
 88 
 107 
 113 
 107 
 130 
 98 
 104 
 106 
 95 
 108 
 107 
 111 
 97 
 94 
 108 
 115 
 100 
 108 
 103 
 110 
 121 
 109 
 106 
 116 
 108 
 115 
 114 
 104 
 104 
 103 
 104 
 107 
 95 
 111 
 94 
 119 
 87 
 86 
 120 
 109 
 101 
 111 
 121 
 105 
 114 
 108 
 110 
 97 
 117 
 114 
 120 
 119 
 117 
 113 
 108 
 112 
 105 
 132 
 125 
 119 
 127 
 123 
 100 
 103 
 96 
 113 
 114 
 131 
 124 
 106 
 92 
 103 
 115 
 133 
 121 
 124 
 107 
 120 
 114 
 116 
 122 
 127 
 110 
 108 
 109 
 144 
 137 
 103 
 121 
 113 
 110 
 121 
 116 
 105 
 107 
 103 
 106 
 113 
 128 
 112 
 110 
 127 
 123 
 110 
 143 
 117 
 123 
 123 
 119 
 106 
 105 
 134 
 121 
 111 
 118 
 115 
 103 
 100 
 116 
 114 
 106 
 128 
 116 
 101 
 129 
 116 
 101 
 133 
 114 
 115 
 102 
 98 
 111 
 109 
 120 
 110 
 117 
 99 
 87 
 89 
 114 
 104 
 124 
 115 
 113 
 97 
 109 
 93 
 112 
 104 
 90 
 93 
 77 
 76 
 87 
 77 
 78 
 78 
 96 
 71 
 92 
 81 
 88 
 73 
 80 
 71 
 79 
 84 
 81 
 78 
 73 
 64 
 88 
 63 
 62 
 66 
 77 
 69 
 65 
 67 
 83 
 63 
 63 
 61 
 42 
 68 
 46 
 58 
 49 
 66 
 65 
 56 
 60 
 58 
 46 
 51 
 47 
 52 
 58 
 60 
 57 
 48 
 55 
 46 
 43 
 41 
 54 
 47 
 45 
 31 
 39 
 50 
 35 
 43 
 44 
 49 
 53 
 40 
 52 
 43 
 35 
 44 
 41 
 33 
 31 
 36 
 34 
 39 
 27 
 47 
 47 
 41 
 27 
 37 
 42 
 32 
 39 
 24 
 34 
 29 
 46 
 32 
 40 
 39 
 38 
 47 
 34 
 37 
 25 
 24 
 25 
 29 
 23 
 28 
 33 
 27 
 28 
 38 
 35 
 32 
 28 
 14 
 21 
 42 
 23 
 28 
 29 
 33 
 31 
 36 
 38 
 24 
 33 
 22 
 28 
 35 
 28 
 29 
 24 
 18 
 27 
 11 
 24 
 23 
 23 
 27 
 22 
 25 
 26 
 35 
 27 
 22 
 23 
 28 
 28 
 21 
 23 
 26 
 22 
 17 
 26 
 27 
 21 
 19 
 23 
 36 
 30 
 24 
 18 
 26 
 25 
 32 
 23 
 24 
 32 
 21 
 27 
 34 
 27 
 24 
 26 
 20 
 26 
 29 
 21 
 35 
 33 
 29 
 18 
 29 
 28 
 25 
 28 
 37 
 31 
 41 
 28 
 30 
 37 
 40 
 33 
 19 
 38 
 36 
 43 
 36 
 48 
 38 
 27 
 52 
 59 
 53 
 53 
 55 
 61 
 66 
 69 
 74 
 60 
 87 
 73 
 101 
 89 
 104 
 91 
 110 
 138 
 105 
 145 
 128 
 122 
 133 
 130 
 141 
 139 
 157 
 158 
 186 
 199 
 193 
 175 
 178 
 223 
 231 
 219 
 230 
 254 
 244 
 260 
 272 
 293 
 246 
 264 
 271 
 303 
 301 
 294 
 314 
 326 
 300 
 295 
 323 
 330 
 352 
 324 
 331 
 353 
 362 
 344 
 379 
 330 
 336 
 373 
 362 
 372 
 363 
 387 
 370 
 369 
 341 
 360 
 333 
 357 
 329 
 370 
 375 
 360 
 364 
 351 
 334 
 291 
 342 
 329 
 310 
 308 
 304 
 304 
 294 
 298 
 257 
 308 
 280 
 263 
 247 
 251 
 260 
 250 
 269 
 243 
 214 
 218 
 193 
 211 
 217 
 204 
 190 
 170 
 188 
 156 
 177 
 141 
 140 
 152 
 156 
 141 
 128 
 108 
 113 
 104 
 100 
 109 
 88 
 94 
 93 
 81 
 89 
 81 
 74 
 71 
 55 
 68 
 78 
 64 
 59 
 48 
 49 
 62 
 44 
 48 
 47 
 43 
 33 
 29 
 36 
 41 
 26 
 36 
 31 
 32 
 27 
 18 
 24 
 17 
 17 
 23 
 23 
 21 
 18 
 19 
 15 
 19 
 20 
 25 
 21 
 12 
 9 
 18 
 8 
 15 
 7 
 10 
 7 
 4 
 7 
 12 
 8 
 8 
 11 
 6 
 9 
 12 
 9 
 7 
 8 
 5 
 3 
 9 
 9 
 3 
 8 
 8 
 9 
 4 
 8 
 9 
 7 
 3 
 4 
 5 
 4 
 8 
 8 
 8 
 1 
 4 
 8 
 5 
 6 
 5 
 8 
 3 
 4 
 8 
 9 
 5 
 2 
 9 
 4 
 7 
 1 
 9 
 5 
 5 
 8 
 6 
 2 
 8 
 7 
 7 
 4 
 9 
 6 
 9 
 7 
 6 
 15 
 4 
 6 
 5 
 3 
 6 
 4 
 6 
 5 
 8 
 4 
 9 
 8 
 5 
 5 
 6 
 7 
 8 
 2 
 5 
 5 
 5 
 3 
 5 
 4 
 2 
 2 
 4 
 4 
 3 
 7 
 4 
 2 
 6 
 4 
 3 
 5 
 6 
 5 
 5 
 1 
 7 
 8 
 2 
 9 
 5 
 8 
 9 
 3 
 3 
 8 
 7 
 5 
 4 
 7 
 12 
 5 
 10 
 7 
 6 
 8 
 7 
 6 
 7 
 7 
 1 
 8 
 6 
 6 
 4 
 6 
 6 
 4 
 6 
 9 
 5 
 5 
 6 
 8 
 2 
 8 
 4 
 11 
 7 
 2 
 6 
 6 
 3 
 5 
 5 
 7 
 3 
 10 
 1 
 5 
 6 
 7 
 7 
 4 
 8 
 5 
 6 
 8 
 6 
 5 
 4 
 3 
 6 
 7 
 5 
 7 
 1 
 3 
 7 
 2 
 3 
 6 
 3 
 10 
 1 
 1 
 5 
 8 
 6 
 6 
 6 
 7 
 4 
 5 
 6 
 8 
 4 
 6 
 5 
 7 
 3 
 6 
 5 
 5 
 3 
 3 
 4 
 2 
 3 
 2 
 6 
 5 
 6 
 1 
 4 
 3 
 3 
 4 
 3 
 1 
 7 
 6 
 4 
 1 
 5 
 5 
 4 
 3 
 3 
 3 
 3 
 7 
 5 
 3 
 4 
 6 
 5 
 9 
 2 
 1 
 4 
 1 
 2 
 2 
 4 
 3 
 2 
 2 
 6 
 1 
 4 
 0 
 5 
 1 
 1 
 3 
 2 
 7 
 7 
 2 
 3 
 2 
 2 
 5 
 2 
 4 
 8 
 2 
 3 
 3 
 3 
 2 
 4 
 5 
 3 
 3 
 2 
 4 
 1 
 4 
 1 
 5 
 1 
 6 
 5 
 1 
 3 
 6 
 0 
 3 
 4 
 1 
 6 
 2 
 2 
 3 
 4 
 3 
 3 
 2 
 2 
 0 
 2 
 3 
 0 
 4 
 2 
 2 
 3 
 0 
 2 
 2 
 5 
 2 
 2 
 3 
 2 
 2 
 2 
 1 
 2 
 0 
 3 
 2 
 3 
 2 
 1 
 2 
 3 
 2 
 1 
 2 
 3 
 3 
 3 
 1 
 3 
 1 
 1 
 3 
 2 
 1 
 4 
 6 
 3 
 1 
 3 
 2 
 2 
 2 
 4 
 1 
 1 
 4 
 3 
 1 
 0 
 5 
 3 
 1 
 3 
 3 
 3 
 3 
 1 
 1 
 0 
 2 
 0 
 3 
 3 
 2 
 0 
 4 
 1 
 4 
 5 
 1 
 1 
 1 
 1 
 2 
 1 
 1 
 0 
 6 
 2 
 2 
 5 
 5 
 3 
 4 
 0 
 3 
 1 
 2 
 2 
 0 
 1 
 3 
 1 
 2 
 2 
 2 
 0 
 2 
 0 
 4 
 2 
 2 
 2 
 0 
 5 
 0 
 1 
 1 
 3 
 1 
 4 
 3 
 3 
 6 
 5 
 6 
 1 
 6 
 1 
 4 
 5 
 6 
 5 
 3 
 6 
 3 
 3 
 5 
 5 
 3 
 2 
 3 
 5 
 3 
 6 
 6 
 9 
 6 
 4 
 5 
 6 
 6 
 1 
 6 
 1 
 5 
 6 
 7 
 3 
 2 
 5 
 5 
 5 
 4 
 7 
 5 
 4 
 9 
 7 
 7 
 7 
 5 
 4 
 4 
 12 
 7 
 4 
 7 
 4 
 6 
 4 
 7 
 4 
 7 
 4 
 6 
 4 
 6 
 13 
 1 
 6 
 12 
 4 
 3 
 8 
 2 
 6 
 6 
 8 
 4 
 2 
 5 
 7 
 10 
 5 
 4 
 6 
 1 
 6 
 5 
 5 
 10 
 5 
 1 
 3 
 2 
 5 
 7 
 5 
 6 
 4 
 3 
 5 
 2 
 1 
 5 
 0 
 2 
 3 
 2 
 4 
 0 
 4 
 5 
 4 
 4 
 6 
 2 
 5 
 2 
 2 
 2 
 1 
 2 
 2 
 3 
 0 
 2 
 0 
 2 
 0 
 1 
 0 
 1 
 1 
 0 
 1 
 2 
 0 
 2 
 2 
 0 
 0 
 0 
 0 
 0 
 0 
 2 
 0 
 1 
 0 
 3 
 0 
 0 
 0 
 0 
 0 
 1 
 1 
 1 
 0 
 1 
 0 
 0 
 0 
 0 
 0 
 0 
 0 
 1 
 0 
 0 
 0 
 0 
 0 
 0 
 0 
 0 
 0 
 0 
 0 
 1 
 0 
 0 
 0 
 0 
 0 
 0 
 0 
 0 
 0 
 0 
 0 
 0 
 0 
 0 
 0 
 0 
 0 
 0 
 0 
 1 
 0 
 0 
 0 
 0 
 0 
 0 
 1 
 0 
 0 
 0 
 0 
 0 
 0 
 0 
 0 
 0 
 0 
 0 
 0 
 0 
 0 
 0 
 0 
 1 
 0 
 0 
 0 
 0 
 0 
 0 
 0 
 1 
 0 
 0 
 1 
 0 
 0 
 0 
 0 
 1 
 0 
 0 
 0 
 0 
 0 
 0 
 0 
 1 
 0 
 0 
 1 
 0 
 0 
 0 
 1 
 0 
 0 
 0 
 0 
 0 
 0 
 0 
 0 
 0 
 0 
 0 
 0 
 0 
 0 
 0 
 0 
 0 
 0 
 0 
 0 
 0 
 0 
 0 
 1 
 0 
 0 
 0 
 0 
 2 
 0 
 0 
 0 
 0 
 0 
 0 
 0 
 0 
 0 
 0 
 0 
 0 
 0 
 1 
 0 
 0 
 0 
 0 
 0 
 0 
 0 
 0 
 0 
 0 
 0 
 0 
 0 
 1 
 0 
 1 
 0 
 0 
 0 
 0 
 0 
 0 
 0 
 0 
 0 
 0 
 0 
 0 
 0 
 0 
 0 
 0 
 0 
 3 
 0 
 0 
 0 
 0 
 0 
 0 
 0 
 0 
 0 
 0 
 0 
 0 
 0 
 0 
 0 
 0 
 0 
 0 
 0 
 1 
 0 
 0 
 1 
 0 
 0 
 0 
 0 
 0 
 0 
 0 
 0 
 0 
 0 
 0 
 0 
 0 
 0 
 0 
 0 
 1 
 0 
 0 
 0 
 0 
 0 
 0 
 0 
 0 
 0 
 0 
 0 
 0 
 0 
 0 
 0 
 0 
 0 
 0 
 1 
 0 
 0 
 0 
 1 
 0 
 0 
 0 
 0 
 0 
 0 
 1 
 0 
 0 
 0 
 0 
 0 
 0 
 1 
 0 
 0 
 0 
 0 
 0 
 0 
 0 
 0 
 0 
 0 
 0 
 0 
 0 
 0 
 0 
 0 
 0 
 0 
 0 
 0 
 0 
 0 
 0 
 0 
 0 
 0 
 0 
 0 
 0 
 0 
 0 
 1 
 0 
 0 
 0 
 0 
 0 
 0 
 0 
 0 
 0 
 0 
 0 
 0 
 0 
 0 
 0 
 0 
 0 
 0 
 0 
 1 
 0 
 0 
 0 
 0 
 0 
 1 
 0 
 0 
 0 
 1 
 0 
 0 
 0 
 0 
 0 
 0 
 1 
 0 
 0 
 0 
 0 
 1 
 0 
 1 
 0 
 0 
 0 
 0 
 0 
 0 
 0 
 0 
 0 
 0 
 0 
 0 
 0 
 0 
 0 
 0 
 0 
 0 
 2 
 0 
 0 
 0 
 0 
 1 
 0 
 0 
 0 
 0 
 0 
 0 
 0 
 0 
 1 
 0 
 0 
 0 
 0 
 0 
 0 
 0 
 0 
 0 
 1 
 0 
 0 
 0 
 0 
 0 
 0 
 0 
 0 
 1 
 0 
 0 
 0 
 0 
 0 
 0 
 0 
 0 
 0 
 0 
 0 
 0 
 0 
 0 
 0 
 0 
 0 
 0 
 0 
 0 
 0 
 0 
 0 
 0 
 0 
 0 
 0 
 0 
 0 
 0 
 0 
 0 
 0 
 0 
 0 
 0 
 0 
 0 
 0 
 0 
 0 
 0 
 0 
 1 
 0 
 0 
 0 
 0 
 0 
 0 
 0 
 0 
 0 
 0 
 0 
 0 
 0 
 0 
 0 
 0 
 0 
 0 
 0 
 0 
 0 
 0 
 0 
 0 
 0 
 0 
 0 
 0 
 0 
 0 
 0 
 0 
 0 
 0 
 0 
 0 
 0 
 0 
 0 
 1 
 0 
 0 
 0 
 0 
 0 
 0 
 0 
 0 
 0 
 0 
 0 
 0 
 0 
 0 
 0 
 0 
 0 
 0 
 1 
 0 
 1 
 0 
 0 
 0 
 0 
 0 
 0 
 0 
 0 
 0 
 0 
 0 
 0 
 0 
 0 
 0 
 0 
 0 
 0 
 0 
 0 
 0 
 0 
 0 
 0 
 0 
 0 
 0 
 0 
 0 
 0 
 0 
 0 
 0 
 0 
 0 
 0 
 0 
 0 
 0 
 0 
 0 
 0 
 0 
 0 
 0 
 0 
 0 
 0 
 0 
 0 
 0 
 0 
 0 
 0 
 0 
 0 
 0 
 0 
 0 
 1 
 0 
 0 
 0 
 0 
 0 
 0 
 1 
 0 
 0 
 0 
 0 
 0 
 0 
 0 
 0 
 0 
 0 
 0 
 0 
 0 
 0 
 0 
 0 
 0 
 0 
 1 
 0 
 0 
 0 
 0 
 0 
 0 
 0 
 0 
 0 
 0 
 0 
 0 
 0 
 0 
 0 
 1 
 0 
 0 
 0 
 0 
 0 
 0 
 1 
 0 
 0 
 0 
 0 
 0 
 0 
 0 
 0 
 0 
 0 
 0 
 0 
 0 
 0 
 0 
 0 
 0 
 0 
 0 
 0 
 0 
 0 
 0 
 0 
 0 
 0 
 0 
 0 
 0 
 0 
 0 
 0 
 0 
 0 
 0 
 0 
 0 
 0 
 0 
 0 
 0 
 0 
 0 
 0 
 0 
 0 
 0 
 0 
 0 
 0 
 0 
 0 
 0 
 0 
 0 
 0 
 0 
 0 
 0 
 0 
 1 
 0 
 0 
 0 
 0 
 0 
 0 
 0 
 0 
 0 
 0 
 0 
 0 
 0 
 0 
 2 
 0 
 0 
 0 
 0 
 0 
 0 
 0 
 0 
 0 
 0 
 0 
 0 
 0 
 0 
 0 
 0 
 0 
 0 
 0 
 0 
 0 
 0 
 1 
 0 
 0 
 0 
 0 
 0 
 0 
 0 
 0 
 0 
 0 
 0 
 0 
 0 
 0 
 0 
 0 
 0 
 0 
 0 
 0 
 0 
 0 
 0 
 0 
 0 
 0 
 0 
 0 
 0 
 0 
 0 
 0 
 0 
 0 
 0 
 0 
 0 
 1 
 0 
 0 
 0 
 0 
 0 
 0 
 0 
 0 
 0 
 0 
 0 
 0 
 0 
 1 
 1 
 0 
 0 
 0 
 0 
 0 
 0 
 0 
 0 
 0 
 0 
 0 
 0 
 1 
 0 
 0 
 0 
 0 
 0 
 0 
 1 
 0 
 0 
 0 
 0 
 0 
 0 
 0 
 0 
 0 
 0 
 0 
 0 
 0 
 0 
 0 
 0 
 0 
 0 
 0 
 0 
 0 
 0 
 0 
 0 
 0 
 0 
 0 
 0 
 1 
 0 
 0 
 0 
 0 
 0 
 1 
 0 
 0 
 0 
 0 
 0 
 1 
 0 
 0 
 1 
 0 
 0 
 0 
 0 
 0 
 0 
 0 
 0 
 0 
 0 
 0 
 0 
 0 
 0 
 0 
 0 
 0 
 0 
 0 
 0 
 0 
 0 
 0 
 0 
 0 
 0 
 0 
 0 
 0 
 0 
 0 
 0 
 0 
 0 
 0 
 0 
 0 
 0 
 0 
 0 
 0 
 0 
 0 
 0 
 0 
 0 
 0 
 0 
 0 
 0 
 0 
 0 
 1 
 0 
 0 
 0 
 0 
 0 
 0 
 0 
 0 
 0 
 0 
 0 
 0 
 0 
 0 
 0 
 0 
 0 
 0 
 0 
 0 
 0 
 0 
 0 
 0 
 0 
 0 
 0 
 0 
 0 
 0 
 0 
 0 
 0 
 0 
 0 
 0 
 0 
 0 
 0 
 0 
 0 
 0 
 0 
 0 
 0 
 0 
 0 
 0 
 0 
 0 
 0 
 0 
 0 
 0 
 0 
 0 
 0 
 0 
 0 
 0 
 0 
 0 
 0 
 0 
 0 
 0 
 0 
 0 
 0 
 0 
 0 
 0 
 0 
 0 
 0 
 0 
 0 
 0 
 0 
 0 
 0 
 0 
 0 
 0 
 0 
 0 
 0 
 0 
 0 
 0 
 0 
 0 
 0 
 0 
 0 
 0 
 0 
 0 
 0 
 0 
 0 
 0 
 0 
 0 
 0 
 0 
 0 
 0 
 0 
 0 
 0 
 0 
 0 
 0 
 0 
 0 
 0 
 1 
 0 
 0 
 0 
 0 
 0 
 0 
 0 
 0 
 0 
 0 
 0 
 0 
 0 
 0 
 0 
 0 
 0 
 0 
 0 
 0 
 0 
 0 
 0 
 0 
 0 
 0 
 0 
 0 
 0 
 0 
 0 
 0 
 0 
 0 
 0 
 0 
 0 
 0 
 0 
 0 
 0 
 0 
 0 
 0 
 0 
 0 
 0 
 0 
 0 
 0 
 0 
 0 
 0 
 0 
 0 
 0 
 0 
 0 
 0 
 0 
 0 
 0 
 0 
 0 
 0 
 0 
 0 
 0 
 0 
 0 
 1 
 0 
 0 
 0 
 0 
 0 
 0 
 0 
 0 
 0 
 0 
 0 
 0 
 0 
 0 
 0 
 0 
 0 
 0 
 0 
 0 
 0 
 0 
 0 
 0 
 0 
 0 
 0 
 0 
 0 
 0 
 0 
 0 
 0 
 0 
 0 
 0 
 0 
 0 
 0 
 0 
 0 
 0 
 0 
 0 
 0 
 0 
 0 
 0 
 0 
 0 
 0 
 0 
 0 
 1 
 0 
 0 
 0 
 0 
 0 
 0 
 0 
 0 
 0 
 0 
 0 
 0 
 0 
 0 
 0 
 0 
 0 
 0 
 0 
 0 
 0 
 0 
 0 
 0 
 0 
 0 
 0 
 0 
 0 
 0 
 0 
 0 
 0 
 0 
 0 
 0 
 0 
 0 
 0 
 0 
 0 
 0 
 0 
 0 
 0 
 0 
 0 
 0 
 0 
 0 
 0 
 0 
 0 
 0 
 0 
 0 
 0 
 0 
 0 
 0 
 0 
 0 
 0 
 0 
 0 
 0 
 0 
 0 
 0 
 0 
 0 
 0 
 0 
 0 
 0 
 0 
 0 
 0 
 0 
 0 
 0 
 0 
 0 
 0 
 0 
 0 
 0 
 0 
 0 
 0 
 0 
 0 
 0 
 0 
 0 
 0 
 0 
 0 
 0 
 0 
 0 
 0 
 0 
 0 
 0 
 0 
 0 
 0 
 0 
 0 
 0 
 0 
 0 
 0 
 0 
 0 
 0 
 0 
 0 
 0 
 0 
 0 
 0 
 0 
 0 
 0 
 0 
 0 
 0 
 0 
 0 
 0 
 0 
 0 
 0 
 0 
 0 
 0 
 0 
 0 
 0 
 0 
 0 
 0 
 0 
 0 
 0 
 0 
 0 
 0 
 0 
 0 
 0 
 0 
 0 
 0 
 0 
 0 
 0 
 0 
 0 
 0 
 0 
 0 
 0 
 0 
 0 
 0 
 0 
 0 
 0 
 0 
 0 
 0 
 0 
 0 
 0 
 0 
 0 
 0 
 0 
 0 
 0 
 0 
 0 
 0 
 0 
 0 
 0 
 0 
 1 
 0 
 0 
 0 
 0 
 0 
 0 
 0 
 0 
 0 
 0 
 0 
 0 
 0 
 0 
 0 
 0 
 0 
 0 
 0 
 0 
 0 
 0 
 0 
 0 
 0 
 0 
 0 
 0 
 0 
 0 
 0 
 0 
 0 
 0 
 0 
 0 
 0 
 0 
 0 
 0 
 0 
 0 
 0 
 0 
 0 
 0 
 0 
 0 
 0 
 0 
 0 
 0 
 0 
 0 
 0 
 0 
 0 
 0 
 0 
 0 
 0 
 0 
 0 
 0 
 0 
 0 
 0 
 0 
 0 
 0 
 0 
 0 
 0 
 0 
 0 
 0 
 0 
 0 
 0 
 0 
 0 
 0 
 0 
 0 
 0 
 0 
 0 
 0 
 0 
 0 
 0 
 0 
 0 
 0 
 0 
 0 
 0 
 0 
 0 
 0 
 0 
 0 
 0 
 0 
 0 
 0 
 0 
 0 
 0 
 0 
 0 
 0 
 0 
 0 
 0 
 0 
 0 
 0 
 0 
 0 
 0 
 0 
 0 
 0 
 0 
 0 
 0 
 0 
 0 
 0 
 0 
 0 
 0 
 0 
 0 
 0 
 0 
 0 
 0 
 0 
 0 
 0 
 0 
 0 
 0 
 0 
 0 
 0 
 0 
 0 
 0 
 0 
 0 
 0 
 0 
 0 
 0 
 0 
 0 
 0 
 0 
 0 
 0 
 0 
 0 
 0 
 0 
 0 
 0 
 0 
 0 
 0 
 0 
 0 
 0 
 0 
 0 
 0 
 0 
 0 
 0 
 0 
 0 
 0 
 0 
 0 
 0 
 0 
 0 
 0 
 0 
 0 
 0 
 0 
 0 
 0 
 0 
 0 
 0 
 0 
 0 
 0 
 0 
 0 
 0 
 0 
 0 
 0 
 0 
 0 
 0 
 0 
 0 
 0 
 0 
 0 
 0 
 0 
 0 
 0 
 0 
 0 
 0 
 0 
 0 
 0 
 0 
 0 
 0 
 0 
 0 
 0 
 0 
 0 
 0 
 0 
 0 
 0 
 0 
 0 
 0 
 0 
 0 
 0 
 0 
 0 
 0 
 0 
 0 
 0 
 0 
 0 
 0 
 0 
 0 
 0 
 0 
 0 
 0 
 0 
 0 
 0 
 0 
 0 
 0 
 0 
 0 
 0 
 0 
 0 
 0 
 0 
 0 
 0 
 0 
 0 
 0 
 0 
 0 
 0 
 0 
 0 
 0 
 0 
 0 
 0 
 0 
 0 
 0 
 0 
 0 
 0 
 0 
 0 
 0 
 0 
 0 
 0 
 0 
 0 
 0 
 0 
 0 
 0 
 0 
 0 
 0 
 0 
 0 
 0 
 0 
 0 
 0 
 0 
 0 
 0 
 0 
 0 
 0 
 0 
 0 
 0 
 0 
 0 
 0 
 0 
 0 
 0 
 0 
 0 
 0 
 0 
 0 
 0 
 0 
 0 
 0 
 0 
 0 
 0 
 0 
 0 
 0 
 0 
 0 
 0 
 0 
 1 
 0 
 0 
 0 
 0 
 0 
 0 
 0 
 0 
 0 
 0 
 0 
 0 
 0 
 0 
 0 
 0 
 0 
 0 
 0 
 0 
 0 
 0 
 0 
 0 
 0 
 0 
 0 
 0 
 0 
 0 
 0 
 0 
 0 
 0 
 0 
 0 
 0 
 0 
 0 
 0 
 0 
 0 
 0 
 0 
 0 
 0 
 0 
 0 
 0 
 0 
 0 
 0 
 0 
 0 
 0 
 0 
 0 
 0 
 0 
 0 
 0 
 0 
 0 
 0 
 0 
 0 
 0 
 0 
 0 
 0 
 0 
 0 
 0 
 0 
 0 
 0 
 0 
 0 
 0 
 0 
 0 
 0 
 0 
 0 
 0 
 0 
 0 
 0 
 0 
 0 
 0 
 0 
 0 
 0 
 0 
 0 
 0 
 0 
 0 
 0 
 0 
 0 
 0 
 0 
 0 
 0 
 0 
 0 
 0 
 0 
 0 
 0 
 0 
 0 
 0 
 0 
 0 
 0 
 0 
 0 
 0 
 0 
 0 
 0 
 0 
 0 
 0 
 0 
 0 
 0 
 0 
 0 
 0 
 0 
 0 
 0 
 0 
 0 
 0 
 0 
 0 
 0 
 0 
 0 
 0 
 0 
 0 
 0 
 0 
 0 
 0 
 0 
 0 
 0 
 0 
 0 
 0 
 0 
 0 
 0 
 0 
 0 
 0 
 0 
 0 
 0 
 0 
 0 
 0 
 0 
 0 
 0 
 0 
 0 
 0 
 0 
 0 
 0 
 0 
 0 
 0 
 0 
 0 
 0 
 0 
 0 
 0 
 0 
 0 
 0 
 0 
 0 
 0 
 0 
 0 
 0 
 0 
 0 
 0 
 0 
 0 
 0 
 0 
 0 
 0 
 0 
 0 
 0 
 0 
 0 
 0 
 0 
 0 
 0 
 0 
 0 
 0 
 0 
 0 
 0 
 0 
 0 
 0 
 0 
 0 
 0 
 0 
 0 
 0 
 0 
 0 
 0 
 0 
 0 
 0 
 0 
 0 
 0 
 0 
 0 
 0 
 0 
 0 
 0 
 0 
 0 
 0 
 0 
 0 
 0 
 0 
 0 
 0 
 0 
 0 
 0 
 0 
 0 
 0 
 0 
 0 
 0 
 0 
 0 
 0 
 0 
 0 
 0 
 0 
 0 
 0 
 0 
 0 
 0 
 0 
 0 
 0 
 0 
 0 
 0 
 0 
 0 
 0 
 0 
 0 
 0 
 0 
 0 
 0 
 0 
 0 
 0 
 0 
 0 
 0 
 0 
 0 
 0 
 0 
 0 
 0 
 0 
 0 
 0 
 0 
 0 
 0 
 0 
 0 
 0 
 0 
 0 
 0 
 0 
 0 
 0 
 0 
 0 
 0 
 0 
 0 
 0 
 0 
 0 
 0 
 0 
 0 
 0 
 0 
 0 
 0 
 0 
 0 
 0 
 0 
 0 
 0 
 0 
 0 
 0 
 0 
 0 
 0 
 0 
 0 
 0 
 0 
 0 
 0 
 0 
 0 
 0 
 0 
 0 
 0 
