 0 
 0 
 0 
 0 
 0 
 1 
 1 
 0 
 0 
 0 
 0 
 0 
 0 
 2 
 2 
 0 
 1 
 2 
 1 
 2 
 4 
 3 
 3 
 6 
 9 
 12 
 22 
 18 
 27 
 41 
 69 
 83 
 98 
 129 
 130 
 158 
 192 
 243 
 251 
 251 
 287 
 315 
 299 
 304 
 347 
 305 
 340 
 353 
 347 
 359 
 344 
 376 
 359 
 363 
 366 
 339 
 332 
 347 
 365 
 359 
 359 
 338 
 408 
 380 
 382 
 393 
 395 
 394 
 408 
 409 
 455 
 417 
 431 
 470 
 455 
 475 
 501 
 468 
 493 
 483 
 531 
 530 
 510 
 537 
 500 
 537 
 531 
 536 
 538 
 599 
 602 
 552 
 614 
 637 
 603 
 644 
 682 
 626 
 610 
 632 
 603 
 528 
 542 
 594 
 500 
 475 
 514 
 495 
 471 
 456 
 464 
 440 
 442 
 401 
 385 
 400 
 394 
 385 
 388 
 398 
 364 
 342 
 351 
 318 
 348 
 379 
 354 
 338 
 345 
 362 
 334 
 334 
 340 
 347 
 364 
 347 
 345 
 347 
 353 
 347 
 367 
 313 
 358 
 337 
 338 
 352 
 340 
 349 
 324 
 372 
 372 
 370 
 352 
 364 
 357 
 370 
 324 
 337 
 351 
 355 
 358 
 341 
 368 
 371 
 348 
 373 
 340 
 362 
 332 
 339 
 337 
 348 
 348 
 341 
 360 
 359 
 378 
 379 
 349 
 359 
 365 
 370 
 363 
 391 
 384 
 350 
 348 
 355 
 367 
 334 
 391 
 366 
 380 
 398 
 384 
 394 
 408 
 395 
 427 
 413 
 399 
 416 
 385 
 451 
 446 
 445 
 440 
 408 
 427 
 436 
 421 
 430 
 395 
 435 
 427 
 431 
 465 
 434 
 458 
 449 
 445 
 440 
 435 
 428 
 412 
 392 
 403 
 398 
 410 
 427 
 413 
 437 
 396 
 422 
 372 
 411 
 392 
 381 
 408 
 446 
 389 
 395 
 428 
 406 
 399 
 400 
 409 
 400 
 399 
 398 
 384 
 393 
 466 
 408 
 426 
 388 
 402 
 399 
 384 
 390 
 390 
 379 
 388 
 369 
 383 
 406 
 394 
 427 
 391 
 374 
 437 
 371 
 407 
 396 
 383 
 364 
 379 
 369 
 354 
 360 
 403 
 376 
 390 
 366 
 333 
 379 
 388 
 340 
 384 
 380 
 360 
 364 
 349 
 348 
 333 
 339 
 366 
 376 
 349 
 353 
 361 
 375 
 354 
 371 
 368 
 380 
 371 
 354 
 371 
 325 
 387 
 320 
 398 
 376 
 349 
 335 
 374 
 322 
 343 
 325 
 321 
 350 
 335 
 387 
 381 
 352 
 316 
 350 
 331 
 356 
 327 
 379 
 343 
 319 
 341 
 334 
 362 
 355 
 349 
 378 
 360 
 349 
 351 
 359 
 375 
 322 
 341 
 375 
 338 
 386 
 344 
 347 
 359 
 371 
 372 
 386 
 355 
 354 
 356 
 363 
 355 
 346 
 365 
 352 
 308 
 351 
 308 
 363 
 338 
 359 
 338 
 335 
 319 
 318 
 314 
 322 
 335 
 329 
 316 
 305 
 339 
 295 
 316 
 262 
 306 
 296 
 289 
 289 
 270 
 294 
 264 
 311 
 293 
 279 
 315 
 274 
 268 
 292 
 255 
 276 
 281 
 271 
 277 
 271 
 277 
 274 
 248 
 267 
 250 
 255 
 302 
 265 
 278 
 288 
 266 
 273 
 250 
 248 
 263 
 268 
 302 
 279 
 242 
 235 
 269 
 267 
 267 
 252 
 243 
 262 
 241 
 266 
 280 
 266 
 291 
 260 
 249 
 237 
 230 
 265 
 247 
 256 
 247 
 273 
 256 
 253 
 246 
 269 
 275 
 287 
 293 
 244 
 269 
 256 
 271 
 256 
 262 
 238 
 247 
 272 
 259 
 256 
 259 
 259 
 280 
 250 
 269 
 245 
 260 
 285 
 275 
 227 
 259 
 250 
 257 
 291 
 230 
 255 
 266 
 263 
 287 
 269 
 285 
 271 
 279 
 266 
 257 
 288 
 238 
 246 
 264 
 253 
 234 
 286 
 282 
 256 
 271 
 225 
 267 
 240 
 263 
 280 
 280 
 251 
 262 
 266 
 244 
 235 
 270 
 247 
 278 
 265 
 269 
 260 
 270 
 268 
 280 
 305 
 249 
 246 
 275 
 275 
 259 
 276 
 242 
 262 
 294 
 290 
 293 
 244 
 296 
 290 
 290 
 311 
 298 
 324 
 314 
 348 
 324 
 345 
 339 
 372 
 406 
 409 
 406 
 422 
 477 
 507 
 540 
 522 
 522 
 558 
 612 
 643 
 609 
 715 
 700 
 734 
 783 
 821 
 859 
 875 
 890 
 912 
 958 
 927 
 1067 
 1104 
 1151 
 1106 
 1196 
 1314 
 1247 
 1312 
 1381 
 1347 
 1344 
 1348 
 1419 
 1437 
 1408 
 1390 
 1406 
 1338 
 1494 
 1450 
 1404 
 1364 
 1334 
 1320 
 1328 
 1334 
 1326 
 1289 
 1286 
 1184 
 1155 
 1085 
 1073 
 1076 
 1025 
 922 
 895 
 917 
 832 
 822 
 755 
 723 
 687 
 640 
 625 
 611 
 523 
 504 
 497 
 452 
 399 
 401 
 364 
 351 
 310 
 295 
 279 
 273 
 259 
 207 
 236 
 206 
 199 
 204 
 167 
 161 
 175 
 150 
 155 
 150 
 130 
 132 
 161 
 129 
 123 
 118 
 131 
 123 
 122 
 105 
 126 
 111 
 110 
 112 
 104 
 122 
 108 
 115 
 119 
 105 
 103 
 104 
 99 
 98 
 106 
 115 
 90 
 89 
 100 
 88 
 106 
 114 
 105 
 123 
 97 
 116 
 89 
 108 
 106 
 98 
 98 
 116 
 83 
 104 
 92 
 105 
 98 
 107 
 91 
 106 
 100 
 108 
 113 
 107 
 103 
 107 
 81 
 86 
 100 
 110 
 107 
 99 
 108 
 87 
 103 
 104 
 115 
 98 
 112 
 125 
 98 
 108 
 110 
 98 
 82 
 98 
 111 
 98 
 105 
 99 
 112 
 97 
 91 
 118 
 111 
 96 
 101 
 90 
 104 
 113 
 98 
 96 
 96 
 97 
 98 
 106 
 98 
 107 
 97 
 104 
 98 
 98 
 89 
 108 
 107 
 101 
 94 
 86 
 115 
 94 
 105 
 96 
 109 
 105 
 112 
 105 
 79 
 108 
 110 
 111 
 105 
 120 
 109 
 100 
 115 
 107 
 89 
 101 
 121 
 87 
 107 
 106 
 96 
 99 
 111 
 88 
 103 
 103 
 107 
 111 
 110 
 90 
 81 
 112 
 116 
 99 
 102 
 106 
 93 
 113 
 104 
 97 
 94 
 112 
 107 
 114 
 119 
 104 
 97 
 99 
 85 
 81 
 94 
 97 
 91 
 95 
 104 
 65 
 93 
 97 
 78 
 106 
 95 
 94 
 84 
 107 
 94 
 116 
 88 
 99 
 116 
 103 
 78 
 94 
 89 
 84 
 100 
 89 
 116 
 86 
 91 
 90 
 95 
 94 
 119 
 94 
 113 
 95 
 83 
 94 
 95 
 103 
 107 
 97 
 99 
 95 
 100 
 91 
 94 
 95 
 98 
 112 
 97 
 95 
 103 
 91 
 106 
 100 
 111 
 89 
 112 
 98 
 104 
 87 
 102 
 88 
 99 
 103 
 97 
 94 
 90 
 93 
 94 
 98 
 92 
 110 
 95 
 108 
 118 
 95 
 99 
 118 
 89 
 89 
 90 
 116 
 104 
 94 
 109 
 99 
 100 
 88 
 97 
 117 
 120 
 117 
 98 
 115 
 99 
 92 
 91 
 102 
 118 
 107 
 99 
 93 
 116 
 102 
 103 
 94 
 76 
 100 
 107 
 105 
 104 
 101 
 85 
 96 
 109 
 94 
 92 
 81 
 104 
 91 
 98 
 112 
 99 
 97 
 102 
 92 
 82 
 87 
 102 
 95 
 85 
 96 
 95 
 93 
 109 
 99 
 106 
 98 
 103 
 93 
 89 
 96 
 98 
 89 
 86 
 109 
 84 
 100 
 105 
 87 
 109 
 79 
 101 
 95 
 99 
 104 
 83 
 116 
 98 
 83 
 98 
 98 
 89 
 115 
 95 
 104 
 131 
 106 
 112 
 118 
 99 
 95 
 83 
 108 
 110 
 97 
 95 
 105 
 119 
 95 
 100 
 103 
 107 
 117 
 89 
 88 
 93 
 98 
 99 
 103 
 92 
 91 
 106 
 95 
 97 
 87 
 117 
 98 
 125 
 96 
 108 
 90 
 99 
 89 
 107 
 99 
 101 
 101 
 107 
 97 
 108 
 75 
 104 
 98 
 115 
 86 
 108 
 99 
 109 
 115 
 99 
 112 
 116 
 87 
 126 
 86 
 114 
 103 
 111 
 116 
 105 
 114 
 115 
 111 
 102 
 110 
 121 
 113 
 115 
 95 
 109 
 91 
 109 
 106 
 108 
 119 
 133 
 103 
 103 
 106 
 88 
 108 
 125 
 84 
 109 
 101 
 104 
 124 
 109 
 117 
 111 
 97 
 94 
 108 
 98 
 104 
 112 
 109 
 111 
 119 
 88 
 107 
 91 
 108 
 111 
 107 
 109 
 121 
 109 
 117 
 101 
 114 
 100 
 105 
 113 
 88 
 107 
 116 
 125 
 105 
 106 
 106 
 107 
 99 
 106 
 109 
 102 
 119 
 105 
 110 
 94 
 123 
 103 
 107 
 119 
 99 
 112 
 105 
 99 
 107 
 115 
 116 
 138 
 110 
 129 
 121 
 112 
 103 
 118 
 113 
 145 
 119 
 102 
 87 
 109 
 112 
 98 
 118 
 98 
 115 
 107 
 109 
 107 
 98 
 96 
 111 
 103 
 84 
 97 
 93 
 95 
 102 
 102 
 97 
 102 
 87 
 92 
 82 
 98 
 80 
 87 
 99 
 90 
 91 
 94 
 86 
 84 
 73 
 76 
 77 
 83 
 83 
 70 
 76 
 77 
 74 
 65 
 61 
 78 
 69 
 70 
 57 
 49 
 58 
 64 
 58 
 55 
 56 
 62 
 58 
 69 
 51 
 61 
 67 
 51 
 52 
 53 
 68 
 60 
 63 
 51 
 47 
 48 
 47 
 52 
 46 
 63 
 47 
 56 
 44 
 46 
 53 
 51 
 38 
 41 
 37 
 42 
 43 
 39 
 38 
 42 
 37 
 44 
 37 
 36 
 43 
 46 
 43 
 34 
 41 
 35 
 33 
 27 
 45 
 42 
 37 
 32 
 38 
 38 
 32 
 37 
 25 
 33 
 37 
 36 
 42 
 25 
 33 
 43 
 34 
 29 
 33 
 39 
 28 
 27 
 29 
 32 
 30 
 41 
 25 
 22 
 28 
 22 
 29 
 31 
 25 
 28 
 19 
 27 
 36 
 30 
 23 
 27 
 37 
 24 
 28 
 29 
 22 
 29 
 27 
 29 
 18 
 21 
 22 
 21 
 30 
 22 
 22 
 29 
 28 
 27 
 13 
 26 
 30 
 29 
 22 
 17 
 19 
 19 
 22 
 28 
 25 
 21 
 26 
 28 
 28 
 25 
 20 
 24 
 25 
 15 
 21 
 26 
 22 
 15 
 30 
 21 
 25 
 28 
 17 
 20 
 15 
 23 
 21 
 25 
 28 
 26 
 21 
 22 
 23 
 23 
 22 
 19 
 21 
 25 
 20 
 20 
 23 
 23 
 31 
 23 
 31 
 30 
 26 
 39 
 26 
 29 
 29 
 34 
 37 
 38 
 39 
 42 
 42 
 45 
 46 
 47 
 49 
 34 
 47 
 54 
 66 
 60 
 55 
 65 
 70 
 74 
 68 
 71 
 85 
 65 
 93 
 90 
 104 
 113 
 111 
 132 
 114 
 120 
 115 
 135 
 142 
 129 
 138 
 139 
 129 
 185 
 183 
 169 
 189 
 183 
 186 
 190 
 214 
 212 
 206 
 225 
 226 
 255 
 243 
 251 
 241 
 259 
 302 
 273 
 303 
 300 
 273 
 279 
 289 
 313 
 302 
 317 
 310 
 327 
 314 
 308 
 304 
 311 
 348 
 354 
 349 
 330 
 325 
 350 
 358 
 364 
 306 
 356 
 326 
 314 
 337 
 331 
 345 
 324 
 348 
 316 
 321 
 322 
 313 
 270 
 281 
 310 
 302 
 319 
 291 
 233 
 276 
 281 
 234 
 246 
 250 
 263 
 232 
 241 
 248 
 217 
 207 
 208 
 202 
 245 
 194 
 183 
 196 
 154 
 165 
 156 
 150 
 149 
 138 
 136 
 136 
 137 
 127 
 108 
 120 
 96 
 101 
 83 
 85 
 86 
 84 
 61 
 79 
 85 
 72 
 72 
 87 
 82 
 66 
 65 
 55 
 53 
 69 
 46 
 42 
 38 
 52 
 46 
 41 
 45 
 41 
 19 
 32 
 21 
 31 
 27 
 24 
 25 
 13 
 21 
 23 
 21 
 19 
 23 
 13 
 16 
 11 
 14 
 12 
 10 
 17 
 16 
 11 
 12 
 14 
 13 
 15 
 10 
 9 
 5 
 11 
 6 
 6 
 8 
 12 
 11 
 9 
 9 
 8 
 8 
 6 
 4 
 9 
 6 
 8 
 5 
 5 
 5 
 7 
 6 
 8 
 8 
 6 
 4 
 5 
 3 
 3 
 4 
 6 
 11 
 3 
 6 
 6 
 9 
 5 
 0 
 5 
 3 
 5 
 4 
 8 
 5 
 9 
 3 
 4 
 5 
 9 
 4 
 4 
 2 
 4 
 4 
 6 
 6 
 5 
 6 
 9 
 9 
 5 
 3 
 7 
 3 
 6 
 5 
 6 
 12 
 8 
 8 
 5 
 9 
 4 
 2 
 4 
 2 
 4 
 6 
 6 
 4 
 9 
 9 
 4 
 6 
 4 
 5 
 4 
 6 
 11 
 6 
 3 
 2 
 1 
 2 
 3 
 5 
 6 
 3 
 4 
 3 
 5 
 6 
 7 
 1 
 3 
 4 
 3 
 1 
 5 
 6 
 2 
 5 
 4 
 4 
 5 
 5 
 2 
 4 
 7 
 6 
 5 
 3 
 4 
 9 
 4 
 4 
 3 
 9 
 3 
 6 
 7 
 2 
 1 
 7 
 5 
 4 
 2 
 4 
 7 
 2 
 5 
 8 
 9 
 2 
 2 
 5 
 3 
 3 
 8 
 5 
 6 
 1 
 3 
 4 
 5 
 4 
 4 
 4 
 5 
 4 
 3 
 6 
 3 
 4 
 4 
 2 
 5 
 3 
 6 
 4 
 5 
 6 
 7 
 6 
 3 
 3 
 6 
 4 
 2 
 5 
 5 
 4 
 6 
 7 
 7 
 1 
 5 
 6 
 1 
 5 
 13 
 5 
 5 
 3 
 1 
 2 
 4 
 7 
 5 
 5 
 3 
 3 
 6 
 4 
 7 
 2 
 3 
 1 
 6 
 2 
 5 
 3 
 0 
 2 
 7 
 3 
 9 
 1 
 5 
 2 
 3 
 9 
 2 
 4 
 4 
 6 
 1 
 4 
 5 
 2 
 5 
 4 
 4 
 6 
 1 
 1 
 3 
 0 
 2 
 4 
 2 
 5 
 1 
 4 
 4 
 3 
 5 
 5 
 3 
 4 
 3 
 7 
 3 
 2 
 2 
 4 
 2 
 1 
 1 
 8 
 2 
 3 
 3 
 2 
 4 
 5 
 6 
 4 
 7 
 0 
 1 
 3 
 3 
 1 
 2 
 4 
 1 
 5 
 3 
 3 
 0 
 1 
 6 
 1 
 1 
 1 
 1 
 3 
 3 
 1 
 2 
 3 
 3 
 2 
 1 
 3 
 3 
 2 
 1 
 2 
 1 
 1 
 0 
 0 
 0 
 3 
 2 
 3 
 1 
 2 
 1 
 2 
 1 
 3 
 1 
 1 
 1 
 0 
 2 
 3 
 3 
 0 
 4 
 4 
 0 
 2 
 0 
 1 
 3 
 6 
 3 
 4 
 2 
 1 
 0 
 3 
 2 
 2 
 2 
 1 
 3 
 2 
 2 
 2 
 2 
 1 
 1 
 1 
 0 
 3 
 4 
 1 
 2 
 2 
 3 
 0 
 1 
 1 
 1 
 1 
 2 
 1 
 3 
 2 
 2 
 1 
 1 
 1 
 0 
 2 
 4 
 1 
 1 
 0 
 2 
 1 
 4 
 0 
 2 
 1 
 4 
 4 
 1 
 3 
 6 
 1 
 2 
 1 
 1 
 2 
 3 
 1 
 1 
 2 
 1 
 2 
 1 
 4 
 3 
 2 
 3 
 2 
 2 
 2 
 2 
 3 
 5 
 3 
 0 
 4 
 2 
 2 
 3 
 3 
 3 
 2 
 1 
 5 
 0 
 3 
 2 
 2 
 1 
 4 
 2 
 3 
 3 
 0 
 2 
 1 
 3 
 3 
 4 
 4 
 5 
 5 
 8 
 4 
 5 
 2 
 4 
 7 
 3 
 3 
 5 
 4 
 3 
 1 
 3 
 2 
 6 
 10 
 5 
 5 
 3 
 5 
 4 
 8 
 2 
 5 
 2 
 8 
 11 
 12 
 4 
 2 
 7 
 8 
 5 
 4 
 7 
 10 
 4 
 3 
 1 
 4 
 6 
 6 
 6 
 3 
 2 
 7 
 2 
 5 
 8 
 7 
 3 
 6 
 4 
 3 
 4 
 8 
 1 
 4 
 3 
 11 
 5 
 2 
 9 
 9 
 4 
 7 
 5 
 4 
 7 
 4 
 4 
 5 
 3 
 2 
 2 
 3 
 3 
 5 
 2 
 1 
 4 
 2 
 1 
 4 
 1 
 3 
 1 
 5 
 4 
 1 
 2 
 4 
 1 
 0 
 1 
 2 
 4 
 5 
 1 
 0 
 1 
 4 
 2 
 3 
 1 
 3 
 2 
 3 
 2 
 2 
 1 
 0 
 0 
 0 
 0 
 2 
 1 
 0 
 0 
 0 
 0 
 1 
 0 
 1 
 1 
 1 
 0 
 0 
 2 
 1 
 0 
 2 
 1 
 0 
 0 
 0 
 1 
 0 
 0 
 0 
 0 
 0 
 1 
 0 
 0 
 1 
 0 
 1 
 1 
 0 
 0 
 0 
 0 
 1 
 0 
 0 
 0 
 0 
 0 
 0 
 1 
 1 
 0 
 0 
 0 
 0 
 0 
 0 
 0 
 0 
 0 
 0 
 0 
 0 
 0 
 0 
 1 
 1 
 0 
 0 
 0 
 1 
 0 
 0 
 0 
 0 
 0 
 0 
 0 
 0 
 0 
 0 
 0 
 0 
 1 
 0 
 0 
 0 
 0 
 0 
 0 
 0 
 0 
 0 
 0 
 0 
 0 
 0 
 0 
 0 
 0 
 0 
 0 
 0 
 0 
 0 
 0 
 0 
 0 
 0 
 0 
 0 
 0 
 0 
 1 
 0 
 0 
 1 
 1 
 1 
 0 
 0 
 0 
 0 
 0 
 0 
 1 
 0 
 0 
 0 
 0 
 0 
 0 
 0 
 0 
 1 
 1 
 0 
 0 
 0 
 0 
 0 
 0 
 0 
 0 
 0 
 0 
 0 
 0 
 0 
 0 
 0 
 0 
 1 
 0 
 1 
 0 
 0 
 1 
 0 
 0 
 1 
 0 
 0 
 0 
 0 
 0 
 0 
 0 
 0 
 0 
 0 
 1 
 0 
 1 
 0 
 0 
 0 
 0 
 0 
 0 
 0 
 0 
 0 
 0 
 0 
 0 
 1 
 0 
 0 
 0 
 0 
 0 
 0 
 0 
 1 
 0 
 0 
 0 
 0 
 0 
 0 
 0 
 0 
 0 
 1 
 0 
 0 
 0 
 0 
 0 
 0 
 0 
 0 
 0 
 0 
 0 
 0 
 0 
 1 
 0 
 0 
 0 
 0 
 0 
 0 
 1 
 0 
 0 
 1 
 0 
 0 
 0 
 0 
 0 
 0 
 0 
 0 
 0 
 1 
 0 
 0 
 0 
 0 
 0 
 0 
 0 
 0 
 1 
 0 
 0 
 0 
 0 
 1 
 0 
 0 
 0 
 0 
 0 
 1 
 0 
 0 
 0 
 0 
 0 
 0 
 1 
 1 
 1 
 0 
 0 
 0 
 0 
 0 
 0 
 0 
 0 
 0 
 0 
 0 
 1 
 0 
 0 
 0 
 0 
 0 
 0 
 0 
 0 
 0 
 0 
 0 
 0 
 3 
 0 
 0 
 0 
 0 
 1 
 1 
 0 
 1 
 0 
 0 
 0 
 1 
 0 
 0 
 0 
 0 
 1 
 0 
 0 
 0 
 0 
 0 
 0 
 0 
 0 
 0 
 1 
 0 
 0 
 0 
 0 
 0 
 0 
 0 
 0 
 0 
 0 
 1 
 0 
 0 
 0 
 0 
 0 
 0 
 0 
 0 
 0 
 0 
 0 
 0 
 1 
 0 
 0 
 0 
 0 
 0 
 0 
 0 
 0 
 1 
 0 
 0 
 0 
 0 
 0 
 0 
 1 
 0 
 0 
 0 
 0 
 0 
 0 
 0 
 0 
 0 
 0 
 0 
 0 
 0 
 0 
 0 
 0 
 0 
 1 
 0 
 0 
 0 
 0 
 0 
 0 
 0 
 0 
 1 
 0 
 0 
 0 
 0 
 0 
 0 
 0 
 0 
 0 
 0 
 1 
 0 
 0 
 0 
 0 
 0 
 0 
 0 
 0 
 0 
 0 
 0 
 0 
 0 
 1 
 0 
 0 
 1 
 0 
 0 
 0 
 0 
 0 
 0 
 0 
 0 
 0 
 0 
 0 
 0 
 0 
 0 
 0 
 0 
 0 
 1 
 0 
 0 
 0 
 0 
 0 
 0 
 0 
 0 
 0 
 0 
 0 
 0 
 0 
 0 
 0 
 0 
 0 
 0 
 0 
 0 
 0 
 0 
 0 
 0 
 0 
 0 
 0 
 0 
 0 
 0 
 0 
 0 
 0 
 0 
 0 
 0 
 0 
 0 
 0 
 0 
 0 
 0 
 0 
 0 
 0 
 0 
 0 
 0 
 0 
 0 
 0 
 0 
 0 
 0 
 0 
 0 
 1 
 0 
 0 
 0 
 0 
 0 
 0 
 0 
 0 
 0 
 0 
 0 
 1 
 0 
 0 
 0 
 0 
 0 
 0 
 1 
 0 
 0 
 0 
 0 
 0 
 1 
 0 
 0 
 0 
 0 
 0 
 0 
 0 
 1 
 0 
 0 
 0 
 0 
 0 
 1 
 0 
 0 
 0 
 0 
 0 
 0 
 0 
 0 
 0 
 0 
 0 
 0 
 0 
 0 
 0 
 1 
 0 
 0 
 0 
 0 
 0 
 0 
 0 
 0 
 0 
 0 
 0 
 0 
 0 
 0 
 0 
 0 
 0 
 0 
 0 
 0 
 0 
 0 
 0 
 1 
 0 
 0 
 0 
 0 
 0 
 0 
 0 
 0 
 0 
 0 
 0 
 0 
 0 
 0 
 0 
 0 
 0 
 0 
 0 
 0 
 0 
 0 
 0 
 0 
 0 
 0 
 0 
 0 
 0 
 0 
 0 
 0 
 0 
 0 
 0 
 0 
 0 
 0 
 0 
 0 
 0 
 0 
 0 
 0 
 0 
 1 
 0 
 0 
 0 
 0 
 0 
 0 
 0 
 0 
 0 
 0 
 0 
 0 
 0 
 0 
 0 
 0 
 0 
 0 
 0 
 0 
 0 
 0 
 0 
 0 
 0 
 0 
 0 
 0 
 0 
 0 
 0 
 0 
 0 
 0 
 0 
 0 
 0 
 0 
 0 
 0 
 0 
 0 
 0 
 0 
 0 
 0 
 0 
 0 
 0 
 0 
 0 
 0 
 0 
 0 
 0 
 0 
 0 
 0 
 0 
 0 
 0 
 0 
 0 
 0 
 0 
 0 
 0 
 0 
 0 
 0 
 0 
 0 
 0 
 0 
 0 
 0 
 0 
 0 
 0 
 0 
 0 
 0 
 0 
 0 
 0 
 0 
 0 
 0 
 0 
 0 
 0 
 0 
 0 
 0 
 0 
 0 
 0 
 0 
 0 
 1 
 0 
 0 
 0 
 0 
 0 
 1 
 0 
 0 
 0 
 0 
 0 
 0 
 0 
 0 
 1 
 0 
 0 
 0 
 0 
 0 
 0 
 0 
 0 
 0 
 0 
 1 
 0 
 0 
 0 
 0 
 0 
 1 
 0 
 0 
 0 
 0 
 0 
 0 
 0 
 1 
 0 
 0 
 0 
 0 
 1 
 0 
 0 
 1 
 0 
 0 
 0 
 0 
 0 
 0 
 0 
 0 
 0 
 0 
 0 
 0 
 0 
 0 
 0 
 0 
 0 
 1 
 0 
 0 
 0 
 0 
 0 
 0 
 0 
 0 
 1 
 0 
 0 
 0 
 0 
 0 
 0 
 0 
 1 
 1 
 0 
 1 
 0 
 0 
 1 
 0 
 0 
 0 
 0 
 0 
 0 
 0 
 0 
 0 
 0 
 0 
 0 
 0 
 0 
 0 
 0 
 0 
 0 
 0 
 0 
 0 
 0 
 1 
 0 
 0 
 0 
 0 
 0 
 0 
 0 
 0 
 0 
 0 
 0 
 0 
 0 
 0 
 0 
 0 
 0 
 0 
 0 
 0 
 0 
 0 
 0 
 0 
 0 
 0 
 0 
 0 
 0 
 0 
 0 
 0 
 0 
 0 
 0 
 0 
 0 
 0 
 0 
 0 
 0 
 0 
 0 
 0 
 0 
 0 
 0 
 0 
 0 
 0 
 0 
 0 
 0 
 0 
 0 
 0 
 0 
 0 
 0 
 0 
 0 
 0 
 0 
 0 
 0 
 0 
 0 
 0 
 0 
 0 
 0 
 0 
 0 
 0 
 0 
 0 
 0 
 0 
 0 
 0 
 0 
 0 
 0 
 0 
 0 
 0 
 0 
 0 
 0 
 0 
 0 
 0 
 0 
 0 
 0 
 0 
 0 
 0 
 0 
 0 
 0 
 0 
 0 
 0 
 0 
 0 
 0 
 0 
 0 
 0 
 0 
 0 
 0 
 0 
 0 
 0 
 0 
 0 
 0 
 0 
 0 
 0 
 1 
 0 
 0 
 0 
 0 
 0 
 0 
 0 
 0 
 0 
 0 
 0 
 0 
 0 
 0 
 1 
 0 
 0 
 0 
 0 
 0 
 0 
 0 
 0 
 0 
 0 
 0 
 0 
 0 
 0 
 0 
 0 
 0 
 0 
 0 
 0 
 0 
 0 
 0 
 0 
 0 
 0 
 0 
 0 
 0 
 0 
 0 
 0 
 0 
 0 
 0 
 0 
 0 
 0 
 0 
 0 
 0 
 0 
 0 
 0 
 0 
 0 
 0 
 0 
 0 
 0 
 0 
 0 
 0 
 0 
 0 
 0 
 0 
 0 
 0 
 0 
 0 
 0 
 0 
 0 
 0 
 0 
 0 
 0 
 0 
 0 
 0 
 0 
 0 
 0 
 0 
 0 
 0 
 0 
 0 
 0 
 0 
 0 
 0 
 0 
 0 
 0 
 0 
 0 
 0 
 0 
 0 
 0 
 0 
 0 
 0 
 0 
 0 
 0 
 0 
 0 
 0 
 0 
 0 
 0 
 0 
 0 
 0 
 0 
 0 
 0 
 0 
 0 
 0 
 0 
 0 
 0 
 0 
 0 
 0 
 0 
 0 
 0 
 0 
 0 
 0 
 0 
 0 
 0 
 0 
 0 
 0 
 0 
 0 
 0 
 0 
 0 
 0 
 0 
 0 
 0 
 0 
 0 
 0 
 0 
 0 
 0 
 0 
 0 
 0 
 0 
 0 
 0 
 0 
 0 
 0 
 0 
 0 
 0 
 0 
 0 
 0 
 0 
 0 
 0 
 0 
 0 
 0 
 0 
 0 
 0 
 0 
 0 
 0 
 0 
 0 
 1 
 0 
 0 
 0 
 0 
 0 
 0 
 0 
 0 
 0 
 0 
 0 
 0 
 0 
 0 
 0 
 0 
 0 
 0 
 0 
 0 
 0 
 0 
 0 
 0 
 0 
 0 
 0 
 0 
 0 
 0 
 0 
 0 
 0 
 0 
 0 
 0 
 0 
 0 
 0 
 0 
 0 
 0 
 0 
 0 
 0 
 0 
 0 
 0 
 0 
 0 
 0 
 0 
 0 
 0 
 0 
 0 
 0 
 0 
 0 
 0 
 0 
 0 
 0 
 0 
 0 
 0 
 0 
 0 
 0 
 0 
 0 
 0 
 0 
 0 
 0 
 0 
 0 
 0 
 0 
 0 
 0 
 0 
 0 
 0 
 0 
 0 
 0 
 0 
 0 
 0 
 0 
 0 
 0 
 0 
 0 
 0 
 0 
 0 
 0 
 0 
 0 
 0 
 0 
 0 
 0 
 0 
 0 
 0 
 0 
 0 
 0 
 0 
 0 
 0 
 0 
 0 
 0 
 0 
 0 
 0 
 0 
 0 
 0 
 0 
 0 
 0 
 0 
 0 
 0 
 0 
 0 
 0 
 0 
 0 
 0 
 0 
 0 
 0 
 0 
 0 
 0 
 0 
 0 
 0 
 0 
 0 
 0 
 0 
 0 
 0 
 0 
 0 
 0 
 0 
 0 
 0 
 0 
 0 
 0 
 0 
 0 
 0 
 0 
 0 
 0 
 0 
 0 
 0 
 0 
 0 
 0 
 0 
 0 
 0 
 0 
 0 
 0 
 0 
 0 
 0 
 0 
 0 
 0 
 0 
 0 
 0 
 0 
 0 
 0 
 0 
 0 
 0 
 0 
 0 
 0 
 0 
 0 
 0 
 0 
 0 
 0 
 0 
 0 
 0 
 0 
 0 
 0 
 0 
 0 
 0 
 0 
 0 
 0 
 0 
 0 
 0 
 0 
 0 
 0 
 0 
 0 
 0 
 0 
 0 
 0 
 0 
 0 
 0 
 0 
 0 
 0 
 0 
 0 
 0 
 0 
 0 
 0 
 0 
 0 
 0 
 0 
 0 
 0 
 0 
 0 
 0 
 0 
 0 
 0 
 0 
 0 
 0 
 0 
 0 
 0 
 0 
 0 
 0 
 0 
 0 
 0 
 0 
 0 
 0 
 0 
 0 
 0 
 0 
 0 
 0 
 0 
 0 
 0 
 0 
 0 
 0 
 0 
 0 
 0 
 0 
 0 
 0 
 0 
 0 
 0 
 0 
 0 
 1 
 0 
 0 
 0 
 0 
 0 
 0 
 0 
 0 
 0 
 0 
 0 
 0 
 0 
 0 
 0 
 0 
 0 
 0 
 0 
 0 
 0 
 0 
 0 
 0 
 0 
 0 
 0 
 0 
 0 
 0 
 0 
 0 
 0 
 0 
 0 
 0 
 0 
 0 
 0 
 0 
 0 
 0 
 0 
 0 
 0 
 0 
 0 
 0 
 0 
 0 
 0 
 0 
 0 
 0 
 0 
 0 
 0 
 0 
 0 
 0 
 0 
 0 
 0 
 0 
 0 
 0 
 0 
 0 
 0 
 0 
 0 
 0 
 0 
 0 
 0 
 0 
 0 
 0 
 0 
 0 
 0 
 0 
 0 
 0 
 0 
 0 
 0 
 0 
 0 
 0 
 0 
 0 
 0 
 0 
 0 
 0 
 0 
 0 
 0 
 0 
 0 
 0 
 0 
 0 
 0 
 0 
 0 
 0 
 0 
 0 
 0 
 0 
 0 
 0 
 0 
 0 
 0 
 0 
 0 
 0 
 0 
 0 
 0 
 0 
 0 
 0 
 0 
 0 
 0 
 0 
 0 
 0 
 0 
 0 
 0 
 0 
 0 
 0 
 0 
 0 
 0 
 0 
 0 
 0 
 0 
 0 
 0 
 0 
 0 
 0 
 0 
 0 
 0 
 0 
 0 
 0 
 0 
 0 
 0 
 0 
 0 
 0 
 0 
 0 
 0 
 0 
 0 
 0 
 0 
 0 
 0 
 0 
 0 
 0 
 0 
 0 
 0 
 0 
 0 
 0 
 0 
 0 
 0 
 0 
 0 
 0 
 0 
 0 
 0 
 0 
 0 
 0 
 0 
 0 
 0 
 0 
 0 
 0 
 0 
 0 
 0 
 0 
 0 
 0 
 0 
 0 
 0 
 0 
 0 
 0 
 0 
 0 
 0 
 0 
 0 
 0 
 0 
 0 
 0 
 0 
 0 
 0 
 0 
 0 
 0 
 0 
 0 
 0 
 0 
 0 
 0 
 0 
 0 
 0 
 0 
 0 
 0 
 0 
 0 
 0 
 0 
 0 
 0 
 0 
 0 
 0 
 0 
 0 
 0 
 0 
 0 
 0 
 0 
 0 
 0 
 0 
 0 
 0 
 0 
 0 
 0 
 0 
 0 
 0 
 0 
 0 
 0 
 0 
 0 
 0 
 0 
 0 
 0 
 0 
 0 
 0 
 0 
 0 
 0 
 0 
 0 
 0 
 0 
 0 
 0 
 0 
 0 
 0 
 0 
 0 
 0 
 0 
 0 
 0 
 0 
 0 
 0 
 0 
 0 
 0 
 0 
 0 
 0 
 0 
 0 
 0 
 0 
 0 
 0 
 0 
 0 
 0 
 0 
 0 
 0 
 0 
 0 
 0 
 0 
 0 
 0 
 0 
 0 
 0 
 0 
 0 
 0 
 0 
 0 
 0 
 0 
 0 
 0 
 0 
 0 
 0 
 0 
 0 
 0 
 0 
 0 
 0 
 0 
 0 
 0 
 0 
 0 
 0 
 0 
 0 
 0 
 0 
 0 
 0 
 0 
 0 
 0 
 0 
 0 
 0 
 0 
 0 
 0 
 0 
 0 
 0 
 0 
 0 
 0 
 0 
 0 
 0 
 0 
 0 
 0 
 0 
 0 
 0 
 0 
 0 
 0 
 0 
 0 
 0 
 0 
 0 
 0 
 0 
 0 
 0 
 0 
 0 
 0 
 0 
 0 
 0 
 0 
 0 
 0 
 0 
 0 
 0 
 0 
 0 
 0 
 0 
 0 
 0 
 0 
 0 
 0 
 0 
 0 
 0 
 0 
 0 
 0 
 0 
 0 
 0 
 0 
 0 
 0 
 0 
 0 
 0 
 0 
 0 
 0 
 0 
 0 
 0 
 0 
 0 
 0 
 0 
 0 
 0 
 0 
 0 
 0 
 0 
 0 
 0 
 0 
 0 
 0 
 0 
 0 
 0 
 0 
 1 
 0 
 0 
 0 
 0 
 0 
 0 
 1 
 0 
 0 
 0 
 0 
 0 
 0 
 0 
 0 
 0 
 0 
 0 
 0 
 0 
 0 
 0 
 0 
 0 
 0 
 0 
 0 
 0 
 0 
 0 
 0 
 0 
 0 
 0 
 0 
 0 
 0 
 0 
 0 
 0 
 0 
 0 
 0 
 0 
 0 
 0 
 0 
 0 
 0 
 0 
 0 
 0 
 0 
 0 
 0 
 0 
 0 
 0 
 0 
 0 
 0 
 0 
 0 
 0 
 0 
 0 
 0 
 0 
 0 
 0 
 0 
 0 
 0 
 0 
 0 
 0 
 0 
 0 
 0 
 0 
 0 
 0 
 0 
 0 
 0 
 0 
 0 
 0 
 0 
 0 
 0 
 0 
 0 
 0 
 0 
 0 
 0 
 0 
 0 
 0 
 0 
 0 
 0 
 0 
 0 
 0 
 0 
 0 
 0 
 0 
 0 
 0 
 0 
 0 
 0 
 0 
 0 
 0 
 0 
 0 
 0 
 0 
 0 
 0 
 0 
 0 
 0 
 0 
 0 
 0 
 0 
 0 
 0 
 0 
 0 
 0 
 0 
 0 
 0 
 0 
 0 
 0 
 0 
 0 
 0 
 0 
 0 
 0 
 0 
