 1 
 0 
 1 
 0 
 0 
 0 
 1 
 0 
 1 
 1 
 0 
 0 
 0 
 1 
 0 
 0 
 0 
 1 
 0 
 0 
 3 
 2 
 0 
 5 
 10 
 17 
 19 
 19 
 23 
 46 
 64 
 83 
 92 
 97 
 125 
 131 
 190 
 223 
 201 
 226 
 258 
 260 
 295 
 284 
 331 
 293 
 315 
 336 
 333 
 356 
 341 
 331 
 321 
 366 
 347 
 353 
 361 
 337 
 370 
 344 
 329 
 343 
 336 
 371 
 368 
 366 
 374 
 396 
 386 
 398 
 378 
 397 
 450 
 436 
 459 
 422 
 434 
 437 
 450 
 408 
 451 
 463 
 459 
 524 
 523 
 485 
 517 
 544 
 531 
 554 
 573 
 598 
 603 
 591 
 616 
 674 
 649 
 599 
 590 
 606 
 555 
 550 
 529 
 546 
 482 
 521 
 489 
 426 
 467 
 437 
 384 
 410 
 389 
 388 
 368 
 383 
 372 
 371 
 343 
 339 
 338 
 351 
 330 
 303 
 326 
 333 
 343 
 329 
 324 
 335 
 310 
 342 
 298 
 335 
 305 
 348 
 348 
 317 
 339 
 372 
 311 
 332 
 346 
 316 
 341 
 360 
 332 
 335 
 326 
 374 
 329 
 318 
 335 
 366 
 330 
 331 
 340 
 364 
 311 
 327 
 351 
 363 
 344 
 339 
 355 
 320 
 316 
 348 
 328 
 347 
 319 
 347 
 319 
 366 
 359 
 325 
 336 
 358 
 370 
 334 
 324 
 353 
 374 
 342 
 325 
 366 
 350 
 323 
 342 
 399 
 363 
 377 
 405 
 358 
 362 
 398 
 357 
 387 
 403 
 409 
 372 
 386 
 383 
 384 
 437 
 410 
 413 
 411 
 379 
 429 
 402 
 443 
 409 
 420 
 408 
 387 
 415 
 428 
 395 
 394 
 423 
 413 
 404 
 406 
 411 
 372 
 417 
 401 
 367 
 359 
 380 
 358 
 347 
 375 
 373 
 392 
 347 
 401 
 358 
 379 
 390 
 383 
 397 
 416 
 357 
 369 
 368 
 399 
 350 
 402 
 375 
 362 
 411 
 371 
 386 
 402 
 397 
 369 
 406 
 399 
 346 
 381 
 390 
 349 
 357 
 371 
 375 
 391 
 365 
 383 
 341 
 361 
 362 
 363 
 359 
 353 
 349 
 378 
 353 
 343 
 336 
 316 
 319 
 356 
 362 
 361 
 373 
 353 
 353 
 337 
 332 
 327 
 356 
 326 
 373 
 360 
 340 
 300 
 351 
 325 
 315 
 345 
 339 
 289 
 335 
 307 
 309 
 333 
 292 
 297 
 338 
 361 
 317 
 323 
 306 
 350 
 328 
 311 
 323 
 318 
 322 
 324 
 330 
 326 
 329 
 318 
 327 
 349 
 360 
 332 
 333 
 307 
 324 
 314 
 329 
 305 
 323 
 311 
 321 
 339 
 328 
 339 
 312 
 290 
 359 
 338 
 339 
 323 
 305 
 318 
 348 
 348 
 316 
 314 
 338 
 332 
 350 
 384 
 310 
 332 
 317 
 349 
 356 
 339 
 318 
 336 
 333 
 350 
 344 
 329 
 321 
 303 
 313 
 299 
 296 
 278 
 303 
 307 
 301 
 282 
 272 
 284 
 300 
 278 
 270 
 287 
 273 
 275 
 242 
 267 
 248 
 242 
 265 
 290 
 244 
 250 
 262 
 252 
 261 
 260 
 290 
 264 
 254 
 264 
 234 
 262 
 251 
 259 
 243 
 242 
 259 
 234 
 224 
 254 
 246 
 244 
 247 
 232 
 234 
 256 
 273 
 221 
 228 
 240 
 250 
 230 
 245 
 236 
 234 
 244 
 261 
 233 
 236 
 257 
 242 
 256 
 233 
 267 
 245 
 268 
 238 
 244 
 267 
 213 
 228 
 263 
 227 
 238 
 242 
 242 
 264 
 245 
 251 
 253 
 246 
 282 
 257 
 228 
 251 
 241 
 243 
 240 
 248 
 268 
 250 
 239 
 253 
 254 
 239 
 255 
 237 
 247 
 244 
 251 
 251 
 218 
 226 
 248 
 258 
 239 
 273 
 246 
 260 
 224 
 219 
 249 
 258 
 281 
 254 
 241 
 220 
 209 
 237 
 241 
 240 
 253 
 244 
 239 
 285 
 274 
 262 
 232 
 270 
 213 
 269 
 276 
 277 
 263 
 234 
 246 
 250 
 273 
 242 
 244 
 245 
 242 
 261 
 224 
 237 
 223 
 267 
 270 
 259 
 259 
 277 
 242 
 257 
 278 
 266 
 253 
 274 
 237 
 282 
 270 
 303 
 316 
 303 
 338 
 324 
 342 
 288 
 324 
 378 
 392 
 335 
 413 
 390 
 448 
 457 
 497 
 521 
 510 
 527 
 525 
 590 
 631 
 662 
 690 
 759 
 798 
 777 
 833 
 812 
 854 
 877 
 931 
 990 
 1008 
 1054 
 1048 
 1043 
 1173 
 1124 
 1127 
 1227 
 1155 
 1163 
 1265 
 1251 
 1303 
 1237 
 1293 
 1318 
 1338 
 1342 
 1341 
 1263 
 1253 
 1291 
 1245 
 1236 
 1167 
 1188 
 1075 
 1190 
 1087 
 1065 
 1074 
 987 
 989 
 958 
 937 
 846 
 781 
 780 
 750 
 680 
 661 
 624 
 647 
 543 
 518 
 533 
 445 
 434 
 434 
 382 
 320 
 328 
 370 
 317 
 289 
 271 
 255 
 252 
 209 
 203 
 203 
 172 
 185 
 161 
 171 
 172 
 159 
 117 
 148 
 135 
 141 
 107 
 125 
 133 
 91 
 131 
 126 
 117 
 132 
 105 
 121 
 106 
 105 
 117 
 103 
 108 
 95 
 99 
 112 
 119 
 110 
 106 
 118 
 106 
 110 
 114 
 91 
 109 
 95 
 101 
 85 
 115 
 103 
 101 
 110 
 114 
 100 
 99 
 117 
 86 
 102 
 95 
 84 
 98 
 109 
 119 
 117 
 77 
 91 
 103 
 94 
 104 
 113 
 104 
 98 
 106 
 101 
 96 
 116 
 88 
 101 
 105 
 86 
 87 
 105 
 101 
 104 
 89 
 99 
 84 
 81 
 103 
 108 
 90 
 116 
 97 
 107 
 99 
 89 
 99 
 84 
 92 
 96 
 107 
 87 
 104 
 84 
 94 
 105 
 83 
 101 
 102 
 82 
 104 
 84 
 109 
 91 
 92 
 85 
 89 
 89 
 91 
 107 
 107 
 104 
 83 
 94 
 104 
 87 
 111 
 111 
 104 
 84 
 95 
 113 
 90 
 96 
 99 
 105 
 107 
 97 
 100 
 98 
 97 
 97 
 111 
 84 
 94 
 92 
 103 
 102 
 111 
 107 
 106 
 101 
 96 
 105 
 99 
 92 
 88 
 105 
 97 
 105 
 96 
 89 
 86 
 91 
 90 
 94 
 90 
 94 
 82 
 91 
 112 
 103 
 93 
 108 
 96 
 108 
 78 
 85 
 98 
 96 
 100 
 98 
 112 
 90 
 99 
 92 
 98 
 101 
 91 
 101 
 101 
 90 
 83 
 114 
 90 
 87 
 83 
 116 
 92 
 77 
 107 
 108 
 103 
 92 
 89 
 91 
 101 
 74 
 97 
 82 
 118 
 102 
 89 
 78 
 105 
 99 
 118 
 87 
 84 
 103 
 93 
 109 
 79 
 101 
 88 
 87 
 103 
 93 
 92 
 86 
 83 
 113 
 100 
 110 
 93 
 90 
 101 
 89 
 112 
 99 
 93 
 90 
 112 
 97 
 76 
 93 
 96 
 97 
 100 
 106 
 108 
 104 
 94 
 77 
 79 
 92 
 72 
 101 
 84 
 89 
 84 
 98 
 89 
 95 
 100 
 104 
 107 
 113 
 107 
 91 
 105 
 87 
 98 
 102 
 95 
 90 
 94 
 96 
 92 
 98 
 101 
 96 
 96 
 109 
 94 
 87 
 87 
 112 
 104 
 115 
 87 
 82 
 103 
 106 
 90 
 88 
 104 
 106 
 82 
 110 
 87 
 92 
 96 
 103 
 84 
 88 
 92 
 102 
 122 
 102 
 107 
 97 
 111 
 86 
 91 
 109 
 95 
 89 
 98 
 91 
 91 
 108 
 91 
 91 
 77 
 92 
 99 
 105 
 85 
 107 
 87 
 101 
 98 
 80 
 105 
 100 
 90 
 86 
 100 
 78 
 103 
 94 
 97 
 109 
 86 
 96 
 93 
 105 
 97 
 96 
 85 
 103 
 89 
 93 
 98 
 100 
 82 
 86 
 96 
 105 
 90 
 94 
 90 
 93 
 99 
 105 
 78 
 102 
 98 
 108 
 101 
 91 
 100 
 105 
 107 
 83 
 87 
 108 
 105 
 117 
 96 
 94 
 92 
 91 
 94 
 97 
 91 
 97 
 104 
 102 
 88 
 103 
 103 
 99 
 90 
 100 
 104 
 94 
 109 
 118 
 92 
 100 
 112 
 94 
 99 
 83 
 114 
 80 
 90 
 112 
 122 
 111 
 109 
 108 
 99 
 109 
 105 
 105 
 87 
 101 
 102 
 110 
 101 
 106 
 113 
 89 
 93 
 109 
 93 
 102 
 115 
 102 
 107 
 74 
 92 
 100 
 105 
 91 
 89 
 91 
 104 
 99 
 114 
 106 
 96 
 102 
 107 
 110 
 121 
 99 
 106 
 131 
 100 
 113 
 117 
 120 
 106 
 91 
 116 
 112 
 103 
 123 
 114 
 97 
 104 
 117 
 107 
 115 
 99 
 109 
 102 
 106 
 101 
 112 
 108 
 125 
 131 
 95 
 91 
 117 
 122 
 96 
 114 
 108 
 112 
 111 
 124 
 108 
 104 
 109 
 109 
 103 
 131 
 107 
 84 
 135 
 94 
 92 
 105 
 114 
 96 
 87 
 107 
 99 
 91 
 106 
 103 
 107 
 114 
 106 
 117 
 95 
 94 
 97 
 125 
 88 
 88 
 81 
 83 
 91 
 113 
 108 
 99 
 83 
 87 
 90 
 93 
 80 
 94 
 83 
 76 
 99 
 105 
 117 
 86 
 67 
 99 
 73 
 73 
 88 
 70 
 71 
 75 
 76 
 69 
 78 
 59 
 55 
 59 
 52 
 53 
 59 
 76 
 77 
 53 
 58 
 55 
 36 
 54 
 51 
 72 
 70 
 43 
 62 
 38 
 47 
 57 
 48 
 66 
 51 
 52 
 56 
 44 
 52 
 54 
 51 
 37 
 39 
 35 
 44 
 47 
 54 
 44 
 43 
 40 
 32 
 37 
 53 
 52 
 28 
 36 
 42 
 47 
 45 
 41 
 34 
 41 
 33 
 31 
 39 
 46 
 45 
 24 
 34 
 35 
 35 
 41 
 31 
 32 
 41 
 36 
 38 
 38 
 31 
 33 
 36 
 36 
 36 
 30 
 37 
 26 
 33 
 21 
 22 
 31 
 27 
 32 
 32 
 20 
 32 
 39 
 30 
 25 
 27 
 32 
 33 
 32 
 24 
 18 
 37 
 39 
 29 
 26 
 26 
 34 
 20 
 25 
 33 
 24 
 22 
 21 
 34 
 33 
 29 
 33 
 30 
 19 
 30 
 28 
 14 
 21 
 28 
 30 
 19 
 21 
 24 
 26 
 27 
 17 
 22 
 25 
 20 
 21 
 24 
 24 
 19 
 19 
 29 
 28 
 26 
 25 
 29 
 22 
 28 
 15 
 24 
 18 
 21 
 28 
 22 
 16 
 25 
 29 
 24 
 21 
 27 
 28 
 11 
 22 
 21 
 24 
 22 
 27 
 29 
 34 
 22 
 23 
 20 
 38 
 27 
 29 
 34 
 32 
 30 
 20 
 24 
 31 
 30 
 26 
 44 
 26 
 33 
 39 
 40 
 35 
 41 
 34 
 44 
 49 
 57 
 60 
 47 
 46 
 50 
 71 
 70 
 67 
 63 
 85 
 83 
 91 
 86 
 88 
 93 
 90 
 88 
 87 
 121 
 126 
 119 
 123 
 161 
 151 
 126 
 148 
 172 
 154 
 158 
 169 
 167 
 177 
 186 
 204 
 188 
 189 
 208 
 239 
 209 
 249 
 228 
 246 
 226 
 256 
 275 
 279 
 279 
 265 
 254 
 287 
 307 
 306 
 288 
 300 
 288 
 313 
 289 
 324 
 310 
 320 
 320 
 294 
 325 
 325 
 282 
 344 
 302 
 302 
 308 
 323 
 327 
 323 
 349 
 311 
 307 
 329 
 326 
 298 
 342 
 312 
 310 
 271 
 267 
 306 
 307 
 272 
 280 
 313 
 250 
 278 
 257 
 264 
 216 
 240 
 220 
 228 
 210 
 228 
 220 
 223 
 202 
 172 
 187 
 194 
 184 
 155 
 160 
 155 
 129 
 135 
 137 
 145 
 116 
 126 
 129 
 112 
 118 
 93 
 93 
 107 
 87 
 86 
 79 
 93 
 81 
 79 
 79 
 54 
 68 
 59 
 69 
 51 
 52 
 46 
 50 
 55 
 36 
 33 
 35 
 29 
 40 
 33 
 19 
 28 
 29 
 27 
 34 
 29 
 23 
 18 
 13 
 29 
 21 
 21 
 15 
 20 
 12 
 13 
 15 
 14 
 11 
 12 
 11 
 8 
 11 
 11 
 18 
 11 
 5 
 8 
 12 
 12 
 12 
 5 
 9 
 6 
 7 
 11 
 8 
 5 
 11 
 6 
 2 
 5 
 9 
 4 
 9 
 7 
 4 
 5 
 9 
 10 
 9 
 1 
 5 
 3 
 6 
 7 
 3 
 9 
 5 
 5 
 3 
 6 
 4 
 7 
 4 
 8 
 3 
 1 
 5 
 2 
 6 
 6 
 3 
 7 
 7 
 4 
 6 
 4 
 6 
 1 
 11 
 4 
 3 
 4 
 6 
 0 
 4 
 6 
 1 
 5 
 1 
 4 
 4 
 3 
 2 
 2 
 6 
 2 
 3 
 4 
 2 
 4 
 4 
 3 
 2 
 8 
 6 
 4 
 7 
 3 
 5 
 0 
 7 
 4 
 5 
 2 
 4 
 8 
 4 
 5 
 6 
 3 
 4 
 3 
 4 
 4 
 2 
 3 
 8 
 5 
 2 
 5 
 4 
 5 
 7 
 6 
 3 
 3 
 4 
 0 
 4 
 2 
 3 
 4 
 4 
 6 
 3 
 1 
 2 
 5 
 3 
 4 
 5 
 5 
 3 
 4 
 6 
 2 
 3 
 2 
 4 
 3 
 11 
 5 
 7 
 5 
 1 
 5 
 4 
 5 
 4 
 1 
 3 
 4 
 2 
 3 
 5 
 2 
 6 
 5 
 2 
 5 
 3 
 3 
 2 
 6 
 4 
 3 
 5 
 3 
 3 
 4 
 6 
 5 
 7 
 6 
 6 
 1 
 4 
 3 
 4 
 3 
 9 
 2 
 2 
 0 
 3 
 1 
 4 
 4 
 4 
 1 
 2 
 5 
 3 
 5 
 4 
 5 
 3 
 3 
 0 
 3 
 5 
 7 
 0 
 5 
 3 
 4 
 4 
 5 
 4 
 6 
 4 
 5 
 2 
 6 
 6 
 3 
 5 
 6 
 1 
 4 
 6 
 4 
 1 
 1 
 2 
 3 
 1 
 1 
 2 
 1 
 3 
 2 
 1 
 3 
 1 
 2 
 3 
 2 
 4 
 3 
 5 
 1 
 2 
 1 
 1 
 2 
 2 
 1 
 1 
 0 
 0 
 2 
 5 
 4 
 2 
 2 
 2 
 1 
 4 
 2 
 3 
 2 
 5 
 2 
 3 
 3 
 0 
 3 
 3 
 3 
 2 
 2 
 1 
 2 
 3 
 2 
 2 
 4 
 1 
 3 
 2 
 1 
 3 
 1 
 4 
 3 
 2 
 1 
 4 
 1 
 3 
 3 
 0 
 6 
 4 
 1 
 4 
 2 
 0 
 2 
 3 
 1 
 0 
 1 
 1 
 3 
 0 
 0 
 2 
 3 
 1 
 2 
 0 
 1 
 3 
 4 
 4 
 2 
 7 
 2 
 3 
 3 
 3 
 3 
 1 
 0 
 3 
 1 
 2 
 2 
 1 
 3 
 5 
 5 
 1 
 2 
 0 
 4 
 1 
 1 
 2 
 1 
 1 
 2 
 1 
 4 
 0 
 1 
 2 
 2 
 1 
 2 
 0 
 0 
 0 
 0 
 2 
 2 
 1 
 2 
 0 
 1 
 3 
 3 
 1 
 0 
 2 
 2 
 2 
 1 
 0 
 0 
 3 
 1 
 4 
 1 
 3 
 4 
 1 
 0 
 3 
 2 
 1 
 2 
 2 
 3 
 1 
 2 
 2 
 1 
 3 
 1 
 1 
 0 
 0 
 1 
 4 
 2 
 0 
 1 
 1 
 1 
 3 
 3 
 3 
 1 
 2 
 0 
 4 
 0 
 3 
 3 
 1 
 1 
 4 
 4 
 4 
 0 
 5 
 2 
 2 
 4 
 1 
 7 
 1 
 3 
 4 
 4 
 5 
 0 
 3 
 1 
 2 
 2 
 3 
 3 
 3 
 2 
 0 
 4 
 3 
 3 
 3 
 1 
 3 
 6 
 7 
 5 
 4 
 1 
 5 
 2 
 3 
 4 
 4 
 1 
 4 
 5 
 7 
 5 
 6 
 2 
 5 
 1 
 4 
 10 
 4 
 3 
 3 
 3 
 1 
 5 
 6 
 8 
 4 
 6 
 4 
 0 
 4 
 6 
 5 
 3 
 5 
 7 
 4 
 3 
 3 
 6 
 5 
 10 
 4 
 5 
 3 
 1 
 6 
 7 
 5 
 4 
 6 
 5 
 5 
 5 
 1 
 2 
 3 
 3 
 3 
 2 
 6 
 4 
 6 
 4 
 3 
 6 
 5 
 8 
 2 
 3 
 2 
 3 
 1 
 4 
 5 
 2 
 4 
 2 
 2 
 4 
 1 
 2 
 2 
 3 
 5 
 4 
 3 
 0 
 2 
 4 
 1 
 3 
 2 
 3 
 3 
 3 
 0 
 0 
 1 
 1 
 2 
 3 
 1 
 2 
 1 
 3 
 0 
 2 
 2 
 1 
 1 
 0 
 0 
 1 
 0 
 0 
 0 
 1 
 1 
 0 
 0 
 1 
 0 
 0 
 1 
 0 
 0 
 0 
 0 
 0 
 1 
 0 
 0 
 0 
 0 
 0 
 1 
 1 
 1 
 0 
 1 
 0 
 0 
 0 
 0 
 0 
 0 
 0 
 0 
 0 
 0 
 0 
 0 
 0 
 1 
 0 
 0 
 0 
 0 
 0 
 1 
 0 
 0 
 0 
 0 
 0 
 0 
 0 
 1 
 0 
 0 
 0 
 0 
 0 
 0 
 0 
 0 
 0 
 1 
 0 
 0 
 0 
 0 
 1 
 0 
 0 
 0 
 0 
 0 
 1 
 1 
 1 
 0 
 0 
 0 
 0 
 0 
 1 
 0 
 0 
 1 
 0 
 0 
 0 
 1 
 0 
 0 
 0 
 0 
 0 
 0 
 0 
 0 
 0 
 0 
 0 
 0 
 1 
 1 
 0 
 0 
 0 
 0 
 0 
 1 
 0 
 0 
 0 
 0 
 0 
 0 
 1 
 0 
 0 
 0 
 1 
 0 
 0 
 0 
 0 
 0 
 0 
 0 
 0 
 0 
 0 
 0 
 0 
 0 
 0 
 0 
 0 
 0 
 0 
 1 
 0 
 0 
 0 
 0 
 0 
 0 
 0 
 0 
 0 
 0 
 0 
 1 
 0 
 0 
 0 
 0 
 0 
 0 
 0 
 0 
 1 
 1 
 0 
 0 
 0 
 0 
 0 
 0 
 1 
 0 
 0 
 0 
 1 
 0 
 0 
 0 
 0 
 0 
 1 
 1 
 0 
 0 
 0 
 0 
 0 
 0 
 0 
 0 
 0 
 0 
 0 
 0 
 0 
 0 
 0 
 0 
 0 
 0 
 1 
 0 
 1 
 0 
 0 
 0 
 0 
 0 
 1 
 0 
 0 
 0 
 0 
 0 
 0 
 1 
 0 
 0 
 0 
 0 
 0 
 1 
 0 
 0 
 0 
 1 
 0 
 0 
 0 
 0 
 0 
 0 
 0 
 1 
 0 
 0 
 0 
 0 
 0 
 0 
 0 
 0 
 0 
 0 
 0 
 0 
 0 
 0 
 0 
 0 
 0 
 1 
 0 
 0 
 0 
 0 
 0 
 0 
 0 
 0 
 1 
 0 
 0 
 0 
 0 
 0 
 1 
 0 
 0 
 0 
 0 
 0 
 0 
 0 
 0 
 0 
 0 
 0 
 0 
 1 
 0 
 0 
 0 
 0 
 0 
 0 
 0 
 0 
 0 
 0 
 0 
 0 
 0 
 0 
 1 
 1 
 0 
 0 
 0 
 0 
 1 
 0 
 0 
 0 
 0 
 0 
 0 
 0 
 0 
 0 
 0 
 0 
 0 
 0 
 0 
 0 
 0 
 0 
 0 
 0 
 0 
 0 
 1 
 1 
 0 
 0 
 0 
 0 
 0 
 0 
 0 
 0 
 0 
 0 
 0 
 0 
 0 
 0 
 0 
 0 
 0 
 0 
 0 
 0 
 0 
 0 
 0 
 0 
 0 
 0 
 0 
 0 
 0 
 0 
 0 
 0 
 0 
 0 
 0 
 0 
 0 
 0 
 0 
 0 
 0 
 0 
 0 
 0 
 0 
 0 
 0 
 0 
 0 
 0 
 1 
 0 
 0 
 1 
 0 
 0 
 0 
 0 
 0 
 0 
 0 
 0 
 0 
 0 
 0 
 0 
 0 
 0 
 0 
 1 
 0 
 1 
 0 
 0 
 0 
 0 
 0 
 0 
 0 
 0 
 1 
 0 
 0 
 1 
 0 
 0 
 0 
 0 
 0 
 0 
 0 
 0 
 0 
 0 
 0 
 0 
 0 
 0 
 0 
 0 
 0 
 0 
 0 
 1 
 0 
 0 
 1 
 0 
 0 
 0 
 1 
 0 
 0 
 0 
 0 
 0 
 0 
 0 
 0 
 0 
 0 
 0 
 0 
 0 
 0 
 0 
 0 
 0 
 0 
 0 
 0 
 0 
 0 
 0 
 0 
 0 
 0 
 0 
 0 
 0 
 0 
 0 
 0 
 0 
 1 
 0 
 0 
 0 
 0 
 1 
 0 
 1 
 0 
 0 
 0 
 0 
 0 
 0 
 0 
 0 
 0 
 0 
 0 
 0 
 1 
 0 
 0 
 1 
 1 
 0 
 0 
 0 
 0 
 0 
 0 
 0 
 0 
 0 
 0 
 0 
 0 
 1 
 0 
 0 
 0 
 0 
 0 
 0 
 0 
 0 
 0 
 0 
 0 
 0 
 0 
 0 
 0 
 0 
 0 
 0 
 0 
 0 
 0 
 0 
 0 
 0 
 0 
 0 
 0 
 0 
 0 
 1 
 0 
 0 
 0 
 0 
 0 
 0 
 0 
 0 
 0 
 0 
 0 
 0 
 0 
 0 
 0 
 0 
 0 
 0 
 0 
 0 
 0 
 0 
 0 
 0 
 0 
 0 
 0 
 0 
 0 
 0 
 0 
 1 
 0 
 0 
 0 
 0 
 0 
 0 
 0 
 0 
 0 
 0 
 0 
 0 
 0 
 0 
 0 
 0 
 0 
 0 
 0 
 0 
 0 
 0 
 0 
 0 
 0 
 0 
 0 
 0 
 0 
 0 
 0 
 0 
 0 
 0 
 0 
 0 
 0 
 1 
 0 
 0 
 0 
 0 
 0 
 0 
 0 
 0 
 0 
 0 
 0 
 0 
 1 
 0 
 0 
 0 
 0 
 0 
 0 
 0 
 0 
 0 
 0 
 0 
 0 
 0 
 0 
 0 
 0 
 0 
 0 
 0 
 0 
 0 
 0 
 0 
 0 
 0 
 0 
 0 
 0 
 0 
 0 
 0 
 0 
 0 
 0 
 1 
 0 
 0 
 0 
 0 
 0 
 0 
 0 
 0 
 0 
 0 
 0 
 0 
 0 
 0 
 0 
 0 
 0 
 0 
 0 
 1 
 0 
 0 
 0 
 0 
 0 
 0 
 0 
 0 
 0 
 0 
 0 
 0 
 0 
 0 
 0 
 0 
 0 
 0 
 0 
 0 
 0 
 0 
 0 
 0 
 0 
 0 
 0 
 0 
 0 
 0 
 0 
 0 
 1 
 0 
 0 
 0 
 0 
 0 
 0 
 0 
 0 
 0 
 1 
 0 
 0 
 0 
 0 
 0 
 0 
 0 
 0 
 0 
 0 
 1 
 0 
 0 
 0 
 0 
 0 
 0 
 0 
 0 
 0 
 0 
 0 
 0 
 0 
 1 
 0 
 0 
 0 
 0 
 0 
 0 
 0 
 0 
 0 
 0 
 0 
 0 
 0 
 0 
 0 
 0 
 0 
 0 
 0 
 0 
 0 
 0 
 0 
 0 
 0 
 0 
 1 
 1 
 0 
 0 
 0 
 0 
 0 
 1 
 0 
 0 
 0 
 0 
 0 
 0 
 0 
 0 
 0 
 0 
 0 
 0 
 0 
 0 
 0 
 0 
 0 
 1 
 0 
 0 
 0 
 0 
 0 
 0 
 0 
 0 
 0 
 0 
 0 
 0 
 1 
 0 
 0 
 0 
 0 
 0 
 0 
 0 
 0 
 0 
 0 
 0 
 0 
 0 
 0 
 0 
 0 
 0 
 0 
 0 
 0 
 0 
 0 
 0 
 0 
 0 
 0 
 0 
 0 
 0 
 0 
 0 
 0 
 0 
 0 
 0 
 0 
 0 
 0 
 0 
 0 
 0 
 0 
 0 
 0 
 0 
 0 
 0 
 0 
 0 
 0 
 0 
 0 
 0 
 0 
 0 
 0 
 0 
 0 
 0 
 0 
 0 
 0 
 0 
 0 
 0 
 0 
 0 
 0 
 0 
 0 
 0 
 0 
 0 
 0 
 0 
 0 
 0 
 0 
 0 
 0 
 0 
 0 
 0 
 0 
 0 
 0 
 0 
 0 
 0 
 0 
 0 
 0 
 0 
 0 
 0 
 0 
 0 
 0 
 0 
 0 
 0 
 0 
 0 
 0 
 0 
 0 
 0 
 0 
 0 
 0 
 0 
 0 
 0 
 0 
 0 
 0 
 0 
 0 
 0 
 0 
 0 
 0 
 0 
 0 
 0 
 0 
 0 
 0 
 0 
 0 
 0 
 0 
 0 
 0 
 0 
 0 
 0 
 0 
 0 
 0 
 1 
 0 
 0 
 0 
 0 
 0 
 0 
 0 
 0 
 0 
 0 
 0 
 0 
 0 
 0 
 0 
 0 
 0 
 0 
 0 
 0 
 0 
 0 
 0 
 0 
 0 
 0 
 0 
 0 
 0 
 0 
 0 
 0 
 0 
 0 
 0 
 0 
 0 
 0 
 0 
 0 
 0 
 0 
 0 
 0 
 0 
 0 
 0 
 0 
 0 
 0 
 0 
 0 
 0 
 0 
 0 
 0 
 0 
 0 
 0 
 0 
 0 
 0 
 0 
 0 
 0 
 0 
 0 
 0 
 0 
 0 
 0 
 0 
 0 
 0 
 0 
 0 
 0 
 0 
 0 
 0 
 0 
 0 
 0 
 0 
 0 
 0 
 0 
 0 
 0 
 0 
 0 
 0 
 0 
 0 
 0 
 0 
 0 
 0 
 0 
 0 
 0 
 0 
 0 
 0 
 0 
 0 
 0 
 0 
 0 
 0 
 0 
 0 
 0 
 0 
 0 
 0 
 0 
 0 
 0 
 0 
 0 
 0 
 0 
 0 
 0 
 0 
 0 
 0 
 0 
 0 
 0 
 0 
 0 
 0 
 0 
 0 
 0 
 0 
 0 
 0 
 0 
 0 
 0 
 0 
 0 
 0 
 0 
 0 
 0 
 0 
 0 
 0 
 0 
 0 
 0 
 0 
 0 
 0 
 0 
 0 
 0 
 0 
 0 
 0 
 0 
 0 
 0 
 0 
 0 
 0 
 0 
 0 
 0 
 0 
 0 
 0 
 0 
 0 
 0 
 0 
 0 
 0 
 0 
 0 
 0 
 0 
 0 
 0 
 0 
 0 
 0 
 0 
 0 
 0 
 0 
 0 
 0 
 0 
 0 
 0 
 0 
 0 
 0 
 0 
 0 
 0 
 0 
 0 
 0 
 0 
 0 
 0 
 0 
 0 
 0 
 0 
 0 
 0 
 0 
 0 
 0 
 0 
 0 
 0 
 0 
 0 
 0 
 0 
 0 
 0 
 0 
 0 
 0 
 1 
 0 
 0 
 0 
 0 
 0 
 0 
 0 
 0 
 0 
 0 
 0 
 0 
 0 
 0 
 0 
 0 
 0 
 0 
 0 
 0 
 0 
 0 
 0 
 0 
 0 
 0 
 0 
 0 
 0 
 0 
 0 
 0 
 0 
 0 
 0 
 0 
 0 
 0 
 0 
 0 
 0 
 0 
 0 
 0 
 0 
 0 
 0 
 0 
 0 
 0 
 0 
 0 
 0 
 0 
 0 
 0 
 0 
 0 
 0 
 0 
 0 
 0 
 0 
 0 
 0 
 0 
 0 
 0 
 0 
 0 
 0 
 0 
 0 
 0 
 0 
 0 
 0 
 0 
 0 
 0 
 0 
 0 
 0 
 0 
 0 
 0 
 0 
 0 
 0 
 0 
 0 
 0 
 0 
 0 
 0 
 0 
 0 
 0 
 0 
 0 
 0 
 0 
 0 
 0 
 0 
 0 
 0 
 0 
 0 
 0 
 0 
 0 
 0 
 0 
 0 
 0 
 0 
 0 
 0 
 0 
 0 
 0 
 0 
 0 
 0 
 0 
 0 
 0 
 0 
 0 
 0 
 0 
 0 
 0 
 0 
 0 
 0 
 0 
 0 
 0 
 0 
 0 
 0 
 0 
 0 
 0 
 0 
 0 
 0 
 0 
 0 
 0 
 0 
 0 
 0 
 0 
 0 
 0 
 0 
 0 
 0 
 0 
 0 
 0 
 0 
 0 
 0 
 0 
 0 
 0 
 0 
 0 
 0 
 0 
 0 
 0 
 0 
 0 
 0 
 0 
 0 
 0 
 0 
 0 
 0 
 0 
 0 
 0 
 0 
 0 
 0 
 0 
 0 
 0 
 0 
 0 
 0 
 0 
 0 
 0 
 0 
 0 
 0 
 0 
 0 
 0 
 0 
 0 
 0 
 0 
 0 
 0 
 0 
 0 
 0 
 0 
 0 
 0 
 0 
 0 
 0 
 0 
 0 
 0 
 0 
 0 
 0 
 0 
 0 
 0 
 0 
 0 
 0 
 0 
 0 
 0 
 0 
 0 
 0 
 0 
 0 
 0 
 0 
 0 
 0 
 0 
 0 
 0 
 0 
 0 
 0 
 0 
 0 
 0 
 0 
 0 
 0 
 0 
 0 
 0 
 0 
 0 
 0 
 0 
 0 
 0 
 0 
 0 
 0 
 0 
 0 
 0 
 0 
 0 
 0 
 0 
 0 
 0 
 0 
 0 
 0 
 0 
 0 
 0 
 0 
 0 
 0 
 0 
 0 
 0 
 0 
 0 
 0 
 0 
 0 
 0 
 0 
 0 
 0 
 0 
 0 
 0 
 0 
 0 
 0 
 0 
 0 
 0 
 0 
 0 
 0 
 0 
 0 
 0 
 0 
 0 
 0 
 0 
 0 
 0 
 0 
 0 
 0 
 0 
 0 
 0 
 0 
 0 
 0 
 0 
 0 
 0 
 0 
 0 
 0 
 0 
 0 
 0 
 0 
 0 
 0 
 0 
 0 
 0 
 0 
 0 
 0 
 0 
 0 
 0 
 0 
 0 
 0 
 0 
 0 
 0 
 0 
 0 
 0 
 0 
 0 
 0 
 0 
 0 
 0 
 0 
 0 
 0 
 0 
 0 
 0 
 0 
 0 
 0 
 0 
 0 
 0 
 0 
 0 
 0 
 0 
 0 
 0 
 0 
 0 
 0 
 0 
 0 
 0 
 0 
 0 
 0 
 0 
 0 
 0 
 0 
 0 
 0 
 0 
 0 
 0 
 0 
 0 
 0 
 0 
 0 
 0 
 0 
 0 
 0 
 0 
 0 
 0 
 0 
 0 
 0 
 0 
 0 
 0 
 0 
 0 
 0 
 0 
 0 
 0 
 0 
 0 
 0 
 0 
 0 
 0 
 0 
 0 
 0 
 0 
 0 
 0 
 0 
 0 
 0 
 0 
 0 
 0 
 0 
 0 
 0 
 0 
 0 
 0 
 0 
 0 
 0 
 0 
 0 
 0 
 0 
 0 
 0 
 0 
 0 
 0 
 0 
 0 
 0 
 0 
 0 
 0 
 0 
 0 
 0 
 0 
 0 
 0 
 0 
 0 
 0 
 0 
 0 
 0 
 0 
 0 
 0 
 0 
 0 
 0 
 0 
 0 
 0 
 0 
 0 
 0 
 0 
 0 
 0 
 0 
 0 
 0 
 0 
 0 
 0 
 0 
 0 
 0 
 0 
 0 
 0 
 0 
 0 
 0 
 0 
 0 
 0 
 0 
 0 
 0 
 0 
 0 
 0 
 0 
 0 
 0 
 0 
 0 
 0 
 0 
 0 
 0 
 0 
 0 
 0 
 0 
 0 
 0 
 0 
 0 
 0 
 0 
 0 
 0 
 0 
 0 
 0 
 0 
 0 
 0 
 0 
 0 
 0 
 0 
 0 
 0 
 0 
 0 
 0 
 0 
 0 
 0 
 0 
 0 
 0 
 0 
 0 
 0 
 0 
 0 
 0 
 0 
 0 
 0 
 0 
 0 
 0 
 0 
 0 
 0 
 0 
 0 
 0 
 0 
 0 
 0 
 0 
 0 
 0 
 0 
 0 
 0 
 0 
 0 
 0 
 0 
 0 
 0 
 0 
 0 
 0 
 0 
 0 
 0 
 0 
 0 
 0 
 0 
 0 
 0 
 0 
 0 
 0 
 0 
 0 
 0 
 0 
 0 
 0 
 0 
 0 
 0 
 0 
 0 
 0 
 0 
 0 
 0 
 0 
 0 
 0 
 0 
 0 
 0 
 0 
 0 
 0 
 0 
 0 
 0 
 0 
 0 
 0 
 0 
 0 
 0 
 0 
 0 
 0 
 0 
 0 
 0 
 0 
 0 
 0 
 0 
 0 
 0 
 0 
 0 
 0 
 0 
 0 
 0 
 0 
 0 
 0 
 0 
 0 
 0 
 0 
 0 
 0 
 0 
 0 
 0 
 0 
 0 
 0 
 0 
 0 
 0 
 0 
 0 
 0 
 0 
 0 
 0 
 0 
 0 
 0 
 0 
 0 
 0 
 0 
 0 
 0 
 0 
 0 
 0 
 0 
 0 
 0 
 0 
 0 
 0 
 0 
 0 
 0 
 0 
 0 
 0 
 0 
 0 
 0 
 0 
 0 
 0 
 0 
 0 
 0 
 0 
 0 
 0 
 0 
 0 
 0 
 0 
 0 
 0 
 0 
 0 
 0 
 0 
 0 
 0 
 0 
 0 
 0 
 0 
 0 
 0 
 0 
 0 
 0 
 0 
 0 
 0 
 0 
 0 
 0 
 0 
 0 
 0 
 0 
 0 
 0 
 0 
 0 
 0 
 0 
 0 
 0 
 0 
 0 
 0 
 0 
 0 
 0 
 0 
 0 
 0 
 0 
 0 
 0 
 0 
 0 
 0 
 0 
 0 
 0 
 0 
 0 
 0 
 0 
 0 
 0 
 0 
 0 
 0 
 0 
 0 
 0 
 0 
 0 
 0 
 0 
 0 
 0 
 0 
 0 
 0 
 0 
 0 
 0 
 0 
 0 
 0 
 0 
 0 
 0 
 0 
 0 
 0 
 0 
 0 
 0 
 0 
 0 
 0 
 0 
 0 
 0 
 0 
 0 
 0 
 0 
 0 
 0 
 0 
 0 
 0 
 0 
 0 
 0 
 0 
 0 
 0 
 0 
 0 
 0 
 0 
 0 
 0 
 0 
