 0 
 0 
 1 
 1 
 2 
 2 
 0 
 1 
 2 
 0 
 1 
 5 
 1 
 1 
 2 
 0 
 0 
 2 
 6 
 2 
 8 
 5 
 11 
 14 
 19 
 37 
 41 
 58 
 86 
 115 
 121 
 161 
 195 
 251 
 268 
 361 
 387 
 424 
 447 
 526 
 538 
 623 
 655 
 696 
 652 
 701 
 665 
 715 
 724 
 670 
 662 
 650 
 697 
 702 
 693 
 699 
 716 
 761 
 707 
 741 
 730 
 707 
 701 
 727 
 750 
 806 
 809 
 850 
 853 
 841 
 920 
 911 
 1054 
 988 
 1047 
 1087 
 1098 
 1125 
 1143 
 1141 
 1173 
 1138 
 1124 
 1137 
 1176 
 1128 
 1083 
 1126 
 1199 
 1126 
 1099 
 1136 
 1126 
 1167 
 1223 
 1182 
 1106 
 1124 
 1141 
 1097 
 1041 
 1047 
 1020 
 961 
 887 
 868 
 918 
 900 
 829 
 839 
 739 
 820 
 789 
 741 
 785 
 763 
 730 
 701 
 715 
 662 
 666 
 631 
 702 
 643 
 630 
 630 
 621 
 654 
 594 
 665 
 609 
 648 
 619 
 620 
 589 
 635 
 623 
 658 
 646 
 630 
 583 
 612 
 641 
 648 
 605 
 642 
 640 
 573 
 646 
 653 
 682 
 653 
 617 
 660 
 614 
 634 
 663 
 618 
 623 
 612 
 624 
 674 
 651 
 604 
 649 
 640 
 654 
 626 
 624 
 700 
 656 
 613 
 702 
 611 
 663 
 589 
 645 
 673 
 683 
 668 
 657 
 653 
 609 
 697 
 609 
 623 
 662 
 680 
 729 
 670 
 706 
 676 
 665 
 690 
 651 
 725 
 648 
 679 
 726 
 719 
 695 
 704 
 727 
 709 
 793 
 756 
 764 
 730 
 755 
 799 
 779 
 746 
 812 
 752 
 831 
 800 
 796 
 795 
 794 
 812 
 794 
 804 
 787 
 813 
 804 
 812 
 816 
 793 
 840 
 849 
 778 
 761 
 779 
 808 
 751 
 804 
 836 
 833 
 799 
 804 
 821 
 780 
 801 
 795 
 804 
 768 
 769 
 825 
 818 
 796 
 783 
 754 
 877 
 847 
 864 
 842 
 844 
 789 
 845 
 792 
 830 
 792 
 841 
 849 
 841 
 800 
 825 
 800 
 876 
 772 
 821 
 862 
 869 
 778 
 739 
 751 
 784 
 797 
 839 
 832 
 826 
 820 
 830 
 821 
 830 
 800 
 827 
 839 
 812 
 759 
 729 
 799 
 798 
 774 
 804 
 759 
 797 
 733 
 812 
 773 
 776 
 757 
 739 
 794 
 811 
 739 
 752 
 738 
 725 
 742 
 771 
 782 
 759 
 795 
 754 
 802 
 787 
 744 
 736 
 762 
 765 
 771 
 775 
 731 
 800 
 713 
 754 
 786 
 772 
 766 
 709 
 734 
 731 
 716 
 775 
 757 
 734 
 760 
 713 
 787 
 742 
 751 
 702 
 798 
 809 
 785 
 783 
 730 
 731 
 741 
 755 
 752 
 772 
 721 
 736 
 762 
 737 
 717 
 764 
 751 
 744 
 777 
 725 
 717 
 741 
 689 
 677 
 713 
 711 
 677 
 688 
 659 
 659 
 659 
 637 
 668 
 628 
 614 
 621 
 630 
 568 
 598 
 604 
 622 
 534 
 572 
 528 
 512 
 484 
 518 
 466 
 468 
 523 
 509 
 510 
 472 
 469 
 484 
 457 
 404 
 416 
 449 
 414 
 395 
 387 
 419 
 417 
 392 
 391 
 392 
 393 
 402 
 393 
 395 
 391 
 410 
 389 
 382 
 378 
 355 
 361 
 349 
 299 
 371 
 371 
 370 
 385 
 325 
 359 
 358 
 354 
 381 
 347 
 343 
 338 
 320 
 340 
 316 
 352 
 345 
 342 
 345 
 326 
 351 
 345 
 309 
 340 
 281 
 293 
 320 
 317 
 337 
 330 
 321 
 338 
 274 
 301 
 303 
 306 
 298 
 303 
 320 
 276 
 324 
 324 
 298 
 326 
 331 
 312 
 320 
 307 
 292 
 341 
 297 
 291 
 332 
 315 
 297 
 320 
 308 
 284 
 283 
 306 
 283 
 292 
 254 
 285 
 283 
 291 
 273 
 276 
 276 
 280 
 270 
 282 
 281 
 282 
 273 
 269 
 283 
 295 
 293 
 262 
 289 
 289 
 291 
 274 
 298 
 309 
 263 
 259 
 309 
 301 
 301 
 304 
 266 
 255 
 267 
 272 
 293 
 284 
 296 
 291 
 296 
 308 
 311 
 323 
 319 
 336 
 345 
 337 
 337 
 355 
 376 
 389 
 408 
 442 
 475 
 485 
 523 
 495 
 618 
 610 
 683 
 731 
 726 
 858 
 874 
 892 
 995 
 1031 
 1121 
 1250 
 1244 
 1338 
 1494 
 1487 
 1653 
 1798 
 1853 
 1984 
 2044 
 2080 
 2317 
 2401 
 2539 
 2595 
 2725 
 2762 
 2881 
 3018 
 3098 
 3253 
 3382 
 3420 
 3533 
 3514 
 3628 
 3687 
 3679 
 3750 
 3772 
 3800 
 3665 
 3762 
 3906 
 3809 
 3775 
 3698 
 3624 
 3654 
 3590 
 3487 
 3402 
 3325 
 3132 
 2976 
 3045 
 3052 
 2869 
 2791 
 2710 
 2421 
 2445 
 2294 
 2136 
 2019 
 1989 
 1860 
 1740 
 1602 
 1530 
 1438 
 1328 
 1229 
 1166 
 1122 
 966 
 943 
 861 
 792 
 682 
 652 
 632 
 617 
 540 
 495 
 431 
 402 
 401 
 376 
 362 
 290 
 294 
 265 
 234 
 243 
 227 
 222 
 187 
 203 
 186 
 191 
 161 
 161 
 157 
 165 
 153 
 126 
 132 
 138 
 145 
 140 
 132 
 147 
 144 
 150 
 144 
 146 
 148 
 116 
 131 
 148 
 151 
 130 
 154 
 126 
 111 
 144 
 121 
 132 
 139 
 125 
 132 
 137 
 141 
 113 
 119 
 161 
 118 
 124 
 144 
 141 
 148 
 137 
 141 
 151 
 127 
 140 
 118 
 129 
 140 
 152 
 127 
 114 
 155 
 118 
 114 
 121 
 118 
 128 
 109 
 116 
 131 
 121 
 111 
 127 
 120 
 136 
 151 
 118 
 129 
 105 
 135 
 125 
 128 
 105 
 122 
 114 
 135 
 145 
 140 
 133 
 119 
 137 
 141 
 129 
 132 
 122 
 132 
 134 
 136 
 136 
 122 
 115 
 122 
 108 
 125 
 134 
 129 
 117 
 117 
 118 
 127 
 118 
 124 
 125 
 135 
 105 
 153 
 133 
 130 
 115 
 129 
 131 
 137 
 116 
 110 
 145 
 117 
 114 
 141 
 117 
 120 
 142 
 108 
 141 
 105 
 142 
 98 
 134 
 121 
 137 
 124 
 124 
 135 
 111 
 125 
 112 
 123 
 137 
 118 
 121 
 118 
 111 
 111 
 117 
 133 
 137 
 117 
 123 
 112 
 107 
 131 
 111 
 111 
 136 
 120 
 122 
 121 
 120 
 122 
 121 
 98 
 122 
 134 
 132 
 128 
 134 
 128 
 140 
 140 
 123 
 132 
 127 
 134 
 120 
 104 
 136 
 129 
 112 
 119 
 138 
 125 
 137 
 115 
 143 
 119 
 122 
 121 
 120 
 125 
 102 
 131 
 130 
 129 
 111 
 139 
 127 
 120 
 116 
 141 
 124 
 146 
 147 
 132 
 126 
 134 
 111 
 114 
 127 
 102 
 118 
 144 
 118 
 121 
 115 
 126 
 124 
 135 
 149 
 119 
 131 
 110 
 107 
 145 
 138 
 123 
 130 
 123 
 139 
 142 
 120 
 117 
 120 
 119 
 135 
 125 
 159 
 123 
 136 
 132 
 124 
 127 
 129 
 123 
 136 
 129 
 118 
 130 
 135 
 137 
 124 
 127 
 146 
 151 
 151 
 114 
 124 
 157 
 140 
 128 
 131 
 135 
 138 
 134 
 132 
 141 
 133 
 119 
 118 
 117 
 120 
 156 
 138 
 141 
 127 
 122 
 127 
 130 
 137 
 128 
 131 
 145 
 112 
 129 
 125 
 130 
 145 
 134 
 140 
 114 
 130 
 128 
 101 
 160 
 118 
 113 
 121 
 114 
 142 
 120 
 123 
 124 
 128 
 135 
 139 
 120 
 125 
 108 
 123 
 121 
 128 
 131 
 143 
 132 
 128 
 140 
 138 
 123 
 128 
 133 
 127 
 133 
 141 
 110 
 131 
 139 
 144 
 141 
 128 
 141 
 115 
 142 
 118 
 139 
 124 
 140 
 132 
 120 
 140 
 120 
 145 
 135 
 134 
 134 
 144 
 133 
 122 
 120 
 126 
 126 
 151 
 134 
 118 
 136 
 135 
 134 
 126 
 143 
 131 
 140 
 139 
 129 
 132 
 134 
 131 
 135 
 131 
 144 
 153 
 133 
 110 
 138 
 129 
 136 
 131 
 136 
 145 
 133 
 124 
 143 
 124 
 150 
 137 
 147 
 131 
 134 
 130 
 127 
 162 
 151 
 148 
 157 
 124 
 144 
 134 
 145 
 130 
 144 
 123 
 158 
 125 
 137 
 129 
 138 
 140 
 168 
 148 
 130 
 143 
 155 
 148 
 127 
 155 
 152 
 149 
 130 
 156 
 128 
 157 
 165 
 153 
 170 
 140 
 152 
 143 
 157 
 128 
 147 
 177 
 154 
 153 
 153 
 163 
 150 
 127 
 146 
 173 
 141 
 137 
 146 
 158 
 154 
 161 
 179 
 146 
 148 
 153 
 150 
 148 
 145 
 136 
 157 
 150 
 161 
 180 
 163 
 151 
 160 
 134 
 156 
 152 
 150 
 166 
 185 
 134 
 171 
 160 
 175 
 179 
 154 
 179 
 146 
 153 
 144 
 152 
 162 
 155 
 159 
 147 
 152 
 173 
 149 
 153 
 165 
 140 
 174 
 162 
 143 
 158 
 163 
 139 
 144 
 131 
 158 
 132 
 119 
 155 
 154 
 123 
 144 
 142 
 134 
 130 
 117 
 133 
 147 
 130 
 127 
 113 
 113 
 92 
 123 
 117 
 119 
 134 
 119 
 119 
 116 
 103 
 106 
 123 
 111 
 95 
 100 
 93 
 91 
 96 
 117 
 117 
 106 
 99 
 85 
 74 
 78 
 77 
 104 
 83 
 93 
 80 
 70 
 86 
 74 
 83 
 72 
 84 
 62 
 71 
 56 
 70 
 86 
 71 
 75 
 78 
 51 
 63 
 70 
 62 
 61 
 72 
 77 
 67 
 65 
 51 
 63 
 63 
 70 
 59 
 48 
 64 
 62 
 64 
 46 
 64 
 50 
 57 
 61 
 66 
 40 
 53 
 58 
 52 
 59 
 49 
 40 
 44 
 48 
 45 
 52 
 58 
 49 
 48 
 51 
 42 
 37 
 51 
 41 
 32 
 41 
 37 
 31 
 49 
 59 
 35 
 43 
 34 
 48 
 30 
 34 
 43 
 47 
 47 
 32 
 43 
 35 
 32 
 31 
 44 
 34 
 35 
 24 
 31 
 43 
 34 
 34 
 30 
 32 
 32 
 31 
 37 
 32 
 25 
 31 
 30 
 33 
 30 
 27 
 30 
 29 
 36 
 33 
 17 
 29 
 23 
 26 
 32 
 27 
 21 
 30 
 25 
 31 
 21 
 35 
 30 
 26 
 27 
 38 
 29 
 42 
 19 
 29 
 25 
 32 
 28 
 23 
 26 
 28 
 24 
 21 
 20 
 31 
 24 
 28 
 18 
 23 
 32 
 36 
 26 
 24 
 23 
 27 
 25 
 33 
 36 
 41 
 26 
 37 
 23 
 27 
 29 
 33 
 34 
 33 
 38 
 51 
 45 
 46 
 33 
 44 
 48 
 57 
 46 
 55 
 64 
 64 
 74 
 73 
 63 
 70 
 63 
 69 
 82 
 83 
 87 
 73 
 99 
 87 
 107 
 108 
 121 
 123 
 125 
 138 
 131 
 147 
 169 
 173 
 175 
 149 
 191 
 199 
 205 
 188 
 208 
 212 
 200 
 238 
 250 
 237 
 260 
 274 
 292 
 318 
 316 
 295 
 338 
 346 
 371 
 365 
 354 
 360 
 376 
 377 
 375 
 402 
 401 
 421 
 408 
 416 
 458 
 418 
 402 
 442 
 433 
 479 
 465 
 513 
 493 
 483 
 453 
 486 
 482 
 500 
 535 
 560 
 499 
 464 
 504 
 479 
 478 
 489 
 513 
 471 
 528 
 466 
 458 
 456 
 471 
 476 
 464 
 431 
 450 
 461 
 435 
 454 
 444 
 420 
 415 
 395 
 397 
 352 
 422 
 378 
 347 
 378 
 336 
 316 
 295 
 297 
 290 
 268 
 295 
 301 
 268 
 274 
 288 
 250 
 219 
 199 
 214 
 221 
 213 
 194 
 206 
 183 
 177 
 183 
 153 
 184 
 151 
 160 
 132 
 128 
 129 
 148 
 119 
 96 
 127 
 99 
 99 
 84 
 86 
 94 
 98 
 76 
 69 
 56 
 80 
 60 
 61 
 67 
 65 
 68 
 44 
 50 
 53 
 50 
 42 
 40 
 45 
 57 
 42 
 51 
 45 
 36 
 35 
 34 
 31 
 31 
 31 
 22 
 32 
 27 
 24 
 29 
 28 
 26 
 28 
 25 
 26 
 15 
 18 
 22 
 21 
 25 
 26 
 30 
 11 
 15 
 27 
 20 
 22 
 21 
 19 
 21 
 23 
 13 
 24 
 16 
 23 
 14 
 16 
 24 
 19 
 27 
 11 
 26 
 15 
 15 
 15 
 9 
 18 
 17 
 18 
 16 
 13 
 14 
 15 
 22 
 14 
 11 
 20 
 9 
 9 
 19 
 12 
 19 
 10 
 25 
 16 
 13 
 13 
 21 
 17 
 27 
 21 
 23 
 8 
 16 
 15 
 20 
 15 
 17 
 11 
 25 
 15 
 21 
 17 
 16 
 19 
 14 
 13 
 13 
 11 
 8 
 17 
 11 
 20 
 20 
 18 
 15 
 14 
 25 
 17 
 8 
 17 
 13 
 12 
 20 
 10 
 9 
 11 
 23 
 12 
 17 
 14 
 14 
 22 
 17 
 15 
 17 
 18 
 18 
 15 
 17 
 17 
 19 
 16 
 20 
 19 
 17 
 17 
 21 
 18 
 14 
 15 
 11 
 20 
 17 
 16 
 17 
 18 
 13 
 14 
 23 
 13 
 19 
 15 
 15 
 15 
 17 
 11 
 9 
 14 
 15 
 14 
 15 
 17 
 16 
 13 
 14 
 25 
 16 
 20 
 20 
 20 
 12 
 19 
 13 
 13 
 16 
 17 
 12 
 15 
 11 
 22 
 12 
 13 
 17 
 18 
 18 
 24 
 12 
 18 
 13 
 13 
 16 
 13 
 16 
 18 
 20 
 19 
 20 
 19 
 12 
 21 
 13 
 14 
 16 
 13 
 11 
 18 
 19 
 19 
 17 
 18 
 17 
 19 
 13 
 12 
 11 
 14 
 22 
 19 
 19 
 18 
 7 
 19 
 24 
 17 
 14 
 20 
 14 
 17 
 11 
 12 
 15 
 9 
 11 
 12 
 16 
 8 
 8 
 14 
 11 
 14 
 16 
 7 
 12 
 15 
 18 
 14 
 8 
 12 
 9 
 10 
 11 
 10 
 14 
 15 
 20 
 8 
 10 
 11 
 10 
 13 
 13 
 5 
 9 
 11 
 8 
 13 
 4 
 14 
 9 
 21 
 10 
 11 
 9 
 9 
 11 
 12 
 10 
 10 
 11 
 10 
 9 
 12 
 14 
 7 
 10 
 10 
 4 
 8 
 7 
 10 
 11 
 5 
 9 
 11 
 3 
 6 
 11 
 6 
 11 
 12 
 6 
 5 
 5 
 3 
 7 
 10 
 3 
 9 
 5 
 8 
 10 
 3 
 13 
 7 
 9 
 7 
 8 
 6 
 6 
 3 
 5 
 10 
 5 
 6 
 5 
 8 
 7 
 7 
 3 
 8 
 5 
 6 
 4 
 5 
 6 
 3 
 5 
 1 
 5 
 7 
 5 
 7 
 4 
 8 
 6 
 4 
 4 
 3 
 3 
 2 
 4 
 4 
 7 
 6 
 4 
 4 
 4 
 3 
 4 
 7 
 3 
 0 
 5 
 1 
 3 
 5 
 3 
 5 
 7 
 2 
 4 
 5 
 6 
 5 
 4 
 7 
 3 
 3 
 5 
 2 
 2 
 3 
 3 
 6 
 3 
 4 
 6 
 3 
 9 
 4 
 0 
 4 
 7 
 3 
 5 
 7 
 3 
 4 
 5 
 2 
 5 
 4 
 4 
 4 
 3 
 5 
 3 
 4 
 4 
 9 
 5 
 6 
 6 
 1 
 6 
 4 
 2 
 8 
 3 
 7 
 3 
 6 
 3 
 7 
 7 
 7 
 4 
 8 
 6 
 5 
 1 
 4 
 11 
 5 
 5 
 11 
 6 
 3 
 8 
 9 
 4 
 5 
 6 
 12 
 8 
 6 
 6 
 10 
 8 
 12 
 9 
 10 
 12 
 13 
 13 
 15 
 7 
 12 
 6 
 16 
 18 
 21 
 11 
 13 
 19 
 16 
 11 
 9 
 12 
 20 
 20 
 15 
 25 
 18 
 16 
 18 
 17 
 27 
 23 
 17 
 23 
 15 
 14 
 20 
 22 
 21 
 23 
 18 
 21 
 30 
 17 
 27 
 17 
 22 
 31 
 23 
 29 
 24 
 28 
 25 
 34 
 25 
 26 
 15 
 38 
 20 
 30 
 24 
 18 
 29 
 24 
 27 
 15 
 26 
 21 
 20 
 21 
 16 
 23 
 26 
 25 
 26 
 17 
 19 
 23 
 19 
 19 
 22 
 21 
 32 
 18 
 14 
 13 
 18 
 19 
 20 
 11 
 12 
 16 
 16 
 15 
 10 
 11 
 19 
 13 
 12 
 12 
 9 
 9 
 16 
 8 
 12 
 15 
 12 
 6 
 7 
 12 
 13 
 11 
 10 
 8 
 7 
 7 
 6 
 3 
 4 
 4 
 5 
 4 
 4 
 5 
 5 
 1 
 10 
 6 
 3 
 4 
 3 
 5 
 3 
 5 
 2 
 6 
 2 
 2 
 1 
 4 
 3 
 5 
 2 
 1 
 0 
 4 
 2 
 1 
 1 
 0 
 2 
 2 
 1 
 0 
 1 
 0 
 0 
 5 
 1 
 0 
 3 
 0 
 1 
 1 
 2 
 2 
 0 
 2 
 1 
 2 
 1 
 0 
 1 
 1 
 2 
 0 
 2 
 0 
 0 
 0 
 0 
 0 
 1 
 1 
 1 
 1 
 1 
 1 
 1 
 0 
 0 
 1 
 0 
 1 
 0 
 0 
 0 
 1 
 0 
 1 
 1 
 0 
 0 
 0 
 0 
 0 
 1 
 0 
 0 
 0 
 2 
 0 
 1 
 0 
 2 
 0 
 1 
 0 
 1 
 0 
 0 
 1 
 0 
 1 
 0 
 0 
 0 
 0 
 0 
 0 
 1 
 0 
 0 
 0 
 1 
 0 
 2 
 0 
 1 
 0 
 0 
 0 
 0 
 0 
 0 
 0 
 2 
 0 
 0 
 0 
 1 
 0 
 0 
 1 
 0 
 0 
 1 
 0 
 0 
 0 
 0 
 1 
 0 
 0 
 0 
 0 
 0 
 1 
 0 
 0 
 0 
 0 
 0 
 3 
 0 
 0 
 1 
 1 
 0 
 1 
 1 
 0 
 0 
 0 
 0 
 1 
 0 
 0 
 0 
 0 
 0 
 1 
 0 
 1 
 0 
 0 
 1 
 0 
 1 
 0 
 0 
 0 
 0 
 0 
 1 
 2 
 0 
 0 
 0 
 0 
 0 
 1 
 0 
 0 
 1 
 1 
 0 
 0 
 0 
 0 
 0 
 0 
 1 
 0 
 1 
 0 
 1 
 0 
 0 
 0 
 0 
 1 
 0 
 1 
 0 
 0 
 0 
 0 
 1 
 0 
 1 
 0 
 0 
 0 
 0 
 0 
 0 
 0 
 0 
 0 
 0 
 0 
 1 
 2 
 0 
 0 
 0 
 0 
 0 
 0 
 0 
 0 
 1 
 0 
 0 
 0 
 0 
 0 
 0 
 0 
 0 
 1 
 1 
 0 
 1 
 0 
 0 
 0 
 0 
 0 
 0 
 0 
 1 
 0 
 0 
 0 
 0 
 1 
 0 
 0 
 0 
 1 
 0 
 0 
 0 
 0 
 0 
 0 
 0 
 0 
 0 
 1 
 0 
 0 
 0 
 0 
 0 
 1 
 1 
 0 
 0 
 1 
 0 
 1 
 0 
 0 
 1 
 0 
 0 
 0 
 1 
 1 
 0 
 0 
 0 
 0 
 0 
 1 
 0 
 1 
 0 
 0 
 0 
 0 
 0 
 0 
 1 
 0 
 0 
 1 
 0 
 0 
 0 
 0 
 0 
 1 
 0 
 0 
 0 
 0 
 1 
 0 
 0 
 0 
 0 
 0 
 0 
 1 
 0 
 0 
 1 
 0 
 1 
 0 
 0 
 0 
 0 
 0 
 0 
 1 
 1 
 0 
 0 
 0 
 0 
 0 
 0 
 0 
 0 
 0 
 0 
 0 
 0 
 0 
 0 
 0 
 0 
 0 
 0 
 0 
 0 
 0 
 0 
 0 
 0 
 1 
 0 
 0 
 0 
 0 
 0 
 1 
 0 
 0 
 0 
 0 
 0 
 0 
 0 
 0 
 0 
 0 
 0 
 0 
 0 
 0 
 0 
 0 
 0 
 0 
 0 
 0 
 0 
 0 
 0 
 0 
 0 
 0 
 0 
 0 
 0 
 0 
 0 
 1 
 0 
 0 
 0 
 0 
 1 
 0 
 0 
 0 
 0 
 0 
 0 
 0 
 0 
 0 
 0 
 0 
 0 
 0 
 0 
 0 
 1 
 0 
 0 
 0 
 0 
 1 
 0 
 0 
 0 
 0 
 0 
 0 
 0 
 0 
 1 
 0 
 0 
 0 
 0 
 0 
 0 
 0 
 0 
 0 
 0 
 0 
 0 
 0 
 0 
 0 
 1 
 0 
 0 
 0 
 0 
 1 
 0 
 0 
 0 
 1 
 0 
 0 
 1 
 0 
 0 
 3 
 0 
 0 
 0 
 0 
 0 
 1 
 0 
 0 
 0 
 0 
 0 
 0 
 0 
 0 
 0 
 0 
 0 
 0 
 0 
 0 
 0 
 0 
 0 
 0 
 0 
 0 
 1 
 1 
 0 
 0 
 0 
 0 
 0 
 0 
 0 
 3 
 0 
 0 
 0 
 0 
 0 
 0 
 1 
 0 
 0 
 0 
 0 
 0 
 0 
 0 
 0 
 0 
 0 
 0 
 0 
 0 
 1 
 1 
 0 
 0 
 2 
 0 
 0 
 1 
 0 
 0 
 0 
 0 
 0 
 0 
 0 
 0 
 0 
 0 
 0 
 0 
 0 
 0 
 0 
 0 
 0 
 0 
 0 
 0 
 0 
 0 
 0 
 0 
 0 
 0 
 0 
 0 
 0 
 0 
 0 
 0 
 0 
 0 
 0 
 0 
 0 
 0 
 0 
 1 
 0 
 0 
 0 
 1 
 0 
 0 
 0 
 0 
 0 
 0 
 1 
 0 
 0 
 1 
 0 
 0 
 0 
 0 
 0 
 0 
 0 
 0 
 0 
 0 
 0 
 0 
 1 
 0 
 0 
 0 
 0 
 0 
 0 
 0 
 0 
 0 
 0 
 0 
 0 
 0 
 0 
 0 
 0 
 0 
 0 
 0 
 0 
 0 
 0 
 0 
 0 
 0 
 0 
 0 
 0 
 0 
 0 
 0 
 0 
 0 
 0 
 0 
 0 
 0 
 0 
 0 
 0 
 0 
 0 
 0 
 0 
 0 
 0 
 0 
 1 
 0 
 0 
 0 
 0 
 0 
 0 
 0 
 0 
 0 
 0 
 0 
 0 
 0 
 0 
 0 
 0 
 0 
 0 
 0 
 0 
 1 
 0 
 0 
 0 
 0 
 0 
 0 
 0 
 0 
 0 
 0 
 0 
 0 
 0 
 1 
 0 
 0 
 0 
 0 
 0 
 0 
 0 
 0 
 0 
 0 
 0 
 0 
 1 
 0 
 0 
 0 
 0 
 0 
 0 
 0 
 0 
 1 
 0 
 0 
 1 
 0 
 0 
 1 
 0 
 2 
 0 
 0 
 0 
 0 
 0 
 0 
 0 
 0 
 0 
 0 
 0 
 0 
 0 
 0 
 0 
 1 
 0 
 0 
 0 
 0 
 0 
 0 
 0 
 0 
 0 
 1 
 0 
 0 
 0 
 0 
 0 
 0 
 0 
 0 
 0 
 0 
 0 
 0 
 0 
 0 
 0 
 0 
 0 
 0 
 0 
 0 
 0 
 1 
 0 
 0 
 0 
 0 
 0 
 0 
 1 
 1 
 0 
 0 
 0 
 0 
 0 
 0 
 0 
 0 
 0 
 0 
 0 
 0 
 0 
 0 
 0 
 0 
 1 
 0 
 0 
 0 
 0 
 0 
 0 
 0 
 0 
 0 
 0 
 0 
 0 
 0 
 0 
 0 
 0 
 0 
 0 
 0 
 1 
 0 
 0 
 0 
 0 
 0 
 0 
 0 
 0 
 1 
 1 
 0 
 0 
 0 
 1 
 0 
 0 
 0 
 0 
 0 
 0 
 1 
 0 
 0 
 0 
 0 
 0 
 0 
 0 
 0 
 0 
 0 
 1 
 0 
 0 
 0 
 0 
 0 
 0 
 0 
 0 
 0 
 0 
 0 
 0 
 0 
 0 
 1 
 0 
 0 
 1 
 0 
 0 
 0 
 0 
 1 
 0 
 0 
 0 
 0 
 0 
 0 
 0 
 0 
 0 
 0 
 1 
 0 
 0 
 0 
 0 
 0 
 0 
 0 
 0 
 0 
 1 
 0 
 0 
 0 
 0 
 0 
 0 
 0 
 0 
 0 
 0 
 0 
 0 
 0 
 0 
 0 
 0 
 0 
 0 
 1 
 1 
 0 
 0 
 0 
 1 
 0 
 0 
 0 
 0 
 0 
 0 
 0 
 0 
 0 
 0 
 0 
 0 
 1 
 0 
 0 
 1 
 0 
 0 
 0 
 0 
 0 
 0 
 0 
 0 
 0 
 0 
 0 
 0 
 0 
 0 
 0 
 0 
 0 
 0 
 0 
 0 
 0 
 0 
 0 
 0 
 0 
 0 
 0 
 0 
 0 
 0 
 0 
 0 
 0 
 0 
 0 
 0 
 0 
 0 
 0 
 0 
 0 
 0 
 0 
 0 
 0 
 0 
 0 
 0 
 0 
 0 
 0 
 0 
 0 
 0 
 0 
 0 
 0 
 0 
 0 
 0 
 0 
 0 
 0 
 0 
 0 
 0 
 0 
 0 
 0 
 0 
 0 
 0 
 0 
 0 
 0 
 0 
 0 
 0 
 0 
 0 
 0 
 0 
 0 
 0 
 0 
 0 
 0 
 0 
 0 
 1 
 0 
 0 
 0 
 0 
 0 
 0 
 0 
 0 
 0 
 0 
 0 
 0 
 0 
 0 
 0 
 0 
 0 
 0 
 0 
 0 
 0 
 0 
 0 
 0 
 0 
 0 
 0 
 0 
 0 
 0 
 0 
 0 
 0 
 0 
 0 
 0 
 0 
 0 
 0 
 0 
 0 
 0 
 0 
 0 
 0 
 0 
 0 
 0 
 0 
 0 
 0 
 0 
 0 
 0 
 0 
 0 
 0 
 0 
 0 
 0 
 0 
 0 
 0 
 0 
 0 
 0 
 0 
 0 
 0 
 0 
 0 
 0 
 0 
 0 
 0 
 0 
 0 
 0 
 0 
 0 
 0 
 0 
 0 
 0 
 0 
 0 
 0 
 0 
 0 
 0 
 0 
 0 
 0 
 0 
 0 
 0 
 0 
 0 
 0 
 0 
 0 
 0 
 1 
 0 
 0 
 0 
 0 
 0 
 0 
 0 
 0 
 0 
 0 
 0 
 0 
 0 
 0 
 0 
 0 
 0 
 0 
 0 
 0 
 0 
 0 
 0 
 0 
 0 
 0 
 0 
 0 
 0 
 0 
 0 
 0 
 0 
 0 
 0 
 0 
 0 
 0 
 0 
 0 
 0 
 0 
 0 
 0 
 0 
 0 
 0 
 0 
 0 
 0 
 0 
 0 
 1 
 0 
 0 
 0 
 0 
 0 
 0 
 0 
 0 
 0 
 0 
 0 
 0 
 0 
 0 
 0 
 0 
 0 
 0 
 0 
 0 
 0 
 0 
 0 
 0 
 0 
 0 
 0 
 0 
 0 
 0 
 0 
 0 
 0 
 0 
 0 
 0 
 0 
 0 
 0 
 0 
 0 
 0 
 0 
 0 
 0 
 0 
 0 
 0 
 0 
 0 
 0 
 0 
 0 
 0 
 0 
 0 
 0 
 0 
 0 
 0 
 0 
 0 
 0 
 0 
 0 
 0 
 0 
 0 
 0 
 0 
 0 
 0 
 0 
 0 
 0 
 0 
 0 
 0 
 0 
 0 
 0 
 0 
 0 
 0 
 0 
 0 
 0 
 0 
 0 
 0 
 0 
 0 
 0 
 0 
 0 
 0 
 0 
 0 
 0 
 0 
 0 
 0 
 0 
 0 
 0 
 0 
 0 
 0 
 0 
 0 
 0 
 0 
 0 
 0 
 0 
 0 
 0 
 0 
 0 
 0 
 0 
 0 
 0 
 0 
 0 
 0 
 0 
 0 
 0 
 0 
 0 
 0 
 0 
 0 
 0 
 0 
 0 
 0 
 0 
 0 
 0 
 0 
 0 
 0 
 0 
 0 
 0 
 0 
 0 
 0 
 0 
 0 
 0 
 0 
 0 
 0 
 0 
 0 
 0 
 0 
 0 
 0 
 0 
 0 
 0 
 0 
 0 
 0 
 0 
 0 
 0 
 0 
 0 
 0 
 0 
 0 
 0 
 0 
 0 
 0 
 0 
 0 
 0 
 0 
 0 
 0 
 0 
 0 
 0 
 0 
 0 
 0 
 0 
 0 
 0 
 0 
 0 
 0 
 0 
 0 
 0 
 0 
 0 
 0 
 0 
 0 
 0 
 0 
 0 
 0 
 0 
 0 
 0 
 0 
 0 
 0 
 0 
 0 
 0 
 0 
 0 
 0 
 0 
 0 
 0 
 0 
 0 
 0 
 0 
 0 
 0 
 0 
 0 
 0 
 0 
 0 
 0 
 0 
 0 
 0 
 0 
 0 
 1 
 0 
 0 
 0 
 0 
 0 
 0 
 0 
 0 
 0 
 0 
 0 
 0 
 0 
 0 
 0 
 0 
 0 
 0 
 0 
 0 
 0 
 0 
 0 
 0 
 0 
 0 
 0 
 0 
 0 
 0 
 0 
 0 
 0 
 0 
 0 
 0 
 0 
 0 
 0 
 0 
 0 
 0 
 0 
 0 
 0 
 0 
 0 
 0 
 0 
 0 
 0 
 0 
 0 
 0 
 0 
 0 
 0 
 0 
 0 
 0 
 0 
 0 
 0 
 0 
 0 
 0 
 0 
 0 
 0 
 0 
 0 
 0 
 0 
 0 
 0 
 0 
 0 
 0 
 0 
 0 
 0 
 0 
 0 
 0 
 0 
 0 
 0 
 0 
 0 
 0 
 0 
 0 
 0 
 0 
 0 
 0 
 0 
 0 
 0 
 0 
 0 
 0 
 0 
 0 
 0 
 0 
 0 
 0 
 0 
 0 
 0 
 0 
 0 
 0 
 0 
 0 
 0 
 0 
 0 
 0 
 0 
 0 
 0 
 0 
 0 
 0 
 0 
 0 
 0 
 0 
 0 
 0 
 0 
 0 
 0 
 0 
 0 
 0 
 0 
 0 
 0 
 0 
 0 
 0 
 0 
 0 
 0 
 0 
 0 
 0 
 0 
 0 
 0 
 0 
 0 
 0 
 0 
 0 
 0 
 0 
 0 
 0 
 0 
 0 
 0 
 0 
 0 
 0 
 0 
 0 
 0 
 0 
 0 
 0 
 0 
 0 
 0 
 0 
 0 
 0 
 0 
 0 
 0 
 0 
 0 
 0 
 0 
 0 
 0 
 0 
 0 
 0 
 0 
 0 
 0 
 0 
 0 
 0 
 0 
 0 
 0 
 0 
 0 
 0 
 0 
 0 
 0 
 0 
 0 
 0 
 0 
 0 
 0 
 0 
 0 
 0 
 0 
 0 
 0 
 0 
 0 
 0 
 0 
 0 
 0 
 0 
 0 
 0 
 0 
 0 
 0 
 0 
 0 
 0 
 0 
 0 
 0 
 0 
 0 
 0 
 0 
 0 
 0 
 0 
 0 
 0 
 0 
 0 
 0 
 0 
 0 
 0 
 0 
 0 
 0 
 0 
 0 
 0 
 0 
 0 
 0 
 0 
 0 
 0 
 0 
 0 
 0 
 0 
 0 
 0 
 0 
 0 
 0 
 0 
 0 
 0 
 0 
 0 
 0 
 0 
 0 
 0 
 0 
 0 
 0 
 0 
 0 
 0 
 0 
 0 
 0 
 0 
 0 
 0 
 0 
 0 
 0 
 0 
 0 
 0 
 0 
 0 
 0 
 0 
 0 
 0 
 0 
 0 
 0 
 0 
 0 
 0 
 0 
 0 
 0 
 0 
 0 
 0 
 0 
 0 
 1 
 0 
 0 
 0 
 0 
 0 
 0 
 0 
 0 
 0 
 0 
 0 
 0 
 0 
 0 
 0 
 0 
 0 
 0 
 0 
 0 
 0 
 0 
 0 
 0 
 0 
 0 
 0 
 0 
 0 
 0 
 0 
 0 
 0 
 0 
 0 
 0 
 0 
 0 
 0 
 0 
 0 
 0 
 0 
 0 
 0 
 0 
 0 
 0 
 0 
 0 
 0 
 0 
 0 
 0 
 0 
 0 
 0 
 0 
 0 
 0 
 0 
 0 
 0 
 0 
 0 
 0 
 0 
 0 
 0 
 0 
 0 
 0 
 0 
 0 
 0 
 0 
 0 
 0 
 0 
 0 
 0 
 0 
 0 
 0 
 0 
 0 
 0 
 0 
 0 
 0 
 0 
 0 
 0 
 0 
 0 
 0 
 0 
 0 
 0 
 0 
 0 
 0 
 0 
 0 
 0 
 0 
 0 
 0 
 0 
 0 
 0 
 0 
 0 
 0 
 0 
 0 
 0 
 0 
 0 
 0 
 0 
 0 
 0 
 0 
 0 
 0 
 0 
 0 
 0 
 0 
 0 
 0 
 0 
 0 
 0 
 0 
 0 
 0 
 0 
 0 
 0 
 0 
 0 
 0 
 0 
 0 
 0 
 0 
 0 
 0 
 0 
 0 
 0 
 0 
 0 
 0 
 0 
 0 
 0 
 0 
 0 
 0 
 0 
 0 
 0 
 0 
 0 
 0 
 0 
 0 
 0 
 0 
 0 
 0 
 0 
 0 
 0 
 0 
 0 
 0 
 0 
 0 
 0 
 0 
 0 
 0 
 0 
 0 
 0 
 0 
 0 
 0 
 0 
 0 
 0 
 0 
 0 
 0 
 0 
 0 
 0 
 0 
 0 
 0 
 0 
 0 
 0 
 0 
 0 
 0 
 0 
 0 
 0 
 0 
 0 
 0 
 0 
 0 
 0 
 0 
 0 
 0 
 0 
 0 
 0 
 0 
 0 
 0 
 0 
 0 
 0 
 0 
 0 
 0 
 0 
 0 
 0 
 0 
 0 
 0 
 0 
 0 
 0 
 0 
 0 
 0 
 0 
 0 
 0 
 0 
 0 
 0 
 0 
 0 
 0 
 0 
 0 
 0 
 0 
 0 
 0 
 0 
 0 
 0 
 0 
 0 
 0 
 0 
 0 
 0 
 0 
 0 
 0 
 0 
 0 
 0 
 0 
 0 
 0 
 0 
 0 
 0 
 0 
 0 
 0 
 0 
 0 
 0 
 0 
