 0 
 0 
 0 
 0 
 0 
 0 
 0 
 2 
 1 
 0 
 0 
 0 
 1 
 0 
 1 
 1 
 3 
 1 
 3 
 3 
 5 
 9 
 10 
 13 
 16 
 22 
 31 
 57 
 63 
 91 
 110 
 136 
 189 
 214 
 277 
 349 
 309 
 432 
 480 
 471 
 526 
 555 
 548 
 610 
 595 
 649 
 646 
 617 
 653 
 631 
 625 
 679 
 612 
 722 
 636 
 686 
 720 
 676 
 664 
 648 
 678 
 690 
 653 
 682 
 664 
 689 
 790 
 739 
 774 
 812 
 805 
 878 
 862 
 880 
 959 
 956 
 928 
 1054 
 1025 
 950 
 1022 
 1047 
 941 
 1045 
 992 
 992 
 1018 
 1043 
 1026 
 1049 
 1081 
 1084 
 1116 
 1041 
 1110 
 1132 
 1114 
 1077 
 1078 
 1019 
 962 
 987 
 893 
 939 
 811 
 884 
 829 
 852 
 788 
 809 
 761 
 759 
 753 
 688 
 693 
 654 
 707 
 670 
 690 
 660 
 626 
 614 
 668 
 621 
 605 
 580 
 664 
 612 
 589 
 573 
 563 
 626 
 618 
 634 
 607 
 619 
 614 
 607 
 607 
 590 
 622 
 651 
 557 
 611 
 604 
 584 
 612 
 624 
 608 
 587 
 608 
 623 
 583 
 628 
 630 
 575 
 586 
 601 
 564 
 600 
 580 
 626 
 628 
 621 
 581 
 598 
 609 
 613 
 608 
 601 
 570 
 612 
 597 
 587 
 591 
 618 
 634 
 621 
 595 
 593 
 591 
 621 
 577 
 594 
 609 
 647 
 617 
 582 
 599 
 625 
 618 
 659 
 639 
 646 
 633 
 655 
 664 
 654 
 647 
 717 
 705 
 675 
 665 
 738 
 727 
 721 
 673 
 740 
 737 
 742 
 703 
 740 
 681 
 698 
 734 
 776 
 745 
 766 
 731 
 739 
 720 
 754 
 768 
 715 
 749 
 722 
 765 
 707 
 761 
 792 
 675 
 752 
 728 
 726 
 699 
 741 
 739 
 714 
 710 
 764 
 724 
 699 
 666 
 692 
 792 
 721 
 738 
 730 
 780 
 741 
 796 
 783 
 743 
 746 
 767 
 747 
 790 
 734 
 760 
 752 
 747 
 743 
 724 
 714 
 742 
 742 
 716 
 748 
 694 
 701 
 776 
 767 
 756 
 734 
 708 
 807 
 755 
 748 
 758 
 714 
 752 
 730 
 742 
 746 
 758 
 709 
 757 
 764 
 756 
 743 
 655 
 717 
 708 
 726 
 725 
 727 
 734 
 751 
 715 
 717 
 766 
 676 
 716 
 668 
 735 
 708 
 763 
 684 
 719 
 720 
 713 
 713 
 674 
 693 
 711 
 663 
 662 
 739 
 682 
 708 
 689 
 635 
 711 
 722 
 701 
 663 
 685 
 722 
 731 
 708 
 696 
 657 
 685 
 671 
 654 
 654 
 726 
 734 
 724 
 716 
 686 
 639 
 625 
 703 
 696 
 727 
 709 
 743 
 675 
 713 
 723 
 696 
 722 
 726 
 718 
 691 
 672 
 675 
 692 
 705 
 637 
 638 
 725 
 694 
 713 
 656 
 663 
 661 
 655 
 606 
 660 
 634 
 592 
 625 
 626 
 613 
 598 
 542 
 575 
 557 
 569 
 557 
 520 
 519 
 520 
 520 
 499 
 528 
 463 
 482 
 522 
 483 
 459 
 464 
 455 
 445 
 420 
 423 
 448 
 428 
 400 
 413 
 428 
 412 
 372 
 417 
 394 
 385 
 395 
 378 
 381 
 397 
 356 
 405 
 384 
 394 
 345 
 373 
 370 
 373 
 344 
 360 
 387 
 394 
 381 
 373 
 400 
 337 
 364 
 350 
 332 
 330 
 332 
 402 
 332 
 355 
 357 
 361 
 350 
 330 
 330 
 311 
 320 
 325 
 327 
 310 
 320 
 337 
 332 
 337 
 349 
 337 
 317 
 312 
 333 
 345 
 373 
 328 
 283 
 314 
 332 
 335 
 309 
 310 
 337 
 297 
 311 
 326 
 295 
 347 
 309 
 297 
 311 
 292 
 313 
 312 
 296 
 328 
 313 
 366 
 276 
 321 
 289 
 301 
 315 
 326 
 305 
 302 
 324 
 279 
 281 
 267 
 285 
 289 
 299 
 313 
 286 
 307 
 290 
 296 
 295 
 302 
 319 
 292 
 283 
 294 
 274 
 288 
 289 
 294 
 301 
 278 
 285 
 310 
 287 
 316 
 295 
 307 
 315 
 306 
 286 
 291 
 283 
 340 
 328 
 331 
 329 
 336 
 349 
 328 
 364 
 360 
 381 
 383 
 392 
 433 
 420 
 462 
 486 
 498 
 504 
 570 
 549 
 617 
 653 
 722 
 815 
 814 
 835 
 912 
 1036 
 1053 
 1173 
 1182 
 1294 
 1318 
 1425 
 1527 
 1538 
 1715 
 1797 
 1874 
 1984 
 2060 
 2179 
 2353 
 2342 
 2403 
 2517 
 2665 
 2685 
 2773 
 2919 
 2980 
 3093 
 3100 
 3204 
 3241 
 3187 
 3299 
 3421 
 3379 
 3335 
 3434 
 3386 
 3394 
 3436 
 3367 
 3401 
 3230 
 3195 
 3145 
 3014 
 3186 
 2965 
 2894 
 2859 
 2726 
 2573 
 2509 
 2494 
 2292 
 2237 
 2169 
 1940 
 1922 
 1769 
 1746 
 1662 
 1505 
 1510 
 1402 
 1266 
 1261 
 1069 
 1068 
 905 
 872 
 758 
 749 
 731 
 659 
 619 
 578 
 561 
 481 
 413 
 418 
 384 
 354 
 349 
 285 
 271 
 247 
 264 
 240 
 219 
 206 
 214 
 172 
 177 
 182 
 138 
 156 
 175 
 192 
 149 
 147 
 147 
 158 
 131 
 117 
 148 
 166 
 130 
 140 
 114 
 137 
 119 
 144 
 123 
 140 
 130 
 136 
 114 
 119 
 123 
 118 
 113 
 137 
 115 
 118 
 131 
 136 
 110 
 140 
 141 
 118 
 137 
 156 
 139 
 138 
 130 
 147 
 149 
 127 
 126 
 117 
 120 
 134 
 112 
 130 
 119 
 98 
 134 
 128 
 121 
 100 
 98 
 118 
 135 
 129 
 123 
 136 
 99 
 119 
 115 
 112 
 131 
 138 
 127 
 103 
 140 
 127 
 101 
 127 
 116 
 130 
 112 
 120 
 125 
 116 
 112 
 127 
 119 
 132 
 119 
 123 
 124 
 122 
 115 
 129 
 105 
 100 
 122 
 123 
 111 
 139 
 122 
 124 
 124 
 123 
 106 
 132 
 119 
 112 
 131 
 135 
 127 
 108 
 126 
 121 
 121 
 98 
 112 
 134 
 122 
 117 
 115 
 101 
 100 
 126 
 111 
 132 
 122 
 132 
 136 
 120 
 119 
 124 
 125 
 107 
 126 
 117 
 111 
 119 
 125 
 118 
 160 
 124 
 126 
 121 
 123 
 124 
 133 
 127 
 124 
 99 
 109 
 125 
 111 
 109 
 137 
 122 
 133 
 112 
 110 
 153 
 115 
 112 
 125 
 126 
 144 
 96 
 121 
 130 
 136 
 123 
 120 
 115 
 114 
 113 
 122 
 121 
 135 
 140 
 127 
 128 
 133 
 120 
 127 
 118 
 112 
 116 
 119 
 128 
 121 
 131 
 109 
 131 
 135 
 119 
 127 
 118 
 110 
 138 
 117 
 105 
 105 
 143 
 124 
 124 
 124 
 120 
 106 
 119 
 107 
 110 
 131 
 120 
 114 
 116 
 126 
 120 
 113 
 121 
 132 
 138 
 127 
 110 
 139 
 142 
 145 
 135 
 112 
 120 
 145 
 126 
 135 
 133 
 123 
 131 
 121 
 121 
 116 
 139 
 122 
 118 
 118 
 130 
 119 
 119 
 131 
 114 
 114 
 121 
 135 
 97 
 117 
 114 
 117 
 126 
 136 
 136 
 125 
 123 
 133 
 119 
 138 
 129 
 126 
 113 
 157 
 136 
 132 
 131 
 140 
 132 
 128 
 132 
 136 
 132 
 138 
 126 
 130 
 114 
 115 
 130 
 128 
 122 
 119 
 114 
 137 
 130 
 128 
 124 
 137 
 115 
 131 
 120 
 127 
 121 
 109 
 126 
 140 
 109 
 135 
 115 
 147 
 130 
 136 
 103 
 134 
 146 
 118 
 117 
 106 
 134 
 118 
 126 
 147 
 134 
 120 
 115 
 132 
 140 
 116 
 126 
 131 
 117 
 125 
 123 
 136 
 122 
 128 
 140 
 125 
 122 
 144 
 141 
 126 
 118 
 134 
 118 
 140 
 130 
 148 
 122 
 132 
 129 
 130 
 136 
 124 
 134 
 126 
 124 
 130 
 119 
 110 
 118 
 138 
 135 
 136 
 129 
 140 
 116 
 124 
 127 
 126 
 107 
 121 
 138 
 148 
 145 
 109 
 118 
 112 
 139 
 123 
 128 
 112 
 130 
 120 
 130 
 119 
 146 
 121 
 118 
 147 
 146 
 132 
 120 
 140 
 139 
 153 
 151 
 144 
 129 
 138 
 133 
 137 
 137 
 143 
 158 
 136 
 127 
 146 
 124 
 148 
 138 
 143 
 134 
 130 
 142 
 151 
 159 
 157 
 131 
 143 
 156 
 131 
 147 
 120 
 126 
 143 
 141 
 129 
 139 
 132 
 125 
 129 
 150 
 143 
 154 
 127 
 134 
 129 
 145 
 131 
 156 
 164 
 138 
 135 
 140 
 148 
 132 
 146 
 139 
 123 
 134 
 159 
 138 
 148 
 128 
 153 
 152 
 132 
 149 
 139 
 146 
 166 
 138 
 158 
 151 
 169 
 155 
 148 
 166 
 151 
 150 
 145 
 143 
 132 
 163 
 147 
 152 
 151 
 169 
 152 
 153 
 131 
 166 
 156 
 155 
 144 
 181 
 179 
 150 
 157 
 127 
 140 
 147 
 141 
 133 
 155 
 151 
 145 
 152 
 116 
 132 
 159 
 150 
 165 
 162 
 130 
 126 
 143 
 140 
 141 
 140 
 136 
 137 
 133 
 139 
 143 
 129 
 121 
 126 
 133 
 124 
 115 
 118 
 127 
 108 
 123 
 111 
 124 
 133 
 113 
 113 
 116 
 111 
 103 
 109 
 114 
 97 
 118 
 105 
 102 
 99 
 98 
 92 
 75 
 97 
 79 
 91 
 86 
 92 
 82 
 80 
 88 
 75 
 66 
 87 
 88 
 73 
 86 
 64 
 65 
 62 
 73 
 68 
 72 
 70 
 62 
 68 
 67 
 67 
 65 
 67 
 78 
 55 
 66 
 57 
 53 
 63 
 52 
 61 
 52 
 39 
 49 
 62 
 56 
 50 
 54 
 47 
 49 
 63 
 58 
 49 
 47 
 46 
 44 
 53 
 44 
 39 
 46 
 44 
 43 
 51 
 35 
 32 
 41 
 38 
 48 
 43 
 37 
 39 
 39 
 33 
 37 
 35 
 44 
 36 
 49 
 40 
 40 
 34 
 36 
 37 
 28 
 41 
 36 
 37 
 32 
 36 
 35 
 25 
 30 
 32 
 39 
 37 
 38 
 28 
 30 
 31 
 23 
 25 
 25 
 19 
 32 
 28 
 33 
 42 
 29 
 34 
 31 
 31 
 33 
 23 
 26 
 24 
 31 
 27 
 23 
 23 
 39 
 44 
 25 
 35 
 30 
 33 
 25 
 31 
 19 
 32 
 29 
 31 
 33 
 25 
 19 
 16 
 21 
 28 
 18 
 29 
 20 
 22 
 20 
 24 
 27 
 24 
 27 
 20 
 30 
 28 
 30 
 19 
 22 
 32 
 22 
 36 
 29 
 28 
 29 
 33 
 23 
 19 
 38 
 42 
 38 
 28 
 27 
 45 
 28 
 44 
 39 
 32 
 35 
 46 
 45 
 58 
 49 
 41 
 67 
 54 
 56 
 80 
 53 
 57 
 78 
 69 
 79 
 71 
 97 
 93 
 86 
 99 
 110 
 106 
 99 
 113 
 123 
 133 
 140 
 115 
 155 
 163 
 165 
 151 
 175 
 193 
 187 
 205 
 200 
 192 
 230 
 251 
 232 
 248 
 252 
 267 
 268 
 302 
 270 
 284 
 318 
 301 
 312 
 334 
 339 
 394 
 377 
 426 
 363 
 422 
 412 
 395 
 419 
 405 
 464 
 476 
 456 
 477 
 433 
 475 
 418 
 485 
 458 
 462 
 474 
 442 
 477 
 494 
 472 
 499 
 485 
 510 
 517 
 494 
 472 
 465 
 449 
 484 
 455 
 433 
 462 
 432 
 424 
 470 
 412 
 426 
 438 
 403 
 413 
 439 
 396 
 392 
 382 
 385 
 361 
 359 
 373 
 345 
 367 
 339 
 338 
 351 
 316 
 314 
 321 
 288 
 261 
 257 
 262 
 246 
 235 
 233 
 246 
 201 
 224 
 204 
 199 
 171 
 186 
 154 
 159 
 178 
 148 
 155 
 158 
 142 
 134 
 116 
 125 
 116 
 104 
 127 
 108 
 96 
 91 
 102 
 74 
 67 
 70 
 77 
 67 
 66 
 62 
 63 
 76 
 46 
 56 
 57 
 48 
 36 
 42 
 49 
 34 
 37 
 44 
 48 
 35 
 36 
 38 
 32 
 35 
 39 
 28 
 17 
 27 
 26 
 28 
 25 
 15 
 10 
 32 
 20 
 27 
 11 
 17 
 22 
 19 
 18 
 17 
 11 
 16 
 20 
 20 
 16 
 13 
 12 
 16 
 19 
 15 
 18 
 22 
 24 
 15 
 13 
 15 
 16 
 18 
 13 
 12 
 12 
 13 
 16 
 15 
 20 
 13 
 8 
 10 
 17 
 18 
 13 
 11 
 13 
 8 
 18 
 19 
 9 
 13 
 16 
 18 
 16 
 12 
 24 
 12 
 14 
 18 
 13 
 13 
 13 
 10 
 15 
 11 
 16 
 16 
 9 
 14 
 13 
 19 
 7 
 16 
 13 
 9 
 13 
 10 
 16 
 12 
 9 
 9 
 17 
 14 
 13 
 10 
 19 
 15 
 22 
 9 
 8 
 16 
 15 
 16 
 14 
 11 
 17 
 10 
 6 
 17 
 14 
 12 
 15 
 13 
 23 
 19 
 16 
 17 
 12 
 10 
 14 
 14 
 21 
 14 
 15 
 12 
 17 
 9 
 12 
 16 
 16 
 9 
 18 
 14 
 13 
 20 
 17 
 13 
 17 
 13 
 9 
 20 
 18 
 17 
 17 
 18 
 12 
 13 
 11 
 7 
 21 
 19 
 14 
 15 
 14 
 14 
 15 
 13 
 17 
 19 
 11 
 10 
 7 
 12 
 10 
 12 
 13 
 7 
 19 
 19 
 12 
 13 
 8 
 20 
 13 
 20 
 18 
 13 
 11 
 20 
 10 
 15 
 9 
 14 
 15 
 15 
 12 
 14 
 20 
 14 
 19 
 16 
 16 
 20 
 13 
 12 
 7 
 9 
 22 
 15 
 14 
 12 
 10 
 16 
 10 
 8 
 10 
 11 
 9 
 13 
 17 
 18 
 6 
 16 
 6 
 16 
 16 
 15 
 13 
 16 
 12 
 13 
 11 
 12 
 8 
 11 
 15 
 16 
 12 
 13 
 15 
 9 
 14 
 10 
 12 
 15 
 17 
 12 
 16 
 14 
 8 
 16 
 16 
 11 
 10 
 10 
 16 
 13 
 14 
 15 
 12 
 6 
 8 
 7 
 11 
 4 
 13 
 6 
 8 
 12 
 8 
 11 
 6 
 13 
 10 
 10 
 8 
 7 
 8 
 8 
 6 
 11 
 10 
 8 
 4 
 10 
 6 
 7 
 13 
 13 
 9 
 7 
 8 
 5 
 12 
 6 
 5 
 5 
 4 
 4 
 7 
 7 
 7 
 6 
 13 
 4 
 7 
 8 
 6 
 9 
 8 
 7 
 5 
 6 
 9 
 3 
 4 
 10 
 10 
 7 
 7 
 6 
 4 
 5 
 2 
 3 
 5 
 8 
 3 
 7 
 4 
 8 
 8 
 2 
 5 
 4 
 3 
 10 
 9 
 3 
 2 
 0 
 4 
 5 
 4 
 3 
 3 
 3 
 5 
 5 
 4 
 5 
 5 
 3 
 6 
 2 
 0 
 2 
 6 
 4 
 3 
 6 
 6 
 4 
 3 
 3 
 3 
 6 
 3 
 3 
 4 
 7 
 0 
 4 
 6 
 7 
 3 
 5 
 2 
 5 
 1 
 5 
 1 
 1 
 4 
 6 
 5 
 2 
 7 
 3 
 2 
 0 
 4 
 1 
 2 
 5 
 2 
 0 
 3 
 7 
 4 
 2 
 0 
 3 
 1 
 2 
 5 
 3 
 4 
 2 
 9 
 4 
 2 
 1 
 1 
 3 
 5 
 5 
 4 
 2 
 2 
 4 
 4 
 5 
 5 
 6 
 2 
 2 
 5 
 3 
 5 
 7 
 7 
 4 
 9 
 3 
 3 
 4 
 4 
 10 
 5 
 12 
 7 
 7 
 9 
 3 
 9 
 4 
 9 
 9 
 6 
 7 
 9 
 10 
 5 
 9 
 7 
 12 
 12 
 12 
 8 
 9 
 12 
 14 
 12 
 9 
 9 
 12 
 9 
 16 
 12 
 15 
 18 
 16 
 13 
 15 
 20 
 17 
 14 
 8 
 24 
 13 
 12 
 19 
 20 
 19 
 16 
 17 
 8 
 19 
 20 
 20 
 18 
 16 
 14 
 15 
 17 
 15 
 18 
 32 
 16 
 26 
 25 
 22 
 14 
 26 
 17 
 19 
 22 
 21 
 18 
 18 
 20 
 16 
 20 
 24 
 20 
 16 
 18 
 24 
 26 
 23 
 20 
 24 
 17 
 16 
 11 
 13 
 20 
 15 
 19 
 16 
 20 
 26 
 9 
 22 
 19 
 9 
 15 
 18 
 7 
 10 
 9 
 11 
 14 
 16 
 12 
 11 
 16 
 12 
 10 
 14 
 15 
 13 
 7 
 9 
 18 
 11 
 7 
 9 
 9 
 13 
 6 
 8 
 7 
 7 
 7 
 8 
 8 
 7 
 8 
 7 
 2 
 8 
 5 
 1 
 5 
 4 
 3 
 5 
 7 
 2 
 3 
 6 
 2 
 3 
 1 
 1 
 5 
 3 
 0 
 7 
 3 
 2 
 3 
 0 
 2 
 2 
 1 
 1 
 2 
 2 
 2 
 1 
 0 
 1 
 0 
 1 
 1 
 2 
 1 
 0 
 2 
 1 
 0 
 0 
 1 
 0 
 2 
 0 
 0 
 1 
 0 
 0 
 2 
 0 
 0 
 2 
 1 
 1 
 0 
 0 
 1 
 0 
 0 
 0 
 0 
 0 
 1 
 0 
 1 
 0 
 3 
 0 
 1 
 0 
 0 
 0 
 0 
 0 
 2 
 0 
 0 
 0 
 0 
 0 
 1 
 1 
 0 
 2 
 0 
 0 
 1 
 0 
 0 
 0 
 0 
 1 
 2 
 0 
 0 
 1 
 0 
 0 
 0 
 0 
 0 
 0 
 1 
 0 
 0 
 1 
 0 
 1 
 0 
 0 
 1 
 0 
 0 
 0 
 0 
 0 
 0 
 0 
 0 
 0 
 0 
 1 
 1 
 1 
 0 
 0 
 1 
 0 
 0 
 1 
 1 
 0 
 1 
 1 
 1 
 1 
 0 
 1 
 0 
 0 
 0 
 0 
 0 
 0 
 0 
 0 
 0 
 0 
 0 
 0 
 0 
 0 
 0 
 1 
 2 
 0 
 0 
 0 
 0 
 0 
 2 
 0 
 0 
 0 
 0 
 0 
 0 
 0 
 0 
 0 
 0 
 2 
 0 
 0 
 0 
 0 
 0 
 2 
 0 
 0 
 0 
 0 
 0 
 0 
 0 
 0 
 0 
 0 
 0 
 0 
 0 
 0 
 1 
 0 
 1 
 1 
 1 
 0 
 0 
 0 
 1 
 0 
 0 
 0 
 2 
 1 
 0 
 0 
 0 
 0 
 0 
 2 
 1 
 0 
 0 
 0 
 0 
 0 
 0 
 0 
 0 
 0 
 0 
 0 
 0 
 0 
 1 
 2 
 0 
 0 
 0 
 0 
 0 
 0 
 1 
 0 
 0 
 0 
 0 
 0 
 0 
 0 
 0 
 0 
 2 
 0 
 1 
 0 
 0 
 0 
 0 
 0 
 0 
 1 
 1 
 0 
 0 
 0 
 0 
 0 
 0 
 0 
 0 
 1 
 0 
 0 
 1 
 0 
 1 
 2 
 0 
 1 
 0 
 0 
 1 
 0 
 0 
 0 
 1 
 0 
 1 
 0 
 0 
 1 
 0 
 0 
 0 
 0 
 0 
 0 
 0 
 0 
 0 
 0 
 0 
 0 
 2 
 1 
 0 
 0 
 0 
 0 
 0 
 0 
 0 
 0 
 0 
 0 
 0 
 0 
 1 
 0 
 0 
 1 
 0 
 0 
 0 
 0 
 1 
 0 
 0 
 0 
 0 
 0 
 0 
 0 
 0 
 1 
 1 
 0 
 0 
 0 
 0 
 0 
 1 
 0 
 0 
 2 
 0 
 0 
 0 
 1 
 0 
 0 
 1 
 1 
 0 
 0 
 0 
 0 
 0 
 0 
 0 
 0 
 0 
 0 
 0 
 0 
 0 
 0 
 0 
 0 
 0 
 1 
 1 
 0 
 0 
 1 
 0 
 0 
 1 
 0 
 1 
 0 
 0 
 0 
 0 
 0 
 0 
 0 
 0 
 0 
 0 
 1 
 0 
 0 
 0 
 1 
 0 
 0 
 1 
 0 
 0 
 0 
 0 
 0 
 1 
 0 
 0 
 0 
 0 
 0 
 0 
 0 
 0 
 0 
 0 
 0 
 0 
 0 
 1 
 0 
 0 
 0 
 0 
 0 
 0 
 0 
 1 
 0 
 0 
 0 
 0 
 0 
 0 
 0 
 0 
 0 
 1 
 0 
 0 
 0 
 0 
 1 
 1 
 0 
 0 
 1 
 0 
 0 
 0 
 0 
 0 
 0 
 0 
 0 
 0 
 0 
 1 
 0 
 0 
 0 
 0 
 0 
 0 
 0 
 0 
 0 
 0 
 0 
 0 
 0 
 1 
 0 
 0 
 0 
 0 
 0 
 0 
 0 
 0 
 0 
 0 
 0 
 0 
 0 
 0 
 0 
 0 
 0 
 0 
 0 
 0 
 0 
 0 
 3 
 0 
 0 
 0 
 0 
 0 
 0 
 0 
 0 
 0 
 0 
 0 
 1 
 0 
 0 
 0 
 0 
 0 
 0 
 0 
 0 
 0 
 0 
 0 
 0 
 0 
 1 
 0 
 0 
 0 
 0 
 0 
 0 
 0 
 0 
 0 
 0 
 0 
 0 
 0 
 0 
 2 
 0 
 0 
 0 
 0 
 0 
 0 
 0 
 1 
 0 
 0 
 0 
 0 
 0 
 0 
 0 
 0 
 0 
 0 
 0 
 0 
 0 
 0 
 0 
 0 
 0 
 0 
 0 
 0 
 0 
 0 
 0 
 0 
 0 
 0 
 1 
 0 
 0 
 0 
 0 
 0 
 0 
 0 
 0 
 0 
 0 
 0 
 0 
 0 
 0 
 0 
 0 
 0 
 0 
 0 
 0 
 0 
 0 
 0 
 0 
 1 
 1 
 0 
 0 
 0 
 0 
 0 
 0 
 0 
 0 
 0 
 0 
 0 
 0 
 0 
 0 
 0 
 0 
 0 
 0 
 0 
 0 
 0 
 0 
 0 
 0 
 0 
 0 
 1 
 0 
 0 
 0 
 0 
 0 
 0 
 0 
 0 
 0 
 0 
 0 
 0 
 0 
 0 
 0 
 0 
 0 
 0 
 0 
 0 
 0 
 0 
 0 
 0 
 0 
 0 
 0 
 0 
 0 
 1 
 0 
 0 
 0 
 0 
 0 
 0 
 0 
 0 
 0 
 0 
 0 
 0 
 0 
 0 
 0 
 0 
 0 
 0 
 0 
 0 
 0 
 0 
 0 
 0 
 0 
 0 
 0 
 0 
 0 
 1 
 0 
 0 
 0 
 0 
 0 
 0 
 0 
 0 
 0 
 0 
 0 
 0 
 0 
 0 
 0 
 0 
 0 
 0 
 0 
 0 
 0 
 0 
 0 
 0 
 0 
 0 
 0 
 0 
 0 
 0 
 0 
 0 
 0 
 0 
 0 
 0 
 0 
 0 
 0 
 0 
 0 
 0 
 0 
 0 
 0 
 0 
 1 
 0 
 0 
 0 
 1 
 0 
 0 
 0 
 0 
 1 
 0 
 0 
 0 
 0 
 0 
 0 
 0 
 0 
 0 
 0 
 0 
 0 
 0 
 0 
 0 
 0 
 0 
 0 
 1 
 0 
 0 
 0 
 0 
 0 
 0 
 0 
 0 
 0 
 0 
 0 
 0 
 0 
 0 
 0 
 0 
 0 
 0 
 0 
 0 
 0 
 0 
 0 
 0 
 2 
 0 
 0 
 0 
 0 
 0 
 0 
 0 
 0 
 0 
 0 
 0 
 1 
 0 
 0 
 1 
 0 
 0 
 0 
 0 
 0 
 0 
 1 
 0 
 0 
 0 
 0 
 0 
 0 
 0 
 0 
 0 
 0 
 0 
 0 
 0 
 0 
 0 
 0 
 1 
 0 
 0 
 0 
 0 
 0 
 1 
 0 
 0 
 0 
 0 
 0 
 0 
 0 
 0 
 0 
 0 
 0 
 1 
 0 
 0 
 0 
 0 
 0 
 0 
 0 
 0 
 1 
 0 
 0 
 0 
 0 
 0 
 0 
 0 
 0 
 0 
 0 
 0 
 0 
 0 
 0 
 0 
 0 
 0 
 0 
 0 
 0 
 0 
 1 
 0 
 0 
 0 
 0 
 0 
 0 
 1 
 0 
 1 
 0 
 0 
 0 
 0 
 0 
 0 
 0 
 0 
 0 
 0 
 0 
 0 
 0 
 0 
 0 
 1 
 0 
 1 
 0 
 0 
 0 
 0 
 0 
 0 
 0 
 0 
 0 
 0 
 0 
 0 
 0 
 0 
 0 
 0 
 0 
 0 
 0 
 0 
 0 
 0 
 0 
 0 
 0 
 0 
 0 
 0 
 0 
 0 
 0 
 0 
 0 
 0 
 0 
 0 
 0 
 0 
 0 
 0 
 0 
 0 
 0 
 0 
 0 
 0 
 0 
 0 
 0 
 0 
 0 
 0 
 0 
 0 
 0 
 0 
 0 
 0 
 0 
 0 
 0 
 0 
 0 
 0 
 0 
 0 
 0 
 0 
 0 
 0 
 0 
 0 
 0 
 0 
 0 
 0 
 0 
 0 
 0 
 0 
 0 
 0 
 0 
 0 
 0 
 0 
 0 
 0 
 0 
 0 
 0 
 0 
 0 
 0 
 0 
 0 
 0 
 0 
 0 
 0 
 0 
 0 
 0 
 0 
 0 
 0 
 0 
 0 
 0 
 0 
 0 
 0 
 0 
 0 
 0 
 0 
 0 
 0 
 0 
 0 
 0 
 0 
 0 
 0 
 0 
 0 
 0 
 0 
 0 
 0 
 0 
 0 
 0 
 0 
 0 
 0 
 0 
 0 
 0 
 0 
 0 
 0 
 0 
 0 
 0 
 0 
 0 
 0 
 0 
 0 
 0 
 0 
 0 
 0 
 0 
 0 
 0 
 0 
 0 
 0 
 0 
 0 
 0 
 0 
 0 
 0 
 0 
 0 
 0 
 0 
 0 
 0 
 0 
 0 
 0 
 0 
 0 
 0 
 0 
 0 
 0 
 0 
 0 
 1 
 0 
 0 
 0 
 0 
 0 
 0 
 0 
 0 
 0 
 0 
 1 
 0 
 0 
 0 
 0 
 0 
 0 
 0 
 0 
 0 
 1 
 0 
 1 
 0 
 0 
 0 
 0 
 0 
 0 
 0 
 0 
 0 
 0 
 0 
 0 
 0 
 0 
 0 
 0 
 0 
 0 
 0 
 0 
 0 
 0 
 0 
 0 
 0 
 0 
 0 
 0 
 0 
 0 
 0 
 0 
 0 
 0 
 0 
 0 
 0 
 0 
 0 
 0 
 0 
 0 
 0 
 0 
 0 
 0 
 0 
 0 
 0 
 0 
 0 
 0 
 0 
 0 
 0 
 0 
 0 
 0 
 0 
 0 
 0 
 0 
 0 
 0 
 0 
 0 
 0 
 0 
 0 
 0 
 0 
 0 
 0 
 0 
 0 
 0 
 0 
 0 
 0 
 0 
 0 
 0 
 0 
 0 
 0 
 0 
 0 
 0 
 0 
 0 
 0 
 0 
 0 
 0 
 0 
 0 
 0 
 0 
 0 
 0 
 0 
 0 
 0 
 0 
 0 
 0 
 0 
 0 
 0 
 0 
 0 
 0 
 0 
 0 
 0 
 1 
 0 
 0 
 0 
 0 
 0 
 0 
 0 
 0 
 0 
 0 
 0 
 0 
 0 
 0 
 0 
 0 
 0 
 0 
 0 
 0 
 0 
 0 
 0 
 0 
 0 
 0 
 0 
 0 
 0 
 0 
 0 
 0 
 0 
 0 
 0 
 0 
 0 
 0 
 0 
 0 
 0 
 0 
 0 
 0 
 0 
 0 
 0 
 0 
 0 
 0 
 0 
 0 
 0 
 0 
 0 
 0 
 0 
 0 
 0 
 0 
 0 
 0 
 0 
 0 
 0 
 0 
 0 
 0 
 0 
 0 
 0 
 0 
 0 
 0 
 0 
 0 
 0 
 0 
 0 
 0 
 0 
 0 
 0 
 0 
 0 
 0 
 0 
 0 
 0 
 0 
 0 
 0 
 0 
 0 
 0 
 0 
 0 
 0 
 0 
 0 
 0 
 0 
 0 
 0 
 0 
 0 
 0 
 0 
 0 
 0 
 0 
 0 
 0 
 0 
 0 
 0 
 0 
 0 
 0 
 0 
 0 
 0 
 0 
 0 
 0 
 0 
 0 
 0 
 0 
 0 
 0 
 0 
 1 
 0 
 0 
 0 
 0 
 0 
 0 
 0 
 0 
 0 
 0 
 0 
 0 
 0 
 0 
 0 
 0 
 1 
 0 
 0 
 0 
 0 
 0 
 0 
 0 
 0 
 0 
 0 
 0 
 0 
 0 
 0 
 0 
 0 
 0 
 0 
 0 
 0 
 0 
 0 
 0 
 0 
 0 
 0 
 0 
 0 
 0 
 0 
 0 
 0 
 0 
 0 
 0 
 0 
 0 
 0 
 0 
 0 
 0 
 0 
 0 
 0 
 0 
 0 
 0 
 0 
 0 
 0 
 0 
 0 
 0 
 0 
 0 
 0 
 0 
 0 
 0 
 0 
 0 
 0 
 0 
 0 
 0 
 0 
 0 
 0 
 0 
 0 
 0 
 0 
 0 
 0 
 0 
 0 
 0 
 0 
 0 
 0 
 0 
 0 
 0 
 0 
 0 
 0 
 0 
 0 
 0 
 0 
 0 
 0 
 0 
 0 
 0 
 0 
 0 
 0 
 0 
 0 
 0 
 0 
 0 
 0 
 0 
 0 
 0 
 0 
 0 
 0 
 0 
 0 
 0 
 0 
 0 
 0 
 0 
 0 
 0 
 0 
 0 
 0 
 0 
 0 
 0 
 0 
 0 
 0 
 0 
 0 
 0 
 0 
 0 
 0 
 0 
 0 
 0 
 0 
 0 
 0 
 0 
 0 
 0 
 0 
 0 
 0 
 0 
 0 
 0 
 0 
 0 
 0 
 0 
 0 
 0 
 0 
 0 
 0 
 0 
 0 
 0 
 0 
 0 
 0 
 0 
 0 
 0 
 0 
 0 
 0 
 0 
 0 
 0 
 0 
 0 
 0 
 0 
 0 
 0 
 0 
 0 
 0 
 0 
 0 
 0 
 0 
 0 
 0 
 0 
 0 
 0 
 0 
 0 
 0 
 0 
 0 
 1 
 0 
 0 
 0 
 0 
 0 
 0 
 0 
 0 
 0 
 0 
 1 
 0 
 0 
 0 
 0 
 0 
 0 
 0 
 0 
 0 
 0 
 0 
 0 
 0 
 0 
 0 
 0 
 0 
 0 
 0 
 0 
 0 
 0 
 0 
 0 
 0 
 0 
 0 
 0 
 0 
 0 
 0 
 0 
 0 
 0 
 0 
 0 
 0 
 0 
 0 
 0 
 0 
 0 
 0 
 0 
 0 
 0 
 0 
 0 
 0 
 0 
 0 
 0 
 0 
 0 
 0 
 0 
 0 
 0 
 0 
 0 
 0 
 0 
 0 
 0 
 0 
 0 
 0 
 0 
 0 
 0 
 0 
 0 
 0 
 0 
 0 
 0 
 0 
 0 
 0 
 0 
 0 
 0 
 0 
 0 
 0 
 0 
 0 
 0 
 0 
 0 
 0 
 0 
 0 
 0 
 0 
 0 
 0 
 0 
 0 
 0 
 0 
 0 
 0 
 0 
 0 
 0 
 0 
 0 
 0 
 0 
 0 
 0 
 0 
 0 
 0 
 0 
 0 
 0 
 0 
 0 
 0 
 0 
 0 
 0 
 0 
 0 
 0 
 0 
 0 
 0 
 0 
 0 
 0 
 0 
 0 
 0 
 0 
 0 
 0 
 0 
 0 
 0 
 0 
 0 
 0 
 0 
 0 
 0 
 0 
 0 
 0 
 0 
 0 
 0 
 0 
 0 
 0 
 0 
 0 
 0 
 0 
 0 
 0 
 0 
 0 
 0 
 0 
 0 
 0 
 0 
 0 
 0 
 0 
 0 
 0 
 0 
 0 
 0 
 0 
 0 
 0 
 0 
 0 
 0 
 0 
 0 
 0 
 0 
 0 
 0 
 0 
 0 
 0 
 0 
 0 
 0 
 0 
 0 
 0 
 0 
 0 
 0 
 0 
 0 
 0 
 0 
 0 
 0 
 0 
 0 
 0 
 0 
 0 
 0 
 0 
 0 
 0 
 0 
 0 
 0 
 0 
 0 
 0 
 0 
 0 
 0 
 0 
 0 
 0 
 0 
 0 
 0 
 0 
 0 
 0 
 0 
 0 
 0 
 0 
 0 
 0 
 0 
 0 
 0 
 0 
 0 
 0 
 0 
 0 
 0 
 0 
 0 
 0 
 0 
 0 
 0 
 0 
 0 
 0 
 0 
 0 
 0 
 0 
 0 
 0 
 0 
 0 
 0 
 0 
 0 
 0 
 0 
 0 
 0 
 0 
 0 
 0 
 0 
 0 
 0 
 0 
 0 
 0 
 0 
 0 
 0 
 0 
 0 
 0 
 0 
 0 
 0 
 0 
 0 
 0 
 0 
 0 
 0 
 0 
 0 
 0 
 0 
 0 
 0 
 0 
 0 
 0 
 0 
 0 
 0 
 0 
 0 
 0 
 0 
 0 
 0 
 0 
 0 
 0 
 1 
 0 
 0 
 0 
 0 
 0 
 0 
 0 
 0 
 0 
 0 
 0 
 0 
 0 
 0 
 0 
 0 
 0 
 0 
 0 
 0 
 0 
 0 
 0 
 0 
 0 
 0 
 0 
 0 
 0 
 0 
 0 
 0 
 0 
 0 
 0 
 0 
 0 
 0 
 0 
 0 
 0 
 0 
 0 
 0 
 0 
 0 
 0 
 0 
 0 
 0 
 0 
 0 
 0 
 0 
 0 
 0 
 0 
 0 
 0 
 0 
 0 
 0 
 0 
 0 
 0 
 0 
 0 
 0 
 0 
 0 
 0 
 0 
 0 
 0 
 0 
 0 
 0 
 0 
 0 
 0 
 0 
 0 
 0 
 0 
 0 
 0 
 0 
 0 
 0 
 0 
 0 
 0 
 0 
 0 
 0 
 0 
 0 
 0 
 0 
 0 
 0 
 0 
 0 
 0 
 0 
 0 
 0 
 0 
 0 
 0 
 0 
 0 
 0 
 0 
 0 
 0 
 0 
 0 
 0 
 0 
 0 
 0 
 0 
 0 
 0 
 0 
 0 
 0 
 0 
 0 
 0 
 0 
 0 
 0 
 0 
 0 
 0 
 0 
