 1 
 0 
 0 
 0 
 0 
 0 
 2 
 1 
 0 
 2 
 0 
 0 
 2 
 1 
 0 
 2 
 2 
 4 
 2 
 8 
 7 
 4 
 13 
 6 
 16 
 17 
 30 
 43 
 50 
 71 
 112 
 132 
 171 
 201 
 236 
 275 
 325 
 379 
 384 
 421 
 448 
 462 
 482 
 518 
 521 
 523 
 556 
 551 
 546 
 577 
 584 
 555 
 547 
 521 
 601 
 598 
 606 
 569 
 566 
 558 
 536 
 605 
 588 
 617 
 644 
 678 
 657 
 657 
 663 
 678 
 740 
 760 
 762 
 777 
 802 
 834 
 884 
 854 
 830 
 882 
 861 
 886 
 824 
 912 
 845 
 848 
 824 
 829 
 886 
 897 
 855 
 973 
 883 
 875 
 881 
 882 
 818 
 843 
 906 
 896 
 795 
 764 
 833 
 769 
 735 
 733 
 713 
 697 
 646 
 650 
 661 
 626 
 662 
 629 
 580 
 602 
 587 
 588 
 531 
 578 
 556 
 557 
 545 
 534 
 539 
 506 
 532 
 500 
 522 
 504 
 561 
 530 
 576 
 531 
 485 
 474 
 542 
 549 
 535 
 502 
 534 
 556 
 504 
 539 
 510 
 528 
 522 
 527 
 522 
 541 
 568 
 486 
 516 
 525 
 519 
 535 
 537 
 562 
 520 
 519 
 540 
 528 
 579 
 498 
 545 
 523 
 549 
 541 
 553 
 499 
 499 
 526 
 583 
 510 
 525 
 567 
 540 
 531 
 541 
 533 
 552 
 542 
 574 
 544 
 550 
 547 
 548 
 555 
 562 
 560 
 542 
 551 
 582 
 588 
 555 
 593 
 564 
 588 
 582 
 567 
 566 
 574 
 582 
 601 
 617 
 597 
 606 
 643 
 621 
 603 
 629 
 582 
 639 
 659 
 634 
 645 
 647 
 658 
 656 
 634 
 624 
 623 
 635 
 631 
 623 
 624 
 611 
 620 
 604 
 613 
 628 
 606 
 598 
 634 
 602 
 601 
 596 
 673 
 605 
 600 
 613 
 557 
 606 
 626 
 617 
 658 
 676 
 604 
 598 
 562 
 639 
 616 
 588 
 603 
 639 
 599 
 613 
 659 
 605 
 658 
 628 
 622 
 627 
 617 
 639 
 654 
 588 
 618 
 623 
 667 
 654 
 646 
 685 
 643 
 622 
 623 
 667 
 613 
 619 
 610 
 620 
 649 
 602 
 617 
 641 
 625 
 584 
 655 
 584 
 628 
 615 
 636 
 593 
 616 
 591 
 682 
 634 
 591 
 649 
 644 
 618 
 618 
 593 
 602 
 611 
 598 
 616 
 609 
 631 
 562 
 605 
 632 
 639 
 619 
 628 
 637 
 601 
 639 
 623 
 649 
 594 
 634 
 613 
 654 
 617 
 601 
 609 
 587 
 613 
 643 
 627 
 633 
 625 
 612 
 601 
 633 
 651 
 574 
 583 
 645 
 677 
 614 
 631 
 610 
 649 
 653 
 610 
 629 
 570 
 613 
 627 
 609 
 651 
 633 
 625 
 647 
 616 
 683 
 566 
 595 
 630 
 656 
 601 
 582 
 587 
 616 
 601 
 666 
 590 
 587 
 600 
 591 
 549 
 601 
 551 
 558 
 566 
 523 
 490 
 522 
 497 
 500 
 496 
 497 
 458 
 491 
 463 
 472 
 439 
 409 
 447 
 438 
 420 
 441 
 416 
 422 
 402 
 439 
 419 
 359 
 409 
 422 
 401 
 387 
 369 
 382 
 354 
 374 
 394 
 367 
 407 
 379 
 388 
 376 
 372 
 355 
 388 
 346 
 364 
 393 
 347 
 387 
 365 
 371 
 394 
 343 
 324 
 365 
 318 
 342 
 317 
 345 
 343 
 338 
 360 
 353 
 352 
 345 
 371 
 315 
 377 
 334 
 321 
 343 
 347 
 339 
 345 
 325 
 341 
 334 
 320 
 327 
 326 
 329 
 331 
 359 
 282 
 325 
 329 
 329 
 338 
 315 
 345 
 321 
 333 
 333 
 300 
 355 
 338 
 322 
 320 
 340 
 328 
 325 
 323 
 309 
 341 
 347 
 299 
 329 
 305 
 323 
 306 
 319 
 319 
 271 
 321 
 291 
 300 
 303 
 290 
 313 
 318 
 310 
 293 
 325 
 310 
 323 
 284 
 305 
 348 
 271 
 298 
 313 
 273 
 310 
 267 
 316 
 309 
 334 
 296 
 298 
 305 
 255 
 302 
 319 
 271 
 281 
 321 
 300 
 305 
 306 
 325 
 350 
 326 
 286 
 312 
 316 
 321 
 347 
 344 
 406 
 332 
 364 
 369 
 428 
 441 
 421 
 455 
 466 
 519 
 535 
 570 
 552 
 628 
 630 
 680 
 714 
 800 
 819 
 870 
 971 
 976 
 1065 
 1072 
 1153 
 1267 
 1301 
 1353 
 1514 
 1478 
 1674 
 1642 
 1763 
 1927 
 1953 
 2043 
 2102 
 2270 
 2276 
 2296 
 2300 
 2499 
 2502 
 2540 
 2687 
 2727 
 2594 
 2672 
 2804 
 2778 
 2961 
 2858 
 2884 
 2855 
 2802 
 2951 
 2876 
 2769 
 2706 
 2688 
 2640 
 2569 
 2611 
 2497 
 2542 
 2357 
 2262 
 2250 
 2175 
 2038 
 2026 
 1835 
 1822 
 1711 
 1614 
 1562 
 1480 
 1386 
 1271 
 1278 
 1210 
 1103 
 1002 
 950 
 892 
 840 
 748 
 714 
 659 
 629 
 556 
 551 
 544 
 445 
 411 
 412 
 361 
 345 
 295 
 296 
 260 
 274 
 253 
 219 
 205 
 214 
 187 
 183 
 175 
 168 
 190 
 165 
 167 
 151 
 130 
 132 
 134 
 134 
 126 
 119 
 118 
 128 
 142 
 138 
 135 
 134 
 126 
 124 
 130 
 113 
 107 
 125 
 146 
 132 
 123 
 136 
 115 
 115 
 129 
 120 
 136 
 134 
 132 
 123 
 144 
 127 
 130 
 121 
 117 
 141 
 127 
 105 
 110 
 105 
 121 
 129 
 105 
 124 
 115 
 104 
 106 
 111 
 121 
 91 
 124 
 120 
 127 
 108 
 124 
 133 
 99 
 128 
 115 
 124 
 134 
 109 
 112 
 135 
 123 
 118 
 128 
 106 
 118 
 139 
 119 
 111 
 126 
 125 
 125 
 113 
 115 
 101 
 111 
 111 
 117 
 103 
 117 
 123 
 112 
 128 
 119 
 135 
 128 
 116 
 117 
 132 
 115 
 97 
 133 
 119 
 103 
 129 
 120 
 112 
 122 
 99 
 109 
 113 
 108 
 137 
 135 
 134 
 113 
 99 
 124 
 134 
 123 
 123 
 109 
 120 
 111 
 124 
 112 
 102 
 110 
 106 
 130 
 121 
 114 
 109 
 108 
 124 
 123 
 138 
 124 
 117 
 114 
 124 
 110 
 123 
 121 
 115 
 126 
 110 
 110 
 113 
 121 
 96 
 109 
 122 
 119 
 113 
 110 
 114 
 112 
 134 
 118 
 122 
 110 
 133 
 112 
 116 
 103 
 132 
 116 
 114 
 121 
 114 
 104 
 104 
 101 
 135 
 119 
 110 
 112 
 126 
 113 
 113 
 114 
 144 
 128 
 112 
 114 
 107 
 113 
 115 
 113 
 89 
 135 
 119 
 136 
 100 
 91 
 129 
 119 
 105 
 109 
 140 
 111 
 97 
 115 
 115 
 122 
 124 
 122 
 106 
 116 
 119 
 127 
 110 
 109 
 114 
 138 
 113 
 131 
 130 
 117 
 116 
 125 
 132 
 110 
 114 
 130 
 100 
 100 
 137 
 112 
 128 
 119 
 110 
 132 
 120 
 118 
 129 
 135 
 104 
 118 
 122 
 118 
 125 
 112 
 108 
 115 
 118 
 126 
 113 
 117 
 100 
 126 
 126 
 106 
 124 
 100 
 114 
 99 
 104 
 115 
 109 
 110 
 115 
 144 
 120 
 118 
 125 
 128 
 112 
 116 
 103 
 148 
 132 
 110 
 116 
 126 
 132 
 111 
 88 
 102 
 101 
 114 
 120 
 104 
 132 
 117 
 113 
 117 
 120 
 129 
 113 
 123 
 102 
 100 
 112 
 99 
 108 
 99 
 109 
 114 
 122 
 139 
 107 
 111 
 141 
 104 
 133 
 117 
 120 
 114 
 119 
 121 
 123 
 115 
 125 
 123 
 115 
 97 
 119 
 138 
 134 
 108 
 126 
 120 
 133 
 138 
 115 
 113 
 113 
 108 
 128 
 116 
 110 
 122 
 111 
 124 
 107 
 113 
 127 
 120 
 133 
 134 
 126 
 133 
 127 
 130 
 109 
 110 
 114 
 101 
 120 
 132 
 107 
 112 
 143 
 110 
 126 
 135 
 128 
 121 
 125 
 117 
 121 
 121 
 129 
 131 
 136 
 132 
 130 
 118 
 125 
 111 
 106 
 108 
 138 
 115 
 137 
 118 
 125 
 140 
 139 
 103 
 137 
 124 
 127 
 116 
 130 
 147 
 139 
 135 
 109 
 145 
 142 
 136 
 121 
 124 
 131 
 120 
 143 
 152 
 128 
 132 
 125 
 119 
 114 
 129 
 147 
 118 
 142 
 121 
 123 
 126 
 143 
 133 
 139 
 136 
 119 
 121 
 140 
 131 
 145 
 129 
 124 
 122 
 137 
 118 
 123 
 141 
 135 
 137 
 148 
 140 
 135 
 148 
 123 
 130 
 146 
 121 
 120 
 144 
 146 
 162 
 155 
 121 
 137 
 156 
 169 
 144 
 122 
 147 
 147 
 136 
 124 
 160 
 138 
 152 
 152 
 149 
 139 
 152 
 126 
 137 
 137 
 137 
 132 
 137 
 155 
 142 
 125 
 149 
 139 
 155 
 123 
 133 
 149 
 159 
 136 
 153 
 137 
 139 
 141 
 142 
 139 
 136 
 166 
 152 
 139 
 133 
 137 
 152 
 147 
 152 
 135 
 126 
 118 
 136 
 130 
 125 
 135 
 153 
 121 
 130 
 133 
 113 
 117 
 110 
 100 
 106 
 105 
 110 
 130 
 109 
 107 
 141 
 105 
 98 
 111 
 116 
 115 
 131 
 115 
 97 
 90 
 84 
 104 
 99 
 103 
 94 
 72 
 87 
 82 
 85 
 88 
 96 
 85 
 85 
 102 
 74 
 90 
 91 
 77 
 68 
 67 
 87 
 83 
 75 
 69 
 72 
 73 
 70 
 64 
 68 
 73 
 72 
 75 
 66 
 59 
 70 
 47 
 65 
 58 
 71 
 53 
 56 
 53 
 55 
 61 
 52 
 36 
 50 
 46 
 46 
 54 
 49 
 43 
 48 
 44 
 46 
 44 
 51 
 45 
 51 
 54 
 49 
 48 
 47 
 52 
 40 
 44 
 36 
 41 
 43 
 49 
 39 
 46 
 43 
 19 
 48 
 42 
 40 
 30 
 39 
 28 
 48 
 39 
 34 
 34 
 32 
 42 
 38 
 36 
 37 
 42 
 37 
 32 
 37 
 27 
 30 
 48 
 25 
 36 
 37 
 31 
 27 
 36 
 26 
 41 
 25 
 30 
 44 
 25 
 21 
 30 
 27 
 24 
 25 
 34 
 42 
 18 
 31 
 33 
 25 
 32 
 25 
 33 
 27 
 22 
 21 
 19 
 27 
 25 
 23 
 30 
 32 
 18 
 26 
 32 
 34 
 31 
 21 
 18 
 26 
 24 
 28 
 31 
 21 
 23 
 23 
 35 
 26 
 30 
 28 
 25 
 32 
 16 
 23 
 28 
 28 
 30 
 29 
 17 
 29 
 29 
 35 
 31 
 27 
 24 
 36 
 25 
 31 
 29 
 34 
 33 
 27 
 23 
 38 
 38 
 45 
 30 
 50 
 36 
 46 
 35 
 39 
 45 
 39 
 52 
 41 
 64 
 50 
 59 
 70 
 75 
 55 
 67 
 75 
 58 
 73 
 77 
 98 
 84 
 106 
 90 
 117 
 109 
 114 
 118 
 142 
 156 
 137 
 168 
 151 
 183 
 170 
 210 
 170 
 160 
 182 
 205 
 207 
 222 
 231 
 248 
 259 
 262 
 239 
 253 
 277 
 285 
 293 
 300 
 331 
 320 
 304 
 346 
 321 
 346 
 390 
 367 
 364 
 354 
 409 
 413 
 378 
 397 
 388 
 401 
 447 
 447 
 442 
 475 
 474 
 444 
 473 
 472 
 454 
 491 
 453 
 481 
 438 
 461 
 463 
 429 
 442 
 450 
 438 
 414 
 437 
 390 
 441 
 443 
 388 
 414 
 389 
 391 
 407 
 403 
 407 
 345 
 370 
 334 
 334 
 343 
 367 
 375 
 305 
 317 
 298 
 288 
 258 
 305 
 286 
 284 
 262 
 271 
 243 
 248 
 216 
 217 
 221 
 200 
 215 
 188 
 189 
 188 
 166 
 154 
 145 
 152 
 155 
 161 
 133 
 125 
 110 
 132 
 133 
 114 
 95 
 98 
 95 
 97 
 110 
 83 
 80 
 72 
 86 
 59 
 79 
 65 
 59 
 47 
 49 
 56 
 39 
 51 
 43 
 38 
 32 
 33 
 39 
 41 
 37 
 39 
 32 
 41 
 36 
 39 
 31 
 25 
 25 
 26 
 27 
 25 
 37 
 23 
 27 
 28 
 22 
 19 
 13 
 15 
 24 
 21 
 22 
 11 
 22 
 12 
 19 
 18 
 11 
 17 
 14 
 12 
 12 
 20 
 18 
 16 
 22 
 17 
 21 
 19 
 13 
 13 
 6 
 10 
 5 
 15 
 7 
 14 
 10 
 14 
 10 
 13 
 8 
 15 
 11 
 12 
 18 
 12 
 6 
 9 
 5 
 7 
 13 
 16 
 20 
 18 
 9 
 13 
 12 
 17 
 17 
 10 
 12 
 15 
 13 
 14 
 5 
 10 
 12 
 6 
 13 
 13 
 7 
 6 
 8 
 17 
 13 
 12 
 11 
 10 
 7 
 11 
 12 
 11 
 10 
 7 
 10 
 12 
 7 
 10 
 9 
 15 
 11 
 8 
 13 
 12 
 19 
 7 
 7 
 5 
 6 
 24 
 18 
 11 
 8 
 16 
 10 
 12 
 15 
 13 
 11 
 11 
 12 
 11 
 10 
 14 
 13 
 16 
 8 
 11 
 6 
 11 
 7 
 17 
 7 
 9 
 10 
 14 
 13 
 8 
 13 
 12 
 10 
 13 
 7 
 6 
 10 
 12 
 15 
 6 
 13 
 17 
 10 
 20 
 14 
 14 
 9 
 13 
 8 
 12 
 8 
 6 
 6 
 18 
 15 
 9 
 9 
 6 
 10 
 11 
 14 
 13 
 11 
 12 
 15 
 15 
 12 
 10 
 9 
 6 
 6 
 11 
 14 
 7 
 7 
 6 
 10 
 12 
 8 
 7 
 16 
 8 
 9 
 9 
 16 
 11 
 9 
 12 
 7 
 12 
 18 
 7 
 9 
 14 
 17 
 14 
 8 
 13 
 13 
 7 
 12 
 14 
 11 
 12 
 8 
 11 
 14 
 10 
 6 
 10 
 11 
 11 
 16 
 8 
 12 
 15 
 13 
 10 
 14 
 16 
 7 
 17 
 12 
 9 
 11 
 8 
 14 
 9 
 8 
 5 
 16 
 12 
 19 
 13 
 8 
 3 
 4 
 7 
 6 
 10 
 11 
 6 
 6 
 5 
 4 
 5 
 10 
 7 
 11 
 8 
 9 
 3 
 7 
 7 
 3 
 15 
 5 
 4 
 5 
 6 
 10 
 4 
 9 
 3 
 2 
 4 
 11 
 6 
 6 
 5 
 6 
 4 
 11 
 6 
 5 
 8 
 7 
 10 
 7 
 7 
 6 
 3 
 3 
 4 
 9 
 3 
 10 
 5 
 3 
 11 
 8 
 8 
 8 
 6 
 4 
 6 
 7 
 5 
 4 
 4 
 1 
 5 
 1 
 3 
 5 
 8 
 3 
 2 
 3 
 4 
 3 
 4 
 3 
 7 
 10 
 4 
 5 
 4 
 4 
 4 
 5 
 2 
 7 
 3 
 2 
 4 
 4 
 1 
 4 
 4 
 1 
 2 
 1 
 3 
 6 
 1 
 2 
 6 
 6 
 4 
 1 
 2 
 5 
 6 
 3 
 5 
 4 
 6 
 4 
 2 
 7 
 1 
 2 
 3 
 2 
 3 
 5 
 3 
 3 
 4 
 5 
 0 
 4 
 5 
 5 
 2 
 4 
 1 
 2 
 2 
 4 
 2 
 5 
 3 
 2 
 3 
 3 
 2 
 3 
 4 
 3 
 1 
 3 
 4 
 5 
 2 
 2 
 5 
 5 
 2 
 6 
 3 
 2 
 4 
 3 
 3 
 2 
 4 
 2 
 5 
 2 
 3 
 2 
 5 
 5 
 3 
 3 
 3 
 6 
 1 
 6 
 0 
 4 
 4 
 3 
 5 
 4 
 5 
 3 
 3 
 5 
 2 
 2 
 5 
 10 
 6 
 7 
 0 
 5 
 9 
 5 
 6 
 7 
 6 
 4 
 11 
 3 
 8 
 10 
 8 
 4 
 6 
 7 
 7 
 12 
 11 
 3 
 14 
 10 
 12 
 6 
 7 
 10 
 12 
 12 
 6 
 15 
 10 
 8 
 9 
 9 
 17 
 15 
 15 
 12 
 6 
 14 
 19 
 10 
 9 
 19 
 15 
 21 
 17 
 14 
 9 
 13 
 26 
 15 
 12 
 14 
 4 
 10 
 17 
 17 
 19 
 18 
 13 
 15 
 11 
 21 
 12 
 13 
 26 
 15 
 13 
 21 
 8 
 15 
 18 
 15 
 20 
 10 
 15 
 13 
 17 
 15 
 17 
 11 
 9 
 17 
 8 
 20 
 12 
 12 
 15 
 14 
 10 
 15 
 13 
 10 
 9 
 10 
 8 
 16 
 14 
 3 
 10 
 9 
 10 
 4 
 6 
 6 
 9 
 10 
 5 
 10 
 7 
 9 
 7 
 8 
 4 
 10 
 7 
 13 
 8 
 7 
 5 
 5 
 2 
 5 
 7 
 3 
 4 
 7 
 3 
 1 
 4 
 1 
 2 
 2 
 3 
 3 
 1 
 1 
 1 
 4 
 2 
 3 
 2 
 3 
 3 
 0 
 0 
 4 
 0 
 1 
 3 
 0 
 2 
 1 
 1 
 3 
 0 
 3 
 4 
 3 
 0 
 1 
 1 
 2 
 2 
 0 
 0 
 1 
 0 
 1 
 0 
 1 
 0 
 0 
 1 
 1 
 0 
 1 
 2 
 0 
 0 
 2 
 0 
 1 
 1 
 1 
 1 
 1 
 0 
 0 
 0 
 1 
 0 
 0 
 0 
 0 
 0 
 1 
 1 
 0 
 0 
 0 
 1 
 0 
 0 
 0 
 1 
 1 
 1 
 0 
 0 
 0 
 0 
 0 
 0 
 0 
 0 
 0 
 1 
 1 
 0 
 0 
 0 
 1 
 1 
 0 
 0 
 0 
 0 
 0 
 0 
 1 
 1 
 1 
 3 
 0 
 0 
 0 
 0 
 2 
 1 
 0 
 0 
 1 
 0 
 0 
 0 
 1 
 0 
 1 
 0 
 1 
 0 
 0 
 1 
 0 
 0 
 1 
 0 
 0 
 0 
 0 
 0 
 0 
 1 
 0 
 0 
 0 
 1 
 1 
 1 
 0 
 0 
 2 
 0 
 0 
 0 
 0 
 0 
 0 
 1 
 0 
 0 
 0 
 0 
 1 
 0 
 1 
 0 
 0 
 0 
 0 
 0 
 0 
 1 
 0 
 0 
 0 
 0 
 0 
 0 
 0 
 0 
 0 
 0 
 0 
 1 
 0 
 1 
 1 
 0 
 0 
 0 
 1 
 0 
 0 
 0 
 0 
 1 
 2 
 0 
 0 
 0 
 0 
 0 
 0 
 0 
 0 
 0 
 0 
 0 
 0 
 0 
 0 
 0 
 0 
 0 
 0 
 0 
 0 
 0 
 1 
 0 
 0 
 1 
 0 
 1 
 0 
 1 
 1 
 2 
 0 
 0 
 0 
 0 
 0 
 0 
 1 
 0 
 1 
 0 
 1 
 0 
 0 
 1 
 0 
 0 
 0 
 0 
 1 
 0 
 0 
 0 
 1 
 0 
 0 
 1 
 0 
 1 
 0 
 1 
 0 
 0 
 0 
 0 
 0 
 0 
 0 
 0 
 0 
 0 
 0 
 0 
 0 
 0 
 0 
 1 
 1 
 0 
 0 
 0 
 0 
 0 
 0 
 1 
 0 
 2 
 0 
 0 
 1 
 2 
 1 
 0 
 1 
 0 
 0 
 1 
 0 
 0 
 0 
 0 
 0 
 0 
 0 
 0 
 0 
 0 
 0 
 0 
 0 
 0 
 0 
 0 
 0 
 0 
 0 
 0 
 0 
 0 
 0 
 0 
 0 
 1 
 0 
 0 
 0 
 0 
 0 
 0 
 0 
 2 
 0 
 0 
 0 
 0 
 0 
 0 
 0 
 0 
 0 
 0 
 1 
 0 
 0 
 0 
 0 
 0 
 0 
 1 
 0 
 0 
 0 
 0 
 0 
 0 
 0 
 0 
 0 
 0 
 0 
 0 
 0 
 1 
 0 
 0 
 0 
 0 
 1 
 1 
 0 
 0 
 0 
 0 
 0 
 0 
 0 
 0 
 0 
 1 
 0 
 0 
 0 
 0 
 0 
 0 
 0 
 0 
 0 
 0 
 0 
 0 
 1 
 0 
 0 
 0 
 0 
 1 
 0 
 1 
 0 
 0 
 0 
 0 
 0 
 0 
 0 
 0 
 0 
 0 
 0 
 0 
 0 
 0 
 0 
 1 
 0 
 0 
 0 
 1 
 0 
 0 
 0 
 0 
 0 
 0 
 0 
 0 
 0 
 0 
 0 
 0 
 1 
 0 
 0 
 0 
 1 
 1 
 0 
 0 
 0 
 0 
 0 
 0 
 0 
 0 
 0 
 0 
 0 
 0 
 0 
 0 
 0 
 0 
 0 
 0 
 0 
 0 
 0 
 0 
 0 
 0 
 0 
 1 
 0 
 0 
 0 
 0 
 0 
 0 
 0 
 0 
 1 
 0 
 0 
 0 
 0 
 0 
 0 
 0 
 0 
 0 
 0 
 1 
 0 
 0 
 0 
 0 
 1 
 0 
 0 
 1 
 0 
 0 
 0 
 0 
 0 
 2 
 0 
 0 
 0 
 1 
 0 
 0 
 0 
 0 
 1 
 0 
 0 
 1 
 0 
 0 
 0 
 0 
 0 
 0 
 0 
 0 
 0 
 0 
 0 
 1 
 0 
 3 
 0 
 0 
 0 
 0 
 0 
 0 
 0 
 0 
 0 
 0 
 0 
 0 
 0 
 0 
 0 
 0 
 0 
 0 
 0 
 0 
 0 
 0 
 0 
 0 
 0 
 0 
 0 
 0 
 0 
 0 
 0 
 0 
 0 
 0 
 0 
 0 
 0 
 0 
 0 
 0 
 0 
 0 
 0 
 0 
 0 
 0 
 0 
 0 
 0 
 0 
 0 
 0 
 1 
 0 
 0 
 0 
 0 
 0 
 0 
 0 
 1 
 0 
 1 
 0 
 0 
 0 
 0 
 0 
 0 
 0 
 0 
 0 
 0 
 0 
 0 
 0 
 0 
 1 
 0 
 0 
 0 
 0 
 0 
 0 
 0 
 0 
 0 
 0 
 0 
 0 
 1 
 0 
 0 
 0 
 0 
 0 
 0 
 0 
 0 
 0 
 0 
 0 
 0 
 0 
 0 
 0 
 0 
 1 
 0 
 0 
 0 
 0 
 0 
 0 
 0 
 0 
 1 
 0 
 0 
 0 
 0 
 0 
 0 
 0 
 0 
 0 
 0 
 0 
 0 
 0 
 0 
 0 
 0 
 0 
 0 
 0 
 0 
 0 
 0 
 0 
 0 
 0 
 0 
 0 
 0 
 0 
 0 
 0 
 0 
 0 
 0 
 0 
 0 
 0 
 0 
 1 
 0 
 0 
 0 
 0 
 0 
 0 
 0 
 0 
 0 
 0 
 0 
 0 
 0 
 0 
 0 
 0 
 0 
 0 
 0 
 0 
 0 
 0 
 0 
 0 
 0 
 0 
 0 
 0 
 0 
 0 
 0 
 0 
 0 
 0 
 1 
 0 
 0 
 0 
 0 
 0 
 0 
 0 
 0 
 0 
 0 
 0 
 0 
 0 
 0 
 0 
 0 
 0 
 0 
 0 
 0 
 0 
 0 
 0 
 0 
 0 
 0 
 0 
 0 
 0 
 0 
 0 
 0 
 0 
 0 
 0 
 0 
 0 
 0 
 0 
 0 
 0 
 1 
 0 
 0 
 0 
 1 
 0 
 0 
 0 
 0 
 0 
 0 
 1 
 0 
 0 
 0 
 0 
 0 
 0 
 0 
 0 
 0 
 0 
 0 
 0 
 0 
 0 
 0 
 0 
 1 
 0 
 0 
 1 
 0 
 0 
 1 
 0 
 0 
 0 
 0 
 0 
 0 
 1 
 0 
 0 
 0 
 0 
 0 
 0 
 0 
 0 
 0 
 1 
 0 
 0 
 0 
 0 
 0 
 0 
 0 
 0 
 0 
 1 
 0 
 0 
 0 
 0 
 0 
 0 
 0 
 1 
 1 
 0 
 0 
 0 
 0 
 1 
 0 
 1 
 0 
 0 
 0 
 0 
 1 
 0 
 0 
 0 
 0 
 0 
 0 
 0 
 0 
 0 
 0 
 0 
 0 
 0 
 0 
 0 
 0 
 0 
 0 
 0 
 1 
 0 
 0 
 0 
 0 
 0 
 0 
 0 
 0 
 1 
 0 
 0 
 0 
 0 
 0 
 0 
 0 
 0 
 0 
 0 
 0 
 0 
 0 
 0 
 0 
 0 
 0 
 0 
 0 
 0 
 0 
 0 
 0 
 1 
 0 
 0 
 0 
 0 
 0 
 0 
 0 
 0 
 0 
 0 
 0 
 0 
 0 
 0 
 0 
 0 
 0 
 0 
 0 
 0 
 0 
 0 
 0 
 0 
 0 
 0 
 0 
 0 
 0 
 0 
 0 
 0 
 0 
 0 
 0 
 0 
 0 
 0 
 0 
 0 
 0 
 0 
 0 
 0 
 0 
 0 
 0 
 0 
 0 
 0 
 0 
 0 
 0 
 1 
 0 
 0 
 0 
 0 
 0 
 0 
 0 
 0 
 0 
 0 
 0 
 0 
 0 
 0 
 0 
 0 
 0 
 0 
 0 
 0 
 0 
 0 
 0 
 0 
 0 
 0 
 0 
 0 
 0 
 0 
 0 
 0 
 0 
 0 
 0 
 0 
 0 
 0 
 0 
 0 
 0 
 0 
 0 
 0 
 0 
 0 
 0 
 0 
 0 
 0 
 0 
 0 
 0 
 0 
 0 
 0 
 0 
 0 
 0 
 0 
 0 
 0 
 0 
 0 
 0 
 0 
 0 
 0 
 0 
 0 
 0 
 0 
 0 
 0 
 0 
 0 
 0 
 0 
 0 
 0 
 0 
 0 
 0 
 0 
 0 
 0 
 0 
 0 
 0 
 0 
 0 
 0 
 0 
 0 
 0 
 0 
 0 
 0 
 0 
 0 
 0 
 0 
 0 
 0 
 0 
 0 
 0 
 0 
 0 
 0 
 0 
 0 
 0 
 0 
 0 
 0 
 0 
 0 
 0 
 0 
 0 
 0 
 0 
 0 
 0 
 0 
 0 
 0 
 1 
 0 
 0 
 0 
 0 
 0 
 0 
 0 
 0 
 0 
 0 
 0 
 0 
 0 
 0 
 0 
 0 
 0 
 0 
 0 
 0 
 0 
 0 
 0 
 0 
 0 
 0 
 0 
 0 
 0 
 0 
 0 
 0 
 0 
 0 
 0 
 0 
 0 
 0 
 0 
 0 
 0 
 1 
 0 
 0 
 0 
 1 
 0 
 0 
 0 
 0 
 0 
 0 
 0 
 0 
 0 
 0 
 0 
 0 
 0 
 0 
 0 
 0 
 0 
 0 
 0 
 0 
 0 
 0 
 0 
 0 
 0 
 0 
 0 
 0 
 0 
 0 
 0 
 0 
 0 
 0 
 0 
 0 
 0 
 0 
 0 
 0 
 0 
 0 
 0 
 0 
 0 
 0 
 0 
 0 
 0 
 0 
 0 
 0 
 0 
 0 
 0 
 0 
 0 
 0 
 0 
 0 
 0 
 0 
 0 
 0 
 0 
 0 
 0 
 0 
 0 
 0 
 0 
 0 
 0 
 0 
 0 
 0 
 0 
 0 
 0 
 0 
 0 
 0 
 0 
 0 
 0 
 0 
 0 
 0 
 0 
 0 
 0 
 0 
 0 
 0 
 0 
 0 
 0 
 0 
 0 
 0 
 0 
 0 
 0 
 0 
 0 
 0 
 0 
 0 
 0 
 0 
 0 
 0 
 0 
 0 
 0 
 0 
 0 
 0 
 0 
 0 
 0 
 0 
 0 
 0 
 0 
 0 
 0 
 0 
 0 
 0 
 0 
 0 
 0 
 0 
 0 
 0 
 0 
 0 
 0 
 0 
 0 
 0 
 0 
 0 
 0 
 0 
 0 
 0 
 0 
 0 
 0 
 0 
 0 
 0 
 0 
 0 
 0 
 0 
 0 
 0 
 0 
 0 
 0 
 0 
 0 
 0 
 0 
 0 
 0 
 0 
 0 
 0 
 0 
 0 
 0 
 0 
 0 
 0 
 0 
 0 
 0 
 0 
 0 
 0 
 0 
 0 
 0 
 0 
 0 
 0 
 0 
 0 
 0 
 0 
 0 
 0 
 0 
 0 
 0 
 0 
 0 
 0 
 0 
 0 
 0 
 0 
 0 
 0 
 0 
 0 
 0 
 0 
 0 
 0 
 0 
 0 
 0 
 0 
 0 
 0 
 0 
 0 
 0 
 0 
 0 
 0 
 0 
 0 
 0 
 0 
 0 
 0 
 0 
 0 
 0 
 0 
 0 
 0 
 0 
 0 
 0 
 0 
 0 
 0 
 0 
 0 
 0 
 0 
 0 
 0 
 0 
 0 
 0 
 0 
 0 
 0 
 0 
 0 
 0 
 0 
 0 
 0 
 0 
 0 
 0 
 0 
 0 
 0 
 0 
 0 
 0 
 0 
 0 
 0 
 0 
 0 
 0 
 0 
 0 
 0 
 0 
 0 
 0 
 0 
 0 
 0 
 0 
 0 
 0 
 0 
 0 
 0 
 0 
 0 
 0 
 0 
 0 
 0 
 1 
 0 
 0 
 0 
 0 
 0 
 0 
 0 
 0 
 0 
 0 
 0 
 0 
 0 
 0 
 0 
 0 
 0 
 0 
 0 
 0 
 0 
 0 
 0 
 0 
 0 
 0 
 0 
 0 
 0 
 0 
 0 
 0 
 0 
 0 
 0 
 0 
 0 
 0 
 0 
 0 
 0 
 0 
 0 
 0 
 0 
 0 
 0 
 0 
 0 
 0 
 0 
 0 
 0 
 0 
 0 
 0 
 0 
 0 
 0 
 0 
 0 
 0 
 1 
 0 
 0 
 0 
 0 
 0 
 0 
 0 
 0 
 0 
 0 
 0 
 0 
 0 
 0 
 0 
 0 
 0 
 0 
 0 
 0 
 0 
 0 
 0 
 0 
 0 
 0 
 0 
 0 
 0 
 0 
 0 
 0 
 0 
 0 
 0 
 0 
 0 
 0 
 0 
 0 
 0 
 0 
 0 
 0 
 0 
 0 
 0 
 0 
 0 
 0 
 0 
 0 
 0 
 0 
 0 
 0 
 0 
 0 
 0 
 0 
 0 
 0 
 0 
 0 
 0 
 0 
 0 
 0 
 0 
 0 
 0 
 0 
 0 
 0 
 0 
 0 
 0 
 0 
 0 
 0 
 0 
 0 
 0 
 0 
 0 
 0 
 0 
 0 
 0 
 0 
 0 
 0 
 0 
 0 
 0 
 0 
 0 
 0 
 0 
 0 
 0 
 0 
 0 
 0 
 0 
 0 
 0 
 0 
 0 
 0 
 0 
 0 
 0 
 0 
 0 
 0 
 0 
 0 
 0 
 0 
 0 
 0 
 0 
 0 
 0 
 0 
 0 
 0 
 0 
 0 
 0 
 0 
 0 
 0 
 0 
 0 
 0 
 0 
 0 
 0 
 0 
 0 
 0 
 0 
 0 
 0 
 0 
 0 
 0 
 0 
 0 
 0 
 0 
 0 
 0 
 0 
 0 
 0 
 0 
 0 
 0 
 0 
 0 
 0 
 0 
 0 
 0 
 0 
 0 
 0 
 0 
 0 
 0 
 0 
 0 
 0 
 0 
 0 
 0 
 0 
 0 
 0 
 0 
 0 
 0 
 0 
 0 
 0 
 0 
 0 
 0 
 0 
 0 
 0 
 0 
 0 
 0 
 0 
 0 
 0 
 0 
 0 
 0 
 0 
 0 
 0 
 0 
 0 
 0 
 0 
 0 
 0 
 0 
 0 
 0 
 0 
 0 
 0 
 0 
 0 
 0 
 0 
 0 
 0 
 0 
 0 
 0 
 0 
 0 
 0 
 0 
 0 
 0 
 0 
 0 
 0 
 0 
 0 
 0 
 0 
 0 
 0 
 0 
 0 
 0 
 0 
 0 
 0 
 0 
 0 
 0 
 0 
 0 
 0 
 0 
 0 
 0 
 0 
 0 
 0 
 0 
 0 
 0 
 0 
 0 
 0 
 0 
 0 
 0 
 0 
 0 
 0 
 0 
 0 
 0 
 0 
 0 
 0 
 0 
 0 
 0 
 0 
 0 
 0 
 0 
 0 
 0 
 0 
 0 
 0 
 0 
 0 
 0 
 0 
 0 
 0 
 0 
 0 
 0 
 0 
 0 
 0 
 0 
 1 
 0 
 0 
 0 
 0 
 0 
 0 
 0 
 0 
 0 
 0 
 0 
 0 
 0 
 0 
 0 
 0 
 0 
 0 
 0 
 0 
 0 
 0 
 0 
 0 
 0 
 0 
 0 
 0 
 0 
 0 
 0 
 0 
 0 
 0 
 0 
 0 
 0 
 0 
 0 
 0 
 0 
 0 
 0 
 0 
 0 
 0 
 0 
 0 
 0 
 0 
 0 
 0 
 0 
 0 
 0 
 0 
 0 
 0 
 0 
 0 
 0 
 0 
 0 
 0 
 0 
 0 
 0 
 0 
 0 
 0 
 0 
 0 
 0 
 0 
 0 
 0 
 0 
 0 
 0 
 0 
 0 
 0 
 0 
 0 
 0 
 0 
 0 
 0 
 0 
 0 
 0 
 0 
 0 
 0 
 0 
 0 
 0 
 0 
 0 
 0 
 0 
 0 
 0 
 0 
 0 
 0 
 0 
 0 
 0 
 0 
 0 
 0 
 0 
 0 
 0 
 0 
 0 
 0 
 0 
 0 
 0 
 0 
 0 
 0 
 0 
 0 
 0 
 0 
 0 
 0 
 0 
 0 
 0 
 0 
 0 
 0 
 0 
 0 
 0 
 0 
 0 
 0 
 0 
 0 
 0 
 0 
 0 
 0 
 0 
 0 
 0 
 0 
 0 
 0 
 0 
 0 
 0 
 0 
 0 
 0 
 0 
 0 
 0 
 0 
 0 
 0 
 0 
 0 
 0 
 0 
 0 
 0 
 0 
 0 
 0 
 0 
 0 
 0 
 0 
 0 
 0 
 0 
 0 
 0 
 0 
 0 
 0 
 0 
 0 
 0 
 0 
 0 
 0 
 0 
 0 
 0 
 0 
 0 
 0 
 0 
 0 
 0 
 0 
 0 
 0 
 0 
 0 
 0 
 0 
 0 
 0 
 0 
 0 
 0 
 0 
 0 
 0 
 0 
 0 
 0 
 0 
 0 
 0 
 0 
 0 
 0 
 0 
 0 
 0 
 0 
 0 
 0 
 0 
 0 
 0 
 0 
 0 
 0 
 0 
 0 
 0 
 0 
 0 
 0 
 0 
 0 
 0 
 0 
 0 
 0 
 0 
 0 
 0 
 0 
