 0 
 0 
 2 
 0 
 0 
 0 
 0 
 1 
 0 
 0 
 2 
 0 
 1 
 0 
 2 
 0 
 1 
 0 
 1 
 4 
 3 
 5 
 1 
 14 
 13 
 19 
 28 
 38 
 60 
 67 
 104 
 127 
 148 
 178 
 224 
 266 
 282 
 359 
 365 
 415 
 409 
 449 
 477 
 471 
 498 
 539 
 514 
 520 
 504 
 562 
 567 
 551 
 536 
 548 
 549 
 570 
 602 
 564 
 563 
 532 
 561 
 555 
 584 
 595 
 550 
 576 
 561 
 630 
 606 
 638 
 658 
 696 
 715 
 768 
 689 
 742 
 773 
 791 
 764 
 804 
 816 
 799 
 790 
 815 
 836 
 798 
 806 
 791 
 887 
 837 
 797 
 865 
 847 
 846 
 879 
 857 
 858 
 849 
 844 
 769 
 787 
 765 
 781 
 781 
 741 
 720 
 704 
 642 
 663 
 609 
 623 
 617 
 607 
 615 
 580 
 534 
 545 
 511 
 539 
 551 
 532 
 541 
 494 
 491 
 465 
 525 
 517 
 516 
 489 
 525 
 516 
 509 
 563 
 469 
 486 
 528 
 487 
 516 
 489 
 508 
 557 
 523 
 503 
 505 
 485 
 519 
 480 
 532 
 508 
 533 
 504 
 513 
 504 
 478 
 480 
 489 
 468 
 541 
 470 
 499 
 515 
 538 
 521 
 477 
 516 
 462 
 459 
 529 
 546 
 521 
 510 
 499 
 508 
 528 
 503 
 477 
 516 
 555 
 544 
 542 
 480 
 508 
 507 
 531 
 492 
 529 
 491 
 554 
 548 
 564 
 557 
 507 
 557 
 548 
 543 
 554 
 575 
 557 
 574 
 612 
 582 
 566 
 576 
 541 
 568 
 580 
 621 
 561 
 637 
 637 
 621 
 620 
 609 
 630 
 609 
 603 
 598 
 598 
 603 
 649 
 587 
 574 
 556 
 637 
 613 
 596 
 556 
 582 
 601 
 598 
 581 
 644 
 556 
 579 
 596 
 573 
 574 
 587 
 591 
 548 
 586 
 575 
 592 
 601 
 580 
 582 
 593 
 600 
 611 
 593 
 581 
 519 
 586 
 593 
 625 
 560 
 589 
 579 
 553 
 570 
 579 
 617 
 600 
 579 
 548 
 567 
 557 
 595 
 585 
 616 
 569 
 552 
 592 
 624 
 560 
 554 
 554 
 572 
 636 
 573 
 588 
 635 
 558 
 596 
 582 
 518 
 606 
 581 
 531 
 542 
 575 
 551 
 541 
 591 
 544 
 571 
 599 
 568 
 568 
 576 
 581 
 569 
 604 
 543 
 485 
 594 
 571 
 575 
 561 
 584 
 626 
 602 
 557 
 578 
 572 
 563 
 545 
 584 
 557 
 575 
 598 
 576 
 597 
 587 
 630 
 594 
 565 
 603 
 559 
 623 
 593 
 589 
 577 
 564 
 568 
 568 
 572 
 628 
 583 
 669 
 559 
 560 
 601 
 586 
 580 
 586 
 561 
 628 
 605 
 566 
 611 
 572 
 559 
 572 
 584 
 609 
 599 
 599 
 602 
 530 
 529 
 605 
 573 
 599 
 557 
 532 
 569 
 562 
 551 
 519 
 550 
 546 
 521 
 542 
 517 
 581 
 485 
 501 
 537 
 534 
 476 
 496 
 508 
 475 
 497 
 462 
 423 
 450 
 430 
 432 
 442 
 424 
 474 
 404 
 392 
 456 
 417 
 382 
 376 
 411 
 381 
 397 
 412 
 370 
 376 
 369 
 404 
 378 
 403 
 324 
 360 
 382 
 344 
 358 
 398 
 357 
 373 
 368 
 351 
 368 
 357 
 359 
 328 
 342 
 355 
 331 
 367 
 369 
 352 
 359 
 333 
 357 
 343 
 353 
 374 
 348 
 333 
 327 
 364 
 351 
 312 
 310 
 329 
 336 
 324 
 325 
 334 
 317 
 334 
 350 
 333 
 352 
 336 
 331 
 329 
 349 
 306 
 324 
 291 
 348 
 357 
 313 
 325 
 324 
 315 
 343 
 306 
 353 
 336 
 335 
 314 
 307 
 325 
 310 
 355 
 344 
 323 
 328 
 320 
 288 
 299 
 348 
 331 
 338 
 321 
 346 
 313 
 336 
 300 
 331 
 331 
 316 
 306 
 350 
 325 
 311 
 312 
 324 
 307 
 333 
 317 
 298 
 285 
 277 
 309 
 313 
 298 
 334 
 315 
 310 
 305 
 311 
 331 
 330 
 330 
 327 
 286 
 314 
 299 
 318 
 288 
 331 
 339 
 318 
 309 
 338 
 315 
 340 
 343 
 352 
 353 
 361 
 351 
 334 
 387 
 425 
 425 
 453 
 454 
 475 
 503 
 513 
 521 
 590 
 655 
 627 
 649 
 727 
 750 
 829 
 862 
 888 
 896 
 1007 
 1008 
 1078 
 1084 
 1256 
 1302 
 1375 
 1426 
 1493 
 1605 
 1715 
 1739 
 1774 
 1888 
 1859 
 2085 
 2075 
 2260 
 2172 
 2221 
 2293 
 2316 
 2460 
 2500 
 2575 
 2473 
 2638 
 2628 
 2547 
 2679 
 2662 
 2570 
 2634 
 2595 
 2545 
 2464 
 2573 
 2424 
 2378 
 2416 
 2332 
 2237 
 2242 
 2179 
 2131 
 2027 
 1890 
 1830 
 1750 
 1686 
 1630 
 1590 
 1490 
 1448 
 1296 
 1284 
 1245 
 1106 
 1107 
 990 
 883 
 817 
 795 
 712 
 729 
 688 
 608 
 565 
 485 
 495 
 459 
 401 
 402 
 343 
 337 
 324 
 294 
 276 
 258 
 234 
 207 
 244 
 220 
 193 
 174 
 171 
 187 
 175 
 155 
 160 
 157 
 135 
 154 
 146 
 129 
 132 
 118 
 133 
 122 
 151 
 125 
 115 
 141 
 130 
 102 
 134 
 124 
 111 
 138 
 117 
 143 
 120 
 120 
 108 
 121 
 150 
 112 
 104 
 112 
 130 
 129 
 140 
 128 
 125 
 109 
 131 
 135 
 124 
 114 
 118 
 117 
 136 
 131 
 130 
 123 
 108 
 114 
 125 
 109 
 115 
 146 
 104 
 105 
 137 
 126 
 133 
 122 
 131 
 138 
 118 
 117 
 108 
 131 
 117 
 139 
 117 
 105 
 141 
 114 
 99 
 121 
 123 
 115 
 122 
 113 
 109 
 111 
 129 
 113 
 110 
 112 
 119 
 135 
 117 
 141 
 118 
 115 
 105 
 133 
 133 
 110 
 113 
 113 
 136 
 143 
 106 
 109 
 121 
 139 
 114 
 125 
 100 
 116 
 117 
 121 
 105 
 120 
 139 
 106 
 118 
 115 
 129 
 113 
 126 
 108 
 109 
 133 
 132 
 118 
 121 
 121 
 106 
 117 
 103 
 130 
 108 
 115 
 112 
 125 
 112 
 121 
 114 
 113 
 119 
 125 
 113 
 121 
 140 
 139 
 114 
 120 
 108 
 124 
 114 
 108 
 103 
 111 
 118 
 114 
 123 
 115 
 118 
 120 
 129 
 101 
 120 
 103 
 124 
 103 
 116 
 109 
 104 
 107 
 123 
 126 
 114 
 112 
 112 
 107 
 113 
 109 
 123 
 118 
 123 
 106 
 99 
 97 
 115 
 114 
 109 
 109 
 93 
 97 
 122 
 117 
 116 
 117 
 107 
 124 
 112 
 109 
 114 
 138 
 102 
 140 
 113 
 109 
 98 
 115 
 116 
 123 
 123 
 124 
 110 
 92 
 124 
 115 
 125 
 138 
 106 
 127 
 135 
 121 
 120 
 108 
 117 
 98 
 119 
 119 
 114 
 119 
 133 
 118 
 106 
 121 
 129 
 132 
 122 
 123 
 131 
 91 
 101 
 112 
 126 
 94 
 104 
 137 
 111 
 119 
 116 
 119 
 115 
 106 
 130 
 107 
 134 
 133 
 137 
 129 
 107 
 126 
 84 
 99 
 101 
 108 
 114 
 123 
 130 
 128 
 101 
 117 
 136 
 102 
 121 
 114 
 128 
 127 
 98 
 111 
 98 
 125 
 112 
 116 
 122 
 114 
 99 
 108 
 135 
 126 
 101 
 119 
 113 
 125 
 111 
 127 
 103 
 109 
 126 
 107 
 126 
 121 
 127 
 114 
 122 
 112 
 113 
 110 
 103 
 121 
 113 
 118 
 117 
 96 
 131 
 109 
 115 
 124 
 108 
 130 
 87 
 118 
 99 
 104 
 128 
 118 
 124 
 120 
 104 
 104 
 115 
 109 
 118 
 128 
 116 
 140 
 100 
 109 
 129 
 130 
 106 
 101 
 125 
 137 
 120 
 124 
 125 
 115 
 112 
 110 
 129 
 129 
 135 
 123 
 128 
 122 
 112 
 127 
 128 
 112 
 136 
 122 
 126 
 135 
 130 
 120 
 133 
 123 
 113 
 125 
 131 
 108 
 125 
 100 
 118 
 128 
 103 
 118 
 131 
 124 
 137 
 102 
 141 
 104 
 132 
 119 
 121 
 122 
 162 
 129 
 126 
 119 
 125 
 141 
 122 
 120 
 123 
 131 
 138 
 132 
 123 
 112 
 132 
 114 
 116 
 126 
 149 
 115 
 124 
 123 
 131 
 130 
 113 
 136 
 134 
 142 
 164 
 144 
 138 
 104 
 132 
 134 
 147 
 141 
 110 
 144 
 135 
 132 
 136 
 154 
 111 
 113 
 136 
 145 
 123 
 135 
 140 
 130 
 122 
 128 
 111 
 156 
 148 
 126 
 112 
 129 
 135 
 137 
 120 
 125 
 131 
 148 
 144 
 133 
 137 
 129 
 140 
 147 
 112 
 147 
 125 
 134 
 143 
 163 
 118 
 143 
 136 
 134 
 143 
 145 
 141 
 134 
 139 
 146 
 137 
 114 
 153 
 142 
 162 
 141 
 142 
 136 
 134 
 154 
 133 
 148 
 122 
 148 
 133 
 119 
 119 
 124 
 116 
 145 
 153 
 126 
 141 
 138 
 136 
 121 
 129 
 136 
 111 
 115 
 124 
 135 
 143 
 136 
 129 
 141 
 131 
 106 
 131 
 139 
 114 
 132 
 112 
 120 
 92 
 106 
 118 
 115 
 88 
 115 
 88 
 91 
 94 
 109 
 81 
 82 
 95 
 84 
 112 
 92 
 85 
 89 
 87 
 92 
 79 
 80 
 80 
 94 
 86 
 77 
 73 
 83 
 75 
 76 
 76 
 63 
 103 
 64 
 72 
 71 
 73 
 72 
 74 
 57 
 64 
 70 
 65 
 63 
 52 
 76 
 69 
 62 
 53 
 50 
 57 
 69 
 62 
 50 
 47 
 53 
 54 
 51 
 61 
 47 
 68 
 59 
 55 
 62 
 54 
 54 
 57 
 49 
 54 
 39 
 38 
 39 
 35 
 48 
 44 
 44 
 44 
 42 
 58 
 33 
 42 
 32 
 43 
 44 
 46 
 42 
 44 
 43 
 41 
 35 
 38 
 39 
 28 
 23 
 32 
 34 
 36 
 35 
 41 
 39 
 24 
 27 
 31 
 33 
 23 
 33 
 32 
 44 
 34 
 31 
 31 
 25 
 36 
 35 
 30 
 23 
 34 
 35 
 24 
 28 
 33 
 29 
 27 
 20 
 36 
 25 
 34 
 31 
 35 
 28 
 25 
 28 
 24 
 20 
 25 
 24 
 26 
 19 
 32 
 22 
 26 
 22 
 29 
 35 
 31 
 24 
 25 
 27 
 26 
 31 
 23 
 28 
 16 
 22 
 27 
 23 
 19 
 20 
 23 
 35 
 30 
 30 
 35 
 26 
 20 
 23 
 27 
 25 
 37 
 30 
 27 
 32 
 27 
 32 
 22 
 32 
 37 
 32 
 32 
 28 
 34 
 25 
 38 
 28 
 32 
 30 
 33 
 33 
 32 
 37 
 37 
 47 
 57 
 37 
 43 
 65 
 73 
 43 
 61 
 62 
 62 
 68 
 65 
 76 
 71 
 81 
 87 
 92 
 100 
 81 
 97 
 111 
 110 
 124 
 117 
 133 
 125 
 133 
 138 
 173 
 179 
 159 
 151 
 155 
 181 
 205 
 222 
 213 
 221 
 238 
 223 
 265 
 276 
 265 
 268 
 276 
 283 
 282 
 293 
 290 
 324 
 338 
 331 
 362 
 349 
 386 
 384 
 378 
 372 
 387 
 411 
 435 
 422 
 379 
 410 
 417 
 387 
 416 
 458 
 449 
 421 
 423 
 401 
 399 
 455 
 449 
 426 
 415 
 444 
 455 
 410 
 420 
 445 
 446 
 412 
 417 
 392 
 395 
 434 
 387 
 384 
 380 
 376 
 375 
 354 
 406 
 350 
 352 
 352 
 360 
 321 
 333 
 356 
 302 
 320 
 276 
 291 
 280 
 259 
 272 
 278 
 259 
 248 
 242 
 245 
 245 
 232 
 220 
 185 
 180 
 184 
 154 
 164 
 148 
 191 
 143 
 163 
 142 
 125 
 136 
 126 
 117 
 135 
 116 
 120 
 96 
 92 
 89 
 98 
 85 
 79 
 81 
 68 
 68 
 59 
 55 
 72 
 71 
 50 
 55 
 55 
 55 
 36 
 55 
 53 
 30 
 38 
 36 
 25 
 31 
 32 
 25 
 30 
 32 
 31 
 26 
 21 
 16 
 29 
 22 
 20 
 16 
 27 
 31 
 30 
 19 
 13 
 20 
 21 
 17 
 13 
 16 
 18 
 14 
 16 
 21 
 11 
 21 
 6 
 12 
 14 
 13 
 13 
 13 
 8 
 8 
 9 
 11 
 21 
 15 
 16 
 16 
 8 
 14 
 12 
 10 
 12 
 8 
 9 
 12 
 9 
 11 
 14 
 11 
 12 
 7 
 15 
 12 
 9 
 7 
 7 
 10 
 10 
 10 
 7 
 7 
 10 
 13 
 14 
 11 
 6 
 5 
 7 
 9 
 5 
 7 
 9 
 15 
 12 
 11 
 9 
 6 
 16 
 7 
 10 
 10 
 13 
 12 
 12 
 13 
 13 
 12 
 10 
 8 
 9 
 10 
 9 
 16 
 10 
 14 
 9 
 10 
 5 
 11 
 8 
 11 
 6 
 14 
 10 
 12 
 11 
 25 
 15 
 7 
 8 
 11 
 14 
 9 
 7 
 10 
 10 
 13 
 16 
 7 
 8 
 16 
 11 
 13 
 4 
 10 
 16 
 8 
 11 
 12 
 18 
 9 
 11 
 6 
 15 
 8 
 18 
 9 
 11 
 15 
 9 
 10 
 9 
 15 
 10 
 5 
 14 
 10 
 12 
 11 
 11 
 9 
 5 
 13 
 5 
 14 
 11 
 11 
 8 
 10 
 12 
 7 
 8 
 3 
 11 
 6 
 8 
 7 
 19 
 7 
 11 
 8 
 11 
 15 
 12 
 12 
 7 
 10 
 9 
 12 
 10 
 12 
 11 
 14 
 8 
 9 
 13 
 11 
 18 
 8 
 9 
 13 
 6 
 6 
 7 
 9 
 10 
 9 
 13 
 12 
 11 
 7 
 17 
 6 
 13 
 8 
 6 
 11 
 10 
 10 
 9 
 7 
 3 
 8 
 4 
 6 
 8 
 9 
 4 
 7 
 7 
 8 
 8 
 9 
 9 
 7 
 11 
 6 
 3 
 15 
 14 
 7 
 2 
 10 
 10 
 5 
 12 
 7 
 11 
 5 
 12 
 8 
 7 
 13 
 7 
 7 
 8 
 4 
 7 
 4 
 6 
 6 
 6 
 5 
 8 
 11 
 4 
 5 
 9 
 7 
 3 
 6 
 9 
 7 
 7 
 9 
 7 
 5 
 5 
 7 
 10 
 5 
 9 
 7 
 8 
 3 
 11 
 4 
 4 
 7 
 9 
 11 
 5 
 7 
 4 
 7 
 9 
 6 
 12 
 8 
 4 
 7 
 6 
 3 
 5 
 4 
 5 
 7 
 4 
 5 
 4 
 3 
 2 
 3 
 6 
 6 
 6 
 5 
 1 
 5 
 6 
 6 
 2 
 3 
 9 
 4 
 6 
 9 
 5 
 3 
 4 
 4 
 2 
 7 
 1 
 4 
 3 
 4 
 4 
 0 
 5 
 0 
 2 
 7 
 3 
 3 
 2 
 5 
 2 
 2 
 5 
 5 
 4 
 5 
 5 
 4 
 1 
 4 
 5 
 3 
 2 
 3 
 4 
 4 
 7 
 1 
 1 
 1 
 9 
 6 
 4 
 4 
 3 
 3 
 2 
 5 
 8 
 2 
 1 
 5 
 2 
 4 
 1 
 5 
 0 
 2 
 6 
 2 
 3 
 3 
 1 
 3 
 4 
 2 
 2 
 5 
 1 
 6 
 3 
 6 
 3 
 3 
 7 
 5 
 4 
 2 
 3 
 3 
 4 
 3 
 5 
 4 
 3 
 5 
 3 
 3 
 5 
 2 
 3 
 3 
 3 
 2 
 4 
 2 
 1 
 6 
 6 
 5 
 2 
 3 
 6 
 6 
 3 
 5 
 7 
 3 
 6 
 3 
 5 
 5 
 5 
 10 
 3 
 5 
 5 
 6 
 6 
 4 
 6 
 8 
 4 
 3 
 9 
 5 
 7 
 8 
 10 
 5 
 5 
 6 
 8 
 9 
 9 
 12 
 7 
 11 
 7 
 9 
 7 
 12 
 11 
 11 
 6 
 9 
 11 
 13 
 11 
 9 
 10 
 9 
 17 
 8 
 11 
 17 
 9 
 12 
 11 
 10 
 10 
 13 
 12 
 12 
 17 
 15 
 17 
 19 
 8 
 16 
 15 
 6 
 18 
 11 
 11 
 11 
 11 
 11 
 14 
 17 
 8 
 13 
 12 
 14 
 12 
 17 
 13 
 13 
 19 
 14 
 5 
 12 
 15 
 12 
 16 
 16 
 9 
 11 
 17 
 11 
 6 
 18 
 14 
 13 
 8 
 6 
 8 
 9 
 8 
 12 
 9 
 9 
 5 
 11 
 10 
 10 
 20 
 14 
 11 
 10 
 9 
 7 
 6 
 8 
 7 
 8 
 5 
 5 
 9 
 5 
 1 
 3 
 1 
 5 
 5 
 5 
 6 
 4 
 6 
 7 
 6 
 4 
 4 
 4 
 3 
 2 
 1 
 1 
 2 
 4 
 1 
 0 
 2 
 2 
 6 
 1 
 0 
 4 
 1 
 3 
 0 
 1 
 0 
 2 
 1 
 0 
 2 
 1 
 2 
 0 
 0 
 2 
 1 
 0 
 0 
 1 
 0 
 1 
 0 
 0 
 0 
 2 
 0 
 0 
 0 
 0 
 1 
 0 
 1 
 1 
 0 
 0 
 1 
 0 
 1 
 1 
 0 
 0 
 1 
 0 
 1 
 1 
 1 
 0 
 0 
 0 
 0 
 0 
 0 
 0 
 0 
 1 
 1 
 0 
 0 
 0 
 0 
 0 
 0 
 0 
 0 
 0 
 0 
 0 
 0 
 0 
 0 
 0 
 1 
 0 
 0 
 0 
 0 
 0 
 0 
 1 
 0 
 0 
 0 
 0 
 0 
 0 
 0 
 0 
 0 
 0 
 0 
 0 
 1 
 0 
 1 
 0 
 0 
 0 
 0 
 0 
 0 
 1 
 1 
 0 
 0 
 1 
 1 
 0 
 0 
 0 
 1 
 0 
 0 
 0 
 0 
 0 
 1 
 0 
 1 
 0 
 1 
 1 
 0 
 0 
 1 
 0 
 0 
 0 
 0 
 0 
 0 
 0 
 0 
 0 
 0 
 0 
 0 
 0 
 1 
 0 
 0 
 1 
 1 
 0 
 0 
 0 
 0 
 0 
 0 
 0 
 0 
 2 
 0 
 0 
 0 
 1 
 1 
 0 
 1 
 0 
 0 
 0 
 1 
 0 
 0 
 1 
 0 
 0 
 0 
 0 
 1 
 1 
 0 
 0 
 0 
 0 
 0 
 0 
 0 
 0 
 0 
 0 
 0 
 0 
 0 
 1 
 0 
 0 
 0 
 0 
 0 
 0 
 0 
 0 
 0 
 0 
 0 
 0 
 0 
 0 
 0 
 0 
 1 
 0 
 0 
 0 
 0 
 0 
 0 
 0 
 0 
 0 
 0 
 0 
 0 
 0 
 0 
 0 
 0 
 0 
 0 
 0 
 1 
 0 
 1 
 0 
 0 
 0 
 0 
 0 
 0 
 0 
 0 
 0 
 0 
 0 
 0 
 0 
 0 
 1 
 0 
 0 
 0 
 0 
 0 
 0 
 0 
 0 
 0 
 0 
 0 
 1 
 0 
 0 
 0 
 0 
 0 
 2 
 0 
 0 
 0 
 0 
 1 
 1 
 0 
 0 
 1 
 1 
 0 
 0 
 0 
 0 
 0 
 0 
 0 
 0 
 0 
 1 
 0 
 0 
 0 
 0 
 1 
 1 
 0 
 0 
 0 
 0 
 0 
 0 
 0 
 1 
 0 
 0 
 0 
 1 
 0 
 0 
 0 
 0 
 0 
 0 
 0 
 0 
 1 
 0 
 0 
 0 
 0 
 0 
 0 
 0 
 0 
 0 
 0 
 0 
 0 
 0 
 0 
 0 
 0 
 0 
 0 
 0 
 0 
 0 
 0 
 0 
 0 
 0 
 1 
 0 
 0 
 0 
 2 
 0 
 0 
 0 
 0 
 0 
 0 
 0 
 0 
 0 
 0 
 0 
 1 
 0 
 0 
 1 
 0 
 1 
 0 
 1 
 1 
 0 
 0 
 0 
 0 
 0 
 0 
 0 
 0 
 0 
 0 
 0 
 0 
 0 
 0 
 0 
 0 
 0 
 0 
 1 
 0 
 0 
 1 
 0 
 1 
 0 
 0 
 0 
 0 
 0 
 0 
 0 
 0 
 0 
 0 
 0 
 0 
 0 
 0 
 0 
 0 
 0 
 0 
 0 
 1 
 1 
 0 
 1 
 0 
 0 
 1 
 0 
 0 
 0 
 0 
 0 
 0 
 0 
 0 
 0 
 0 
 0 
 0 
 0 
 1 
 1 
 0 
 0 
 0 
 0 
 0 
 0 
 0 
 0 
 0 
 1 
 0 
 0 
 0 
 0 
 0 
 0 
 0 
 0 
 1 
 1 
 0 
 0 
 0 
 0 
 1 
 0 
 0 
 0 
 0 
 0 
 0 
 0 
 0 
 0 
 0 
 1 
 0 
 0 
 0 
 1 
 1 
 0 
 1 
 0 
 0 
 0 
 0 
 0 
 0 
 0 
 0 
 0 
 0 
 0 
 0 
 0 
 0 
 0 
 0 
 0 
 0 
 0 
 0 
 0 
 0 
 0 
 2 
 0 
 0 
 0 
 0 
 0 
 0 
 0 
 0 
 0 
 0 
 0 
 0 
 0 
 0 
 0 
 0 
 1 
 0 
 0 
 0 
 0 
 0 
 0 
 0 
 1 
 0 
 0 
 0 
 0 
 0 
 0 
 0 
 0 
 0 
 0 
 0 
 0 
 0 
 0 
 0 
 0 
 0 
 0 
 0 
 0 
 0 
 0 
 2 
 0 
 0 
 0 
 0 
 0 
 1 
 0 
 0 
 0 
 0 
 0 
 0 
 0 
 0 
 1 
 0 
 0 
 1 
 0 
 0 
 0 
 0 
 0 
 0 
 0 
 0 
 0 
 0 
 0 
 0 
 0 
 0 
 0 
 0 
 0 
 0 
 0 
 0 
 0 
 0 
 0 
 0 
 0 
 0 
 0 
 0 
 0 
 0 
 0 
 0 
 0 
 0 
 1 
 0 
 0 
 0 
 0 
 0 
 0 
 0 
 0 
 0 
 0 
 0 
 1 
 0 
 1 
 0 
 0 
 0 
 0 
 0 
 0 
 0 
 0 
 0 
 0 
 0 
 0 
 0 
 0 
 0 
 1 
 0 
 0 
 0 
 0 
 0 
 0 
 0 
 0 
 0 
 0 
 0 
 0 
 0 
 0 
 0 
 0 
 0 
 0 
 0 
 0 
 0 
 0 
 0 
 0 
 0 
 0 
 0 
 0 
 0 
 0 
 0 
 0 
 0 
 0 
 0 
 0 
 0 
 0 
 0 
 0 
 0 
 0 
 0 
 0 
 0 
 0 
 0 
 1 
 0 
 0 
 0 
 0 
 0 
 0 
 0 
 0 
 0 
 0 
 0 
 0 
 0 
 0 
 0 
 0 
 0 
 0 
 0 
 0 
 0 
 0 
 0 
 0 
 0 
 0 
 0 
 0 
 0 
 0 
 0 
 0 
 0 
 0 
 0 
 0 
 0 
 0 
 0 
 0 
 0 
 0 
 0 
 0 
 0 
 0 
 0 
 0 
 0 
 0 
 0 
 0 
 1 
 0 
 1 
 0 
 0 
 0 
 0 
 0 
 0 
 0 
 0 
 0 
 0 
 0 
 0 
 0 
 0 
 0 
 0 
 0 
 0 
 0 
 1 
 0 
 0 
 0 
 1 
 0 
 0 
 0 
 0 
 0 
 0 
 0 
 0 
 0 
 0 
 0 
 0 
 0 
 0 
 0 
 0 
 1 
 0 
 0 
 0 
 0 
 0 
 0 
 0 
 0 
 0 
 0 
 0 
 0 
 0 
 0 
 0 
 0 
 0 
 1 
 0 
 0 
 0 
 0 
 0 
 0 
 0 
 0 
 0 
 0 
 0 
 1 
 0 
 0 
 0 
 0 
 0 
 1 
 0 
 0 
 0 
 0 
 0 
 0 
 0 
 0 
 1 
 0 
 0 
 0 
 1 
 0 
 0 
 0 
 0 
 1 
 0 
 0 
 0 
 0 
 0 
 1 
 0 
 0 
 0 
 0 
 0 
 0 
 0 
 1 
 0 
 0 
 0 
 0 
 0 
 0 
 0 
 1 
 0 
 0 
 0 
 0 
 0 
 0 
 0 
 0 
 0 
 0 
 0 
 0 
 0 
 0 
 0 
 0 
 0 
 0 
 1 
 0 
 0 
 0 
 1 
 0 
 0 
 1 
 0 
 0 
 0 
 0 
 0 
 0 
 0 
 0 
 0 
 0 
 0 
 0 
 0 
 0 
 0 
 0 
 0 
 0 
 0 
 0 
 0 
 0 
 0 
 0 
 0 
 0 
 0 
 0 
 0 
 0 
 0 
 0 
 0 
 0 
 0 
 0 
 0 
 0 
 0 
 0 
 0 
 0 
 0 
 0 
 0 
 0 
 0 
 0 
 0 
 0 
 0 
 0 
 0 
 0 
 0 
 0 
 0 
 0 
 0 
 0 
 0 
 0 
 0 
 0 
 0 
 0 
 0 
 0 
 0 
 0 
 0 
 0 
 0 
 0 
 0 
 0 
 0 
 0 
 0 
 0 
 0 
 0 
 0 
 0 
 0 
 0 
 0 
 0 
 0 
 0 
 0 
 0 
 0 
 0 
 0 
 0 
 0 
 0 
 0 
 0 
 0 
 0 
 0 
 0 
 0 
 0 
 0 
 0 
 0 
 0 
 0 
 0 
 0 
 0 
 1 
 0 
 0 
 0 
 0 
 0 
 0 
 0 
 0 
 1 
 0 
 0 
 0 
 0 
 0 
 0 
 0 
 0 
 0 
 0 
 0 
 0 
 0 
 0 
 0 
 0 
 0 
 0 
 0 
 0 
 0 
 0 
 0 
 0 
 0 
 0 
 0 
 0 
 0 
 0 
 0 
 0 
 0 
 0 
 0 
 0 
 0 
 0 
 0 
 0 
 0 
 0 
 0 
 0 
 0 
 0 
 0 
 0 
 0 
 0 
 0 
 0 
 0 
 0 
 0 
 0 
 0 
 0 
 0 
 0 
 0 
 0 
 0 
 0 
 0 
 0 
 0 
 0 
 0 
 0 
 0 
 0 
 0 
 0 
 0 
 0 
 0 
 0 
 0 
 0 
 0 
 0 
 0 
 0 
 0 
 0 
 0 
 0 
 0 
 0 
 0 
 0 
 0 
 0 
 0 
 0 
 0 
 0 
 0 
 0 
 0 
 0 
 0 
 0 
 0 
 0 
 0 
 0 
 0 
 1 
 0 
 0 
 0 
 0 
 0 
 0 
 0 
 0 
 0 
 0 
 0 
 0 
 0 
 0 
 0 
 0 
 0 
 0 
 0 
 0 
 0 
 0 
 0 
 0 
 0 
 0 
 0 
 0 
 0 
 0 
 0 
 0 
 0 
 0 
 0 
 0 
 0 
 0 
 0 
 0 
 0 
 0 
 0 
 0 
 0 
 0 
 0 
 0 
 0 
 0 
 0 
 0 
 0 
 0 
 0 
 0 
 0 
 0 
 0 
 0 
 0 
 0 
 0 
 0 
 0 
 0 
 0 
 0 
 0 
 0 
 0 
 0 
 0 
 0 
 0 
 0 
 0 
 0 
 0 
 0 
 0 
 0 
 0 
 0 
 0 
 0 
 0 
 0 
 0 
 0 
 0 
 0 
 0 
 0 
 0 
 0 
 0 
 0 
 0 
 0 
 0 
 0 
 0 
 0 
 0 
 0 
 0 
 0 
 0 
 0 
 0 
 0 
 0 
 0 
 0 
 0 
 0 
 0 
 0 
 0 
 0 
 0 
 0 
 0 
 1 
 0 
 0 
 0 
 0 
 0 
 0 
 0 
 0 
 0 
 0 
 0 
 0 
 0 
 0 
 0 
 0 
 0 
 0 
 0 
 0 
 0 
 0 
 0 
 0 
 0 
 0 
 0 
 0 
 0 
 0 
 0 
 0 
 0 
 0 
 0 
 0 
 0 
 0 
 0 
 0 
 0 
 0 
 0 
 0 
 0 
 0 
 0 
 0 
 0 
 0 
 0 
 0 
 0 
 0 
 0 
 0 
 0 
 0 
 0 
 0 
 0 
 0 
 0 
 0 
 0 
 0 
 0 
 0 
 0 
 0 
 0 
 0 
 0 
 0 
 0 
 0 
 0 
 0 
 0 
 0 
 0 
 0 
 0 
 0 
 0 
 0 
 0 
 0 
 0 
 0 
 0 
 0 
 0 
 0 
 0 
 0 
 0 
 0 
 0 
 0 
 0 
 0 
 0 
 0 
 0 
 0 
 1 
 0 
 0 
 0 
 0 
 0 
 0 
 0 
 0 
 0 
 0 
 0 
 0 
 0 
 0 
 0 
 0 
 0 
 0 
 0 
 0 
 0 
 0 
 0 
 0 
 0 
 0 
 0 
 0 
 0 
 0 
 0 
 0 
 0 
 0 
 0 
 0 
 0 
 0 
 0 
 0 
 0 
 0 
 0 
 0 
 0 
 0 
 0 
 0 
 0 
 0 
 0 
 0 
 0 
 0 
 0 
 0 
 0 
 0 
 0 
 0 
 0 
 0 
 0 
 0 
 0 
 0 
 0 
 0 
 0 
 0 
 0 
 0 
 0 
 0 
 0 
 0 
 0 
 0 
 0 
 0 
 0 
 0 
 0 
 0 
 0 
 0 
 0 
 0 
 0 
 0 
 0 
 1 
 0 
 0 
 0 
 0 
 0 
 0 
 0 
 0 
 0 
 0 
 0 
 0 
 0 
 0 
 0 
 0 
 0 
 0 
 0 
 0 
 0 
 0 
 0 
 0 
 0 
 0 
 0 
 0 
 0 
 0 
 0 
 0 
 0 
 0 
 0 
 0 
 0 
 0 
 1 
 0 
 0 
 0 
 0 
 0 
 0 
 0 
 0 
 0 
 0 
 0 
 0 
 0 
 0 
 0 
 0 
 0 
 0 
 0 
 0 
 0 
 0 
 0 
 0 
 0 
 0 
 0 
 0 
 0 
 0 
 0 
 0 
 0 
 0 
 0 
 0 
 0 
 0 
 0 
 0 
 0 
 0 
 0 
 0 
 0 
 0 
 0 
 0 
 0 
 0 
 0 
 0 
 0 
 0 
 0 
 0 
 0 
 0 
 0 
 0 
 0 
 0 
 0 
 0 
 0 
 0 
 0 
 0 
 0 
 0 
 0 
 0 
 0 
 0 
 0 
 0 
 0 
 0 
 0 
 0 
 0 
 0 
 0 
 0 
 0 
 0 
 0 
 0 
 0 
 0 
 0 
 0 
 0 
 0 
 0 
 0 
 0 
 0 
 0 
 0 
 0 
 0 
 0 
 0 
 0 
 0 
 0 
 0 
 0 
 0 
 0 
 0 
 0 
 0 
 0 
 0 
 0 
 0 
 0 
 0 
 0 
 0 
 0 
 0 
 0 
 0 
 0 
 0 
 0 
 0 
 0 
 0 
 0 
 0 
 0 
 0 
 0 
 0 
 0 
 0 
 0 
 0 
 0 
 0 
 0 
 0 
 0 
 0 
 0 
 0 
 0 
 0 
 0 
 0 
 0 
 0 
 0 
 0 
 0 
 0 
 0 
 0 
 0 
 0 
 0 
 0 
 0 
 0 
 0 
 0 
 0 
 0 
 0 
 0 
 0 
 0 
 0 
 0 
 0 
 0 
 0 
 0 
 0 
 0 
 0 
 0 
 0 
 0 
 0 
 0 
 0 
 0 
 0 
 0 
 0 
 0 
 0 
 0 
 0 
 0 
 0 
 0 
 0 
 0 
 0 
 0 
 0 
 0 
 0 
 0 
 0 
 0 
 0 
 0 
 0 
 0 
 0 
 0 
 0 
 0 
 0 
 0 
 0 
 0 
 0 
 0 
 0 
 0 
 0 
 0 
 0 
 0 
 0 
 0 
 0 
 0 
 0 
 0 
 0 
 0 
 0 
 0 
 0 
 0 
 0 
 0 
 0 
 0 
 0 
 0 
 0 
 0 
 0 
 0 
 0 
 0 
 0 
 0 
 0 
 0 
 0 
 0 
 0 
 0 
 0 
 0 
 0 
 0 
 0 
 0 
 0 
 0 
 0 
 0 
 0 
 0 
 0 
 0 
 0 
 0 
 0 
 0 
 0 
 0 
 0 
 0 
 0 
 0 
 0 
 0 
 0 
 0 
 0 
 0 
 0 
 0 
 0 
 0 
 0 
 0 
 0 
 0 
 0 
 0 
 0 
 0 
 0 
 0 
 0 
 0 
 0 
 0 
 0 
 0 
 0 
 0 
 0 
 0 
 0 
 0 
 0 
 0 
 0 
 0 
 0 
 0 
 0 
 0 
 0 
 0 
 0 
 0 
 0 
 0 
 0 
 0 
 0 
 0 
 0 
 0 
 0 
 0 
 0 
 0 
 0 
 0 
 0 
 0 
 0 
 0 
 0 
 0 
 0 
 0 
 0 
 0 
 0 
 0 
 0 
 0 
 0 
 0 
 0 
 0 
 0 
 0 
 0 
 0 
 0 
 0 
 0 
 0 
 0 
 0 
 0 
 0 
 0 
 0 
 0 
 0 
 0 
 0 
 0 
 0 
 0 
 0 
 0 
 0 
 0 
 0 
 0 
 0 
 0 
 0 
 0 
 0 
 0 
 0 
 0 
 0 
 0 
 0 
 0 
 0 
 0 
 0 
 0 
 0 
 0 
 0 
 0 
 0 
 0 
 0 
 1 
 0 
 0 
 0 
 0 
 0 
 0 
 0 
 0 
 0 
 0 
 0 
 0 
 0 
 0 
 0 
 0 
 0 
 0 
 0 
 0 
 0 
 0 
 0 
 0 
 0 
 0 
 0 
 0 
 0 
 0 
 0 
 0 
 0 
 0 
 0 
 0 
 0 
 0 
 0 
 0 
 0 
 0 
 0 
 0 
 0 
 0 
 0 
 0 
 0 
 0 
 0 
 0 
 0 
 0 
 0 
 0 
 0 
 0 
 0 
 0 
 0 
 0 
 0 
 0 
 0 
 0 
 0 
 0 
 0 
 0 
 0 
 0 
 0 
 0 
 0 
 0 
 0 
 0 
 0 
 0 
 0 
 0 
 0 
 0 
 0 
 0 
 0 
 0 
 0 
 0 
 0 
 0 
 0 
 0 
 0 
 0 
 0 
 0 
 0 
 0 
 0 
 0 
 0 
 0 
 0 
 0 
 0 
 0 
 0 
 0 
 0 
 0 
 0 
 0 
 0 
 0 
 0 
 0 
 0 
 0 
 0 
 0 
 0 
 0 
 0 
 0 
 0 
 0 
 0 
 0 
 0 
 0 
 0 
 0 
 0 
 0 
 0 
 0 
 0 
 0 
 0 
 0 
