 0 
 0 
 0 
 0 
 0 
 0 
 0 
 1 
 0 
 2 
 1 
 0 
 0 
 1 
 0 
 0 
 1 
 1 
 3 
 1 
 1 
 2 
 2 
 4 
 15 
 14 
 15 
 34 
 45 
 64 
 99 
 116 
 152 
 176 
 206 
 249 
 272 
 288 
 321 
 398 
 390 
 431 
 435 
 456 
 445 
 461 
 437 
 485 
 446 
 461 
 513 
 470 
 494 
 493 
 468 
 504 
 501 
 532 
 544 
 533 
 476 
 534 
 525 
 538 
 514 
 545 
 526 
 565 
 582 
 601 
 615 
 632 
 623 
 674 
 676 
 686 
 636 
 703 
 652 
 735 
 702 
 728 
 759 
 732 
 737 
 699 
 715 
 789 
 741 
 732 
 750 
 809 
 791 
 787 
 795 
 755 
 740 
 795 
 848 
 773 
 743 
 735 
 691 
 669 
 665 
 626 
 558 
 583 
 609 
 579 
 620 
 618 
 557 
 537 
 573 
 510 
 506 
 510 
 511 
 473 
 516 
 473 
 489 
 482 
 488 
 448 
 455 
 503 
 442 
 471 
 468 
 483 
 447 
 471 
 474 
 444 
 462 
 485 
 479 
 434 
 455 
 438 
 468 
 445 
 473 
 463 
 451 
 471 
 496 
 499 
 474 
 459 
 470 
 473 
 467 
 462 
 459 
 445 
 483 
 458 
 477 
 462 
 508 
 430 
 519 
 443 
 422 
 467 
 468 
 420 
 444 
 518 
 451 
 456 
 486 
 492 
 476 
 496 
 481 
 467 
 495 
 448 
 483 
 462 
 450 
 516 
 479 
 501 
 428 
 531 
 486 
 491 
 496 
 514 
 532 
 542 
 546 
 530 
 547 
 492 
 532 
 544 
 568 
 544 
 598 
 550 
 560 
 517 
 592 
 574 
 565 
 613 
 522 
 560 
 537 
 614 
 546 
 547 
 563 
 518 
 576 
 537 
 558 
 528 
 553 
 572 
 573 
 531 
 560 
 526 
 528 
 571 
 562 
 501 
 516 
 525 
 530 
 501 
 479 
 539 
 543 
 484 
 497 
 539 
 563 
 490 
 525 
 473 
 579 
 533 
 548 
 526 
 555 
 490 
 530 
 571 
 594 
 544 
 539 
 543 
 504 
 534 
 532 
 480 
 491 
 539 
 553 
 521 
 518 
 543 
 535 
 501 
 562 
 551 
 520 
 543 
 539 
 527 
 559 
 535 
 521 
 513 
 509 
 515 
 550 
 514 
 468 
 555 
 548 
 533 
 549 
 503 
 524 
 504 
 476 
 547 
 552 
 493 
 533 
 523 
 530 
 489 
 506 
 495 
 503 
 485 
 548 
 505 
 522 
 516 
 513 
 478 
 490 
 525 
 462 
 519 
 541 
 509 
 459 
 511 
 489 
 503 
 490 
 521 
 543 
 495 
 512 
 511 
 508 
 528 
 501 
 518 
 505 
 572 
 504 
 542 
 518 
 524 
 507 
 536 
 500 
 565 
 529 
 531 
 525 
 556 
 531 
 558 
 547 
 486 
 544 
 505 
 545 
 569 
 548 
 571 
 565 
 535 
 498 
 525 
 507 
 463 
 497 
 529 
 544 
 525 
 533 
 539 
 510 
 499 
 472 
 483 
 479 
 462 
 464 
 478 
 480 
 453 
 443 
 463 
 453 
 457 
 406 
 446 
 426 
 375 
 405 
 415 
 434 
 393 
 378 
 385 
 411 
 412 
 387 
 405 
 400 
 360 
 374 
 376 
 349 
 375 
 379 
 407 
 367 
 371 
 382 
 391 
 365 
 328 
 367 
 350 
 383 
 351 
 344 
 346 
 350 
 350 
 353 
 323 
 345 
 334 
 350 
 344 
 304 
 306 
 361 
 330 
 327 
 309 
 306 
 323 
 352 
 334 
 330 
 328 
 351 
 323 
 298 
 343 
 313 
 340 
 314 
 360 
 329 
 331 
 314 
 307 
 322 
 357 
 284 
 324 
 308 
 300 
 326 
 307 
 340 
 305 
 315 
 316 
 323 
 339 
 308 
 320 
 301 
 305 
 307 
 296 
 309 
 307 
 299 
 308 
 290 
 327 
 317 
 327 
 309 
 310 
 307 
 347 
 311 
 303 
 290 
 322 
 321 
 311 
 310 
 313 
 310 
 285 
 353 
 312 
 308 
 310 
 316 
 300 
 320 
 270 
 323 
 300 
 320 
 394 
 272 
 321 
 313 
 323 
 309 
 325 
 311 
 284 
 312 
 313 
 320 
 302 
 299 
 272 
 311 
 316 
 317 
 315 
 285 
 317 
 317 
 325 
 345 
 361 
 310 
 326 
 306 
 362 
 348 
 354 
 333 
 360 
 401 
 390 
 357 
 379 
 444 
 485 
 440 
 456 
 506 
 514 
 529 
 576 
 657 
 676 
 688 
 744 
 745 
 857 
 844 
 866 
 992 
 1031 
 1082 
 1154 
 1189 
 1196 
 1345 
 1423 
 1419 
 1502 
 1483 
 1640 
 1644 
 1634 
 1792 
 1915 
 1892 
 1898 
 1928 
 2035 
 2134 
 2160 
 2201 
 2184 
 2320 
 2338 
 2266 
 2218 
 2317 
 2409 
 2336 
 2295 
 2273 
 2232 
 2254 
 2312 
 2135 
 2173 
 2150 
 2075 
 1963 
 1865 
 1938 
 1798 
 1658 
 1661 
 1635 
 1645 
 1560 
 1415 
 1388 
 1241 
 1281 
 1109 
 1047 
 1127 
 983 
 994 
 790 
 782 
 731 
 728 
 665 
 632 
 587 
 537 
 516 
 447 
 417 
 413 
 388 
 342 
 329 
 319 
 250 
 264 
 246 
 242 
 214 
 234 
 201 
 182 
 189 
 193 
 192 
 152 
 146 
 167 
 140 
 145 
 146 
 124 
 137 
 140 
 121 
 110 
 107 
 111 
 124 
 144 
 123 
 118 
 119 
 92 
 112 
 126 
 131 
 115 
 116 
 113 
 132 
 134 
 146 
 106 
 127 
 127 
 125 
 133 
 136 
 129 
 124 
 137 
 105 
 105 
 122 
 118 
 124 
 136 
 120 
 123 
 132 
 130 
 103 
 119 
 101 
 110 
 118 
 140 
 151 
 99 
 102 
 106 
 134 
 128 
 112 
 116 
 128 
 122 
 122 
 106 
 120 
 104 
 85 
 113 
 113 
 103 
 94 
 125 
 111 
 126 
 131 
 136 
 131 
 102 
 110 
 116 
 109 
 120 
 123 
 122 
 95 
 119 
 102 
 127 
 103 
 122 
 132 
 125 
 111 
 130 
 114 
 101 
 105 
 110 
 109 
 93 
 98 
 115 
 123 
 119 
 131 
 115 
 101 
 105 
 132 
 118 
 118 
 119 
 105 
 106 
 112 
 126 
 110 
 128 
 104 
 105 
 127 
 101 
 137 
 123 
 108 
 97 
 110 
 127 
 120 
 107 
 106 
 106 
 119 
 103 
 124 
 111 
 107 
 108 
 99 
 114 
 117 
 98 
 102 
 115 
 113 
 113 
 106 
 110 
 105 
 112 
 108 
 122 
 136 
 93 
 103 
 102 
 98 
 107 
 133 
 116 
 109 
 103 
 114 
 111 
 107 
 113 
 100 
 111 
 118 
 108 
 105 
 102 
 117 
 115 
 111 
 129 
 109 
 116 
 117 
 122 
 97 
 114 
 115 
 114 
 126 
 90 
 122 
 111 
 119 
 101 
 100 
 127 
 113 
 123 
 107 
 108 
 109 
 131 
 101 
 122 
 93 
 97 
 117 
 104 
 106 
 122 
 119 
 116 
 106 
 114 
 111 
 102 
 118 
 117 
 124 
 94 
 102 
 102 
 106 
 122 
 131 
 124 
 120 
 107 
 138 
 105 
 112 
 154 
 105 
 117 
 127 
 113 
 122 
 106 
 107 
 122 
 115 
 117 
 123 
 113 
 114 
 115 
 121 
 105 
 98 
 124 
 108 
 116 
 106 
 109 
 107 
 116 
 106 
 116 
 105 
 139 
 112 
 109 
 121 
 101 
 92 
 112 
 115 
 101 
 101 
 119 
 98 
 109 
 97 
 107 
 93 
 121 
 130 
 112 
 125 
 107 
 117 
 104 
 113 
 111 
 122 
 110 
 111 
 117 
 128 
 97 
 116 
 114 
 111 
 135 
 110 
 112 
 81 
 126 
 135 
 89 
 123 
 95 
 114 
 106 
 104 
 114 
 120 
 106 
 122 
 107 
 99 
 108 
 116 
 120 
 117 
 125 
 105 
 107 
 134 
 115 
 111 
 110 
 104 
 126 
 127 
 107 
 106 
 106 
 112 
 130 
 111 
 112 
 115 
 111 
 117 
 123 
 127 
 117 
 119 
 101 
 122 
 120 
 140 
 118 
 125 
 110 
 95 
 119 
 114 
 101 
 89 
 112 
 111 
 118 
 122 
 123 
 120 
 141 
 116 
 110 
 115 
 121 
 109 
 105 
 109 
 101 
 136 
 134 
 130 
 112 
 99 
 118 
 125 
 119 
 127 
 140 
 107 
 126 
 124 
 111 
 127 
 106 
 140 
 135 
 128 
 123 
 123 
 108 
 107 
 130 
 114 
 103 
 117 
 111 
 122 
 115 
 115 
 131 
 114 
 131 
 101 
 107 
 120 
 131 
 113 
 129 
 115 
 130 
 119 
 122 
 129 
 131 
 147 
 121 
 152 
 138 
 101 
 121 
 137 
 142 
 129 
 131 
 129 
 105 
 124 
 136 
 150 
 132 
 143 
 129 
 142 
 123 
 125 
 121 
 140 
 141 
 129 
 163 
 129 
 126 
 131 
 105 
 132 
 137 
 120 
 147 
 138 
 137 
 125 
 109 
 121 
 139 
 143 
 143 
 135 
 129 
 150 
 110 
 127 
 131 
 116 
 149 
 133 
 146 
 136 
 151 
 143 
 125 
 130 
 124 
 108 
 159 
 129 
 139 
 132 
 137 
 148 
 133 
 155 
 150 
 150 
 136 
 132 
 128 
 138 
 119 
 135 
 122 
 118 
 147 
 148 
 116 
 122 
 124 
 123 
 114 
 116 
 112 
 133 
 116 
 115 
 116 
 121 
 103 
 115 
 104 
 104 
 116 
 106 
 113 
 98 
 91 
 107 
 105 
 121 
 120 
 115 
 93 
 116 
 86 
 107 
 111 
 73 
 101 
 93 
 103 
 110 
 100 
 79 
 86 
 75 
 98 
 73 
 76 
 83 
 65 
 70 
 68 
 80 
 76 
 92 
 72 
 77 
 74 
 76 
 71 
 79 
 57 
 67 
 60 
 72 
 74 
 78 
 63 
 67 
 40 
 69 
 58 
 52 
 65 
 65 
 48 
 52 
 54 
 49 
 52 
 34 
 48 
 50 
 54 
 56 
 54 
 48 
 50 
 53 
 51 
 48 
 57 
 44 
 51 
 46 
 47 
 42 
 47 
 61 
 46 
 41 
 36 
 45 
 55 
 38 
 45 
 43 
 37 
 43 
 35 
 40 
 33 
 33 
 29 
 31 
 29 
 37 
 39 
 44 
 37 
 36 
 42 
 33 
 38 
 24 
 34 
 40 
 33 
 37 
 29 
 25 
 40 
 35 
 32 
 40 
 25 
 29 
 39 
 34 
 29 
 24 
 23 
 30 
 28 
 28 
 35 
 28 
 31 
 27 
 23 
 29 
 22 
 27 
 30 
 26 
 29 
 29 
 32 
 30 
 34 
 26 
 25 
 34 
 20 
 23 
 22 
 23 
 20 
 31 
 19 
 24 
 30 
 27 
 25 
 19 
 37 
 14 
 25 
 28 
 30 
 21 
 21 
 23 
 30 
 29 
 23 
 19 
 15 
 26 
 24 
 22 
 32 
 23 
 28 
 34 
 36 
 21 
 28 
 30 
 33 
 29 
 25 
 41 
 34 
 27 
 29 
 22 
 30 
 34 
 37 
 31 
 19 
 33 
 38 
 32 
 42 
 41 
 44 
 46 
 35 
 47 
 38 
 56 
 33 
 64 
 50 
 57 
 57 
 52 
 57 
 70 
 75 
 88 
 84 
 90 
 93 
 92 
 92 
 103 
 112 
 131 
 111 
 101 
 124 
 122 
 130 
 131 
 161 
 165 
 164 
 171 
 206 
 184 
 168 
 179 
 190 
 224 
 225 
 203 
 244 
 244 
 275 
 240 
 248 
 292 
 272 
 308 
 266 
 309 
 340 
 321 
 329 
 308 
 345 
 347 
 364 
 334 
 382 
 388 
 386 
 381 
 378 
 352 
 387 
 407 
 382 
 403 
 432 
 387 
 383 
 419 
 438 
 410 
 372 
 407 
 392 
 422 
 422 
 384 
 388 
 407 
 428 
 409 
 392 
 425 
 422 
 392 
 371 
 369 
 355 
 379 
 367 
 352 
 323 
 321 
 349 
 368 
 335 
 368 
 328 
 301 
 335 
 259 
 281 
 272 
 275 
 233 
 251 
 247 
 223 
 225 
 247 
 205 
 231 
 197 
 205 
 194 
 185 
 186 
 156 
 154 
 167 
 157 
 134 
 165 
 130 
 129 
 121 
 110 
 114 
 106 
 113 
 98 
 85 
 90 
 105 
 68 
 70 
 83 
 60 
 72 
 70 
 57 
 68 
 51 
 51 
 55 
 53 
 46 
 38 
 41 
 29 
 49 
 23 
 28 
 44 
 30 
 32 
 28 
 25 
 21 
 32 
 20 
 16 
 25 
 12 
 24 
 14 
 16 
 17 
 24 
 22 
 14 
 17 
 18 
 14 
 11 
 9 
 10 
 12 
 13 
 11 
 11 
 13 
 10 
 13 
 16 
 10 
 11 
 9 
 5 
 11 
 10 
 15 
 11 
 6 
 8 
 14 
 6 
 9 
 10 
 7 
 11 
 6 
 12 
 12 
 15 
 12 
 10 
 11 
 10 
 6 
 7 
 3 
 6 
 6 
 7 
 10 
 7 
 6 
 9 
 8 
 11 
 9 
 10 
 8 
 9 
 8 
 8 
 5 
 4 
 5 
 6 
 12 
 7 
 6 
 12 
 6 
 9 
 8 
 11 
 5 
 12 
 9 
 15 
 8 
 6 
 7 
 9 
 11 
 8 
 3 
 3 
 11 
 8 
 6 
 4 
 9 
 6 
 10 
 7 
 6 
 6 
 16 
 11 
 7 
 7 
 14 
 5 
 9 
 12 
 11 
 11 
 10 
 7 
 6 
 8 
 7 
 11 
 6 
 8 
 11 
 4 
 14 
 4 
 2 
 6 
 8 
 4 
 8 
 7 
 5 
 6 
 9 
 12 
 7 
 11 
 12 
 9 
 10 
 11 
 11 
 11 
 14 
 7 
 9 
 11 
 13 
 9 
 16 
 12 
 8 
 9 
 11 
 9 
 9 
 6 
 7 
 12 
 12 
 9 
 13 
 5 
 12 
 6 
 8 
 10 
 4 
 10 
 3 
 5 
 4 
 8 
 5 
 9 
 6 
 8 
 11 
 8 
 7 
 11 
 5 
 9 
 13 
 3 
 9 
 6 
 6 
 8 
 9 
 9 
 4 
 6 
 5 
 7 
 9 
 7 
 15 
 6 
 11 
 9 
 9 
 6 
 5 
 9 
 11 
 11 
 7 
 14 
 9 
 6 
 6 
 5 
 11 
 8 
 10 
 7 
 7 
 7 
 5 
 3 
 11 
 7 
 4 
 4 
 5 
 10 
 9 
 10 
 10 
 7 
 3 
 8 
 8 
 6 
 11 
 12 
 10 
 12 
 11 
 6 
 4 
 6 
 3 
 4 
 8 
 6 
 5 
 8 
 4 
 4 
 7 
 7 
 6 
 7 
 4 
 6 
 9 
 9 
 9 
 3 
 6 
 5 
 4 
 6 
 4 
 7 
 5 
 8 
 5 
 9 
 9 
 5 
 5 
 4 
 5 
 3 
 7 
 3 
 7 
 6 
 8 
 8 
 2 
 1 
 4 
 8 
 3 
 4 
 2 
 3 
 1 
 5 
 9 
 2 
 1 
 3 
 3 
 7 
 4 
 3 
 4 
 3 
 5 
 4 
 4 
 7 
 5 
 2 
 5 
 5 
 6 
 2 
 6 
 6 
 3 
 5 
 5 
 7 
 7 
 4 
 3 
 2 
 5 
 5 
 5 
 7 
 3 
 5 
 4 
 4 
 2 
 7 
 5 
 3 
 3 
 3 
 2 
 3 
 4 
 2 
 6 
 4 
 0 
 1 
 0 
 1 
 2 
 2 
 2 
 3 
 4 
 0 
 2 
 3 
 2 
 1 
 5 
 2 
 2 
 2 
 4 
 0 
 1 
 9 
 2 
 4 
 3 
 4 
 4 
 5 
 5 
 3 
 1 
 2 
 4 
 3 
 3 
 3 
 1 
 2 
 1 
 1 
 0 
 1 
 5 
 2 
 7 
 2 
 1 
 3 
 3 
 3 
 3 
 4 
 2 
 1 
 1 
 2 
 2 
 5 
 2 
 0 
 2 
 3 
 2 
 2 
 2 
 6 
 7 
 6 
 6 
 2 
 3 
 2 
 4 
 3 
 3 
 6 
 5 
 4 
 3 
 2 
 4 
 4 
 5 
 6 
 3 
 4 
 2 
 1 
 3 
 5 
 3 
 3 
 8 
 5 
 3 
 3 
 12 
 6 
 4 
 8 
 6 
 8 
 7 
 6 
 9 
 11 
 7 
 10 
 4 
 5 
 10 
 4 
 7 
 5 
 7 
 4 
 6 
 6 
 8 
 8 
 4 
 10 
 4 
 10 
 11 
 11 
 13 
 9 
 12 
 10 
 11 
 6 
 9 
 9 
 11 
 11 
 14 
 11 
 13 
 16 
 9 
 8 
 17 
 11 
 5 
 8 
 10 
 11 
 14 
 16 
 8 
 16 
 10 
 13 
 12 
 17 
 11 
 8 
 8 
 8 
 16 
 10 
 9 
 8 
 6 
 9 
 5 
 14 
 8 
 7 
 7 
 13 
 10 
 11 
 4 
 15 
 14 
 8 
 8 
 10 
 10 
 9 
 9 
 13 
 7 
 12 
 5 
 7 
 6 
 4 
 7 
 12 
 8 
 11 
 5 
 10 
 4 
 5 
 1 
 6 
 2 
 5 
 4 
 6 
 3 
 4 
 2 
 5 
 1 
 3 
 5 
 5 
 1 
 4 
 2 
 1 
 4 
 4 
 1 
 3 
 1 
 8 
 3 
 0 
 2 
 5 
 2 
 1 
 1 
 2 
 1 
 2 
 1 
 2 
 1 
 1 
 2 
 1 
 1 
 2 
 0 
 0 
 1 
 0 
 1 
 0 
 1 
 0 
 1 
 0 
 1 
 2 
 1 
 1 
 1 
 0 
 0 
 2 
 0 
 0 
 1 
 1 
 0 
 0 
 0 
 0 
 1 
 0 
 0 
 0 
 1 
 1 
 0 
 0 
 1 
 0 
 0 
 0 
 0 
 0 
 0 
 0 
 0 
 0 
 0 
 1 
 0 
 0 
 0 
 0 
 0 
 0 
 0 
 1 
 0 
 0 
 2 
 0 
 1 
 0 
 0 
 0 
 0 
 0 
 0 
 0 
 0 
 1 
 0 
 0 
 1 
 0 
 0 
 0 
 0 
 0 
 1 
 0 
 0 
 1 
 0 
 0 
 0 
 1 
 0 
 0 
 0 
 0 
 1 
 0 
 0 
 0 
 0 
 0 
 0 
 1 
 0 
 0 
 0 
 0 
 0 
 0 
 0 
 0 
 0 
 0 
 0 
 0 
 0 
 0 
 0 
 0 
 1 
 0 
 0 
 1 
 0 
 0 
 0 
 1 
 0 
 0 
 0 
 0 
 0 
 0 
 0 
 0 
 0 
 1 
 1 
 0 
 0 
 2 
 0 
 0 
 0 
 0 
 0 
 0 
 0 
 0 
 0 
 0 
 0 
 0 
 0 
 0 
 0 
 1 
 0 
 0 
 0 
 0 
 0 
 0 
 1 
 1 
 1 
 0 
 0 
 0 
 0 
 0 
 0 
 0 
 0 
 0 
 0 
 0 
 0 
 0 
 0 
 0 
 0 
 0 
 0 
 0 
 0 
 0 
 0 
 0 
 0 
 0 
 0 
 0 
 0 
 2 
 0 
 0 
 0 
 0 
 0 
 1 
 1 
 0 
 0 
 0 
 1 
 0 
 0 
 0 
 0 
 0 
 0 
 0 
 1 
 0 
 2 
 0 
 0 
 0 
 0 
 1 
 0 
 0 
 0 
 0 
 1 
 1 
 0 
 0 
 0 
 0 
 0 
 1 
 0 
 0 
 0 
 0 
 0 
 0 
 0 
 0 
 0 
 0 
 0 
 0 
 0 
 1 
 0 
 0 
 0 
 2 
 0 
 0 
 0 
 0 
 1 
 0 
 0 
 0 
 0 
 0 
 0 
 2 
 0 
 1 
 0 
 0 
 1 
 0 
 0 
 0 
 0 
 0 
 0 
 0 
 0 
 0 
 0 
 0 
 0 
 0 
 0 
 0 
 0 
 0 
 0 
 0 
 1 
 0 
 1 
 1 
 0 
 0 
 0 
 0 
 0 
 0 
 0 
 0 
 0 
 0 
 0 
 0 
 0 
 0 
 0 
 0 
 0 
 1 
 1 
 0 
 0 
 1 
 0 
 0 
 0 
 0 
 1 
 0 
 0 
 0 
 0 
 0 
 1 
 0 
 0 
 0 
 0 
 0 
 0 
 0 
 0 
 0 
 0 
 1 
 0 
 0 
 0 
 0 
 0 
 1 
 0 
 1 
 0 
 0 
 0 
 0 
 0 
 0 
 0 
 0 
 0 
 0 
 0 
 0 
 0 
 0 
 0 
 0 
 0 
 0 
 0 
 0 
 0 
 0 
 0 
 0 
 0 
 0 
 0 
 0 
 0 
 0 
 0 
 0 
 0 
 0 
 0 
 1 
 0 
 0 
 1 
 1 
 0 
 0 
 1 
 2 
 0 
 0 
 0 
 0 
 0 
 0 
 0 
 0 
 0 
 0 
 0 
 0 
 0 
 0 
 0 
 0 
 0 
 0 
 0 
 0 
 0 
 0 
 1 
 0 
 0 
 0 
 1 
 0 
 0 
 0 
 0 
 0 
 0 
 0 
 0 
 0 
 0 
 0 
 0 
 0 
 0 
 0 
 0 
 0 
 0 
 0 
 0 
 0 
 0 
 0 
 0 
 0 
 0 
 0 
 0 
 0 
 0 
 0 
 0 
 0 
 0 
 0 
 0 
 0 
 0 
 0 
 0 
 1 
 0 
 0 
 0 
 0 
 1 
 1 
 0 
 0 
 0 
 0 
 0 
 0 
 0 
 0 
 0 
 0 
 0 
 0 
 0 
 0 
 0 
 0 
 0 
 0 
 0 
 1 
 0 
 1 
 0 
 0 
 1 
 0 
 0 
 0 
 0 
 0 
 0 
 0 
 0 
 0 
 0 
 1 
 1 
 0 
 0 
 0 
 0 
 0 
 0 
 0 
 0 
 0 
 0 
 0 
 1 
 0 
 0 
 0 
 0 
 0 
 0 
 0 
 0 
 0 
 0 
 0 
 0 
 0 
 0 
 0 
 0 
 0 
 0 
 0 
 0 
 0 
 0 
 0 
 0 
 0 
 0 
 0 
 0 
 0 
 0 
 0 
 0 
 0 
 0 
 0 
 0 
 0 
 0 
 0 
 0 
 0 
 0 
 0 
 0 
 0 
 0 
 0 
 0 
 0 
 0 
 0 
 0 
 0 
 0 
 0 
 0 
 0 
 0 
 0 
 0 
 0 
 0 
 1 
 0 
 0 
 0 
 0 
 0 
 0 
 0 
 0 
 0 
 0 
 0 
 0 
 0 
 0 
 0 
 0 
 0 
 0 
 0 
 0 
 1 
 0 
 0 
 0 
 0 
 0 
 0 
 0 
 0 
 0 
 0 
 0 
 0 
 0 
 0 
 0 
 0 
 0 
 0 
 0 
 0 
 0 
 0 
 0 
 0 
 0 
 0 
 0 
 0 
 0 
 0 
 0 
 0 
 0 
 0 
 0 
 0 
 0 
 0 
 0 
 0 
 0 
 1 
 0 
 0 
 0 
 0 
 0 
 0 
 0 
 0 
 0 
 0 
 0 
 0 
 0 
 0 
 0 
 0 
 0 
 0 
 0 
 0 
 0 
 0 
 0 
 0 
 0 
 0 
 0 
 0 
 0 
 0 
 0 
 0 
 0 
 0 
 0 
 0 
 0 
 0 
 0 
 0 
 0 
 0 
 0 
 0 
 0 
 0 
 0 
 0 
 0 
 0 
 0 
 0 
 0 
 0 
 0 
 0 
 0 
 0 
 0 
 0 
 0 
 0 
 0 
 0 
 0 
 0 
 0 
 0 
 0 
 0 
 0 
 0 
 0 
 0 
 0 
 0 
 0 
 0 
 1 
 0 
 0 
 0 
 0 
 0 
 0 
 0 
 0 
 0 
 1 
 1 
 0 
 0 
 0 
 0 
 0 
 0 
 0 
 0 
 0 
 0 
 0 
 0 
 0 
 0 
 0 
 0 
 0 
 0 
 0 
 0 
 0 
 0 
 0 
 0 
 0 
 0 
 0 
 0 
 0 
 0 
 0 
 0 
 0 
 1 
 0 
 0 
 0 
 0 
 1 
 0 
 0 
 0 
 0 
 0 
 0 
 0 
 0 
 0 
 0 
 0 
 0 
 0 
 1 
 0 
 1 
 0 
 0 
 0 
 0 
 0 
 0 
 0 
 0 
 0 
 0 
 0 
 0 
 0 
 0 
 0 
 0 
 1 
 0 
 0 
 0 
 0 
 0 
 0 
 0 
 0 
 0 
 0 
 0 
 0 
 0 
 0 
 0 
 0 
 0 
 0 
 0 
 1 
 0 
 0 
 0 
 0 
 0 
 0 
 0 
 0 
 0 
 0 
 0 
 0 
 0 
 0 
 0 
 0 
 0 
 0 
 0 
 0 
 0 
 0 
 0 
 0 
 0 
 0 
 0 
 0 
 0 
 0 
 0 
 0 
 0 
 0 
 0 
 0 
 0 
 1 
 0 
 0 
 0 
 0 
 0 
 0 
 0 
 0 
 0 
 0 
 0 
 0 
 0 
 0 
 0 
 0 
 0 
 0 
 0 
 0 
 0 
 0 
 0 
 0 
 0 
 0 
 0 
 0 
 0 
 0 
 0 
 0 
 0 
 0 
 0 
 0 
 0 
 0 
 0 
 0 
 0 
 0 
 0 
 0 
 0 
 0 
 0 
 0 
 0 
 0 
 0 
 0 
 0 
 0 
 0 
 0 
 0 
 0 
 0 
 0 
 0 
 0 
 0 
 0 
 0 
 0 
 0 
 0 
 0 
 0 
 0 
 0 
 0 
 0 
 0 
 0 
 0 
 0 
 0 
 0 
 0 
 0 
 0 
 0 
 0 
 0 
 0 
 0 
 0 
 0 
 0 
 0 
 0 
 0 
 0 
 0 
 0 
 0 
 0 
 0 
 0 
 0 
 0 
 0 
 0 
 0 
 0 
 0 
 0 
 0 
 0 
 0 
 0 
 0 
 0 
 0 
 0 
 0 
 0 
 0 
 0 
 0 
 0 
 0 
 0 
 0 
 0 
 0 
 0 
 0 
 0 
 0 
 0 
 0 
 0 
 0 
 0 
 0 
 0 
 0 
 0 
 0 
 0 
 0 
 0 
 0 
 0 
 0 
 0 
 0 
 0 
 1 
 0 
 0 
 0 
 0 
 0 
 0 
 0 
 0 
 0 
 0 
 0 
 0 
 0 
 0 
 0 
 0 
 0 
 0 
 0 
 0 
 0 
 0 
 0 
 0 
 0 
 0 
 0 
 0 
 0 
 0 
 0 
 0 
 0 
 0 
 0 
 0 
 0 
 0 
 0 
 0 
 0 
 0 
 0 
 0 
 0 
 0 
 0 
 0 
 1 
 0 
 0 
 0 
 0 
 0 
 0 
 0 
 0 
 0 
 0 
 0 
 0 
 0 
 0 
 0 
 0 
 0 
 0 
 0 
 0 
 0 
 0 
 0 
 0 
 0 
 0 
 0 
 0 
 0 
 0 
 0 
 0 
 0 
 0 
 0 
 0 
 0 
 0 
 0 
 0 
 0 
 0 
 0 
 0 
 0 
 0 
 0 
 0 
 0 
 0 
 0 
 0 
 0 
 0 
 0 
 0 
 0 
 0 
 0 
 0 
 0 
 0 
 0 
 0 
 0 
 0 
 0 
 0 
 0 
 0 
 0 
 0 
 0 
 0 
 0 
 0 
 0 
 0 
 0 
 0 
 0 
 0 
 0 
 0 
 0 
 0 
 0 
 0 
 0 
 0 
 0 
 0 
 0 
 0 
 0 
 0 
 0 
 0 
 0 
 0 
 0 
 0 
 0 
 0 
 0 
 0 
 0 
 0 
 0 
 0 
 0 
 0 
 0 
 0 
 0 
 0 
 0 
 0 
 0 
 0 
 0 
 0 
 0 
 0 
 0 
 0 
 0 
 0 
 0 
 0 
 0 
 0 
 0 
 0 
 0 
 0 
 0 
 0 
 0 
 0 
 0 
 0 
 0 
 0 
 0 
 0 
 0 
 0 
 0 
 0 
 0 
 0 
 0 
 0 
 0 
 0 
 0 
 0 
 0 
 0 
 0 
 0 
 0 
 0 
 0 
 0 
 0 
 0 
 0 
 0 
 0 
 0 
 0 
 0 
 0 
 0 
 0 
 0 
 0 
 0 
 0 
 0 
 0 
 0 
 0 
 0 
 0 
 0 
 0 
 0 
 0 
 0 
 0 
 0 
 0 
 0 
 0 
 0 
 0 
 0 
 0 
 0 
 0 
 0 
 0 
 0 
 0 
 0 
 0 
 0 
 0 
 0 
 0 
 0 
 0 
 0 
 0 
 0 
 0 
 0 
 0 
 0 
 0 
 0 
 0 
 0 
 0 
 0 
 0 
 0 
 0 
 0 
 0 
 0 
 0 
 0 
 0 
 0 
 0 
 0 
 0 
 0 
 0 
 0 
 0 
 0 
 0 
 0 
 0 
 0 
 0 
 0 
 0 
 0 
 0 
 0 
 0 
 0 
 0 
 0 
 1 
 0 
 0 
 0 
 0 
 0 
 0 
 0 
 0 
 0 
 0 
 0 
 0 
 0 
 0 
 0 
 0 
 0 
 0 
 0 
 0 
 0 
 0 
 0 
 0 
 0 
 0 
 0 
 0 
 0 
 0 
 0 
 0 
 0 
 0 
 0 
 0 
 0 
 0 
 0 
 0 
 0 
 0 
 0 
 0 
 0 
 0 
 0 
 0 
 0 
 0 
 0 
 0 
 0 
 0 
 0 
 0 
 0 
 0 
 0 
 0 
 0 
 0 
 0 
 0 
 0 
 0 
 0 
 0 
 0 
 0 
 0 
 0 
 0 
 0 
 0 
 0 
 0 
 0 
 0 
 0 
 0 
 0 
 0 
 0 
 0 
 0 
 0 
 0 
 0 
 0 
 0 
 0 
 0 
 0 
 0 
 0 
 0 
 0 
 0 
 0 
 0 
 0 
 0 
 0 
 0 
 0 
 0 
 0 
 0 
 0 
 0 
 0 
 0 
 0 
 0 
 0 
 0 
 0 
 0 
 0 
 0 
 0 
 0 
 0 
 0 
 0 
 0 
 0 
 0 
 0 
 0 
 0 
 0 
 0 
 0 
 0 
 0 
 0 
 0 
 0 
 0 
 0 
 0 
 0 
 0 
 0 
 0 
 0 
 0 
 0 
 0 
 0 
 0 
 0 
 0 
 0 
 0 
 0 
 0 
 0 
 0 
 0 
 0 
 0 
 0 
 0 
 0 
 0 
 0 
 0 
 1 
 0 
 0 
 0 
 0 
 0 
 0 
 0 
 0 
 0 
 0 
 0 
 0 
 0 
 0 
 0 
 0 
 0 
 0 
 0 
 0 
 0 
 0 
 0 
 0 
 0 
 0 
 0 
 0 
 0 
 0 
 0 
 0 
 0 
 0 
 0 
 0 
 0 
 0 
 0 
 0 
 0 
 0 
 0 
 0 
 0 
 0 
 0 
 0 
 0 
 0 
 0 
 0 
 0 
 0 
 0 
 0 
 0 
 0 
 0 
 0 
 0 
 0 
 0 
 0 
 0 
 0 
 0 
 0 
 0 
 0 
 0 
 0 
 0 
 0 
 0 
 0 
 0 
 0 
 0 
 0 
 0 
 0 
 0 
 0 
 0 
 0 
 0 
 0 
 0 
 0 
 0 
 0 
 0 
 0 
 0 
 0 
 0 
 0 
 0 
 0 
 0 
 0 
 0 
 0 
 0 
 0 
 0 
 0 
 0 
 0 
 0 
 0 
 0 
 0 
 0 
 0 
 0 
 0 
 0 
 0 
 0 
 0 
 0 
 0 
 0 
 0 
 0 
 0 
 0 
 0 
 0 
 0 
 0 
 0 
 0 
 0 
 0 
 0 
 0 
 0 
 0 
 0 
 0 
 0 
 0 
 0 
 0 
 0 
 0 
 0 
 0 
 0 
 0 
 0 
 0 
 0 
 0 
 0 
 0 
 0 
 0 
 0 
 0 
 0 
 0 
 0 
 0 
 0 
 0 
 0 
 0 
 0 
 0 
 0 
 0 
 0 
 0 
 0 
 0 
 0 
 0 
 0 
 0 
 0 
 0 
 0 
 0 
 0 
 0 
 0 
 0 
 0 
 0 
 0 
 0 
 0 
 0 
 0 
 0 
 0 
 0 
 0 
 0 
 0 
 0 
 0 
 0 
 0 
 0 
 0 
 0 
 0 
 0 
 0 
 0 
 0 
 0 
 0 
 0 
 0 
 0 
 0 
 0 
 0 
 0 
 0 
 0 
 0 
 0 
 0 
 0 
 0 
 0 
 0 
 0 
 0 
 0 
 0 
 0 
 0 
 0 
 0 
 0 
 0 
 0 
 0 
 0 
 0 
 0 
 0 
 0 
 0 
 0 
 0 
 0 
 0 
 0 
 0 
 0 
 0 
 0 
 0 
 1 
 0 
 0 
 0 
 0 
 0 
 0 
 0 
 0 
 0 
 1 
 0 
 0 
 0 
 0 
 0 
 0 
 0 
 0 
 0 
 0 
 0 
 0 
 0 
 0 
 0 
 0 
 0 
 0 
 0 
 0 
 0 
 0 
 0 
 0 
 0 
 0 
 0 
 0 
 0 
 0 
 0 
 0 
 0 
 0 
 0 
 0 
 0 
 0 
 0 
 0 
 0 
 0 
 0 
 0 
 0 
 0 
 0 
 0 
 0 
 0 
 0 
 0 
 0 
 0 
 0 
 0 
 0 
 0 
 0 
 0 
 0 
 0 
 0 
 0 
 0 
 0 
 0 
 0 
 0 
 0 
 0 
 0 
 0 
 0 
 0 
 0 
 0 
 0 
 0 
 0 
 0 
 0 
 0 
 0 
 0 
 0 
 0 
 0 
 0 
 0 
 0 
 0 
 0 
 0 
 0 
 0 
 0 
 0 
 0 
 0 
 0 
 0 
 0 
 0 
 0 
 0 
 0 
 0 
 0 
 0 
 0 
 0 
 0 
 0 
 0 
 0 
 0 
 0 
 0 
 0 
 0 
 0 
 0 
 0 
 0 
 0 
 0 
 0 
 0 
 0 
 0 
 0 
 0 
 0 
 0 
 0 
 0 
 0 
 0 
 0 
 0 
 0 
 0 
 0 
 0 
 0 
 0 
 0 
 0 
 0 
 0 
 0 
 0 
 0 
 0 
 0 
 0 
 0 
 0 
 0 
 0 
 0 
 0 
 0 
 0 
 0 
 0 
 0 
 0 
 0 
 0 
 0 
 0 
 0 
 0 
 0 
 0 
 0 
 0 
 0 
 0 
 0 
 0 
 0 
 0 
 0 
 0 
 0 
 0 
 0 
 0 
 0 
 0 
 0 
 0 
 0 
 0 
 0 
 0 
 0 
 0 
 0 
 0 
 0 
 0 
 0 
 0 
 0 
 0 
 0 
 0 
 0 
 0 
 0 
 0 
 0 
 0 
 0 
 0 
 0 
 0 
 0 
 0 
 0 
 0 
 0 
 0 
 0 
 0 
 0 
 0 
 0 
 0 
 0 
 0 
 0 
 0 
 0 
 0 
 0 
 0 
 0 
 0 
 0 
 0 
 0 
 0 
 0 
 0 
 0 
 0 
 0 
 0 
 0 
 0 
 0 
