 0 
 0 
 0 
 1 
 0 
 0 
 0 
 2 
 1 
 0 
 0 
 0 
 0 
 0 
 1 
 2 
 1 
 3 
 1 
 1 
 1 
 4 
 3 
 12 
 9 
 13 
 25 
 35 
 33 
 75 
 67 
 85 
 134 
 144 
 183 
 222 
 202 
 286 
 310 
 350 
 357 
 358 
 390 
 437 
 400 
 448 
 390 
 428 
 471 
 445 
 426 
 428 
 459 
 444 
 472 
 447 
 494 
 487 
 456 
 446 
 479 
 447 
 480 
 485 
 470 
 458 
 478 
 504 
 508 
 531 
 552 
 557 
 615 
 591 
 648 
 654 
 617 
 649 
 614 
 672 
 648 
 627 
 639 
 653 
 660 
 651 
 639 
 693 
 735 
 696 
 732 
 724 
 730 
 809 
 769 
 764 
 740 
 769 
 774 
 734 
 713 
 730 
 650 
 660 
 604 
 694 
 599 
 543 
 627 
 583 
 505 
 544 
 501 
 502 
 528 
 480 
 477 
 481 
 463 
 449 
 425 
 449 
 414 
 475 
 451 
 444 
 444 
 426 
 448 
 444 
 449 
 451 
 412 
 429 
 407 
 413 
 421 
 467 
 427 
 403 
 423 
 410 
 413 
 438 
 438 
 430 
 433 
 487 
 446 
 440 
 404 
 433 
 481 
 392 
 431 
 413 
 453 
 479 
 426 
 433 
 400 
 427 
 423 
 452 
 439 
 432 
 432 
 425 
 448 
 408 
 443 
 431 
 468 
 451 
 452 
 486 
 426 
 446 
 469 
 447 
 454 
 448 
 465 
 456 
 482 
 460 
 434 
 478 
 473 
 489 
 469 
 447 
 481 
 510 
 443 
 434 
 528 
 506 
 477 
 484 
 511 
 516 
 505 
 473 
 525 
 538 
 549 
 535 
 550 
 487 
 571 
 543 
 557 
 530 
 522 
 541 
 517 
 517 
 555 
 535 
 557 
 512 
 538 
 534 
 505 
 485 
 532 
 590 
 494 
 510 
 530 
 525 
 459 
 546 
 540 
 483 
 523 
 534 
 507 
 484 
 483 
 497 
 512 
 463 
 484 
 447 
 499 
 518 
 512 
 551 
 520 
 508 
 484 
 505 
 484 
 535 
 518 
 501 
 485 
 481 
 508 
 514 
 491 
 480 
 483 
 499 
 533 
 494 
 477 
 509 
 475 
 482 
 496 
 457 
 498 
 460 
 473 
 488 
 448 
 522 
 475 
 506 
 540 
 484 
 469 
 482 
 457 
 508 
 469 
 476 
 470 
 448 
 458 
 489 
 465 
 476 
 487 
 495 
 446 
 488 
 475 
 478 
 455 
 454 
 464 
 449 
 463 
 478 
 491 
 443 
 483 
 472 
 490 
 479 
 484 
 470 
 487 
 472 
 501 
 500 
 485 
 491 
 433 
 492 
 471 
 472 
 496 
 496 
 486 
 506 
 488 
 460 
 487 
 485 
 454 
 449 
 458 
 481 
 525 
 458 
 477 
 474 
 472 
 463 
 467 
 479 
 510 
 461 
 438 
 490 
 515 
 470 
 508 
 490 
 512 
 469 
 441 
 455 
 468 
 465 
 474 
 467 
 474 
 463 
 456 
 460 
 496 
 477 
 439 
 432 
 482 
 437 
 480 
 380 
 405 
 418 
 417 
 449 
 435 
 413 
 436 
 389 
 422 
 425 
 401 
 393 
 429 
 383 
 382 
 396 
 380 
 352 
 377 
 358 
 349 
 360 
 360 
 335 
 327 
 368 
 369 
 320 
 344 
 312 
 317 
 362 
 305 
 348 
 349 
 329 
 325 
 318 
 278 
 311 
 303 
 328 
 326 
 314 
 335 
 321 
 303 
 298 
 312 
 325 
 321 
 319 
 365 
 328 
 318 
 285 
 308 
 298 
 324 
 315 
 297 
 314 
 295 
 308 
 323 
 327 
 303 
 319 
 272 
 292 
 315 
 312 
 267 
 276 
 299 
 267 
 282 
 304 
 310 
 266 
 314 
 311 
 311 
 279 
 279 
 324 
 278 
 302 
 306 
 289 
 334 
 300 
 281 
 315 
 290 
 291 
 299 
 301 
 280 
 285 
 271 
 302 
 286 
 275 
 303 
 288 
 293 
 318 
 305 
 256 
 289 
 286 
 331 
 309 
 304 
 291 
 322 
 296 
 303 
 292 
 302 
 278 
 278 
 321 
 308 
 277 
 302 
 293 
 317 
 304 
 278 
 290 
 282 
 307 
 281 
 267 
 284 
 263 
 311 
 292 
 336 
 288 
 303 
 311 
 310 
 312 
 313 
 302 
 307 
 301 
 328 
 308 
 335 
 322 
 304 
 306 
 321 
 351 
 330 
 374 
 364 
 367 
 366 
 404 
 403 
 440 
 432 
 467 
 458 
 533 
 475 
 576 
 584 
 605 
 662 
 691 
 738 
 761 
 778 
 831 
 897 
 942 
 973 
 1032 
 1091 
 1155 
 1159 
 1233 
 1285 
 1387 
 1445 
 1403 
 1433 
 1623 
 1644 
 1675 
 1665 
 1716 
 1776 
 1872 
 1882 
 1949 
 1965 
 2001 
 2011 
 2087 
 1995 
 2099 
 2036 
 2071 
 2105 
 2048 
 2103 
 2049 
 1966 
 1976 
 1907 
 1899 
 1868 
 1798 
 1815 
 1731 
 1763 
 1646 
 1635 
 1519 
 1515 
 1432 
 1380 
 1260 
 1241 
 1169 
 1101 
 1040 
 1018 
 887 
 908 
 754 
 806 
 733 
 739 
 657 
 570 
 524 
 506 
 491 
 464 
 397 
 392 
 397 
 355 
 330 
 307 
 275 
 219 
 260 
 246 
 194 
 196 
 207 
 180 
 158 
 213 
 166 
 135 
 147 
 133 
 123 
 136 
 139 
 128 
 148 
 145 
 145 
 121 
 106 
 125 
 113 
 123 
 128 
 111 
 110 
 117 
 142 
 133 
 124 
 108 
 124 
 122 
 117 
 107 
 129 
 97 
 132 
 105 
 111 
 98 
 110 
 107 
 117 
 133 
 107 
 120 
 118 
 106 
 131 
 107 
 143 
 104 
 126 
 116 
 107 
 117 
 105 
 126 
 120 
 115 
 121 
 110 
 93 
 108 
 103 
 130 
 94 
 118 
 113 
 124 
 127 
 100 
 104 
 115 
 96 
 121 
 105 
 113 
 100 
 99 
 98 
 109 
 102 
 120 
 122 
 120 
 114 
 117 
 116 
 104 
 93 
 101 
 111 
 118 
 118 
 133 
 98 
 100 
 102 
 127 
 110 
 113 
 109 
 113 
 103 
 119 
 98 
 112 
 101 
 115 
 116 
 119 
 106 
 106 
 125 
 101 
 116 
 90 
 107 
 101 
 112 
 87 
 111 
 115 
 120 
 110 
 94 
 107 
 91 
 100 
 98 
 134 
 122 
 105 
 105 
 100 
 117 
 136 
 122 
 104 
 100 
 105 
 105 
 103 
 109 
 107 
 105 
 108 
 128 
 109 
 111 
 101 
 108 
 94 
 110 
 111 
 103 
 93 
 95 
 116 
 97 
 96 
 110 
 105 
 106 
 119 
 109 
 111 
 104 
 106 
 105 
 115 
 106 
 109 
 97 
 120 
 113 
 102 
 119 
 117 
 109 
 103 
 91 
 111 
 122 
 124 
 115 
 103 
 89 
 103 
 118 
 109 
 102 
 92 
 103 
 98 
 99 
 97 
 99 
 105 
 131 
 102 
 106 
 94 
 112 
 115 
 95 
 107 
 116 
 106 
 94 
 105 
 96 
 109 
 99 
 99 
 100 
 102 
 131 
 103 
 105 
 119 
 97 
 113 
 102 
 120 
 111 
 101 
 106 
 99 
 98 
 116 
 102 
 114 
 97 
 107 
 91 
 110 
 114 
 111 
 116 
 96 
 125 
 88 
 113 
 107 
 107 
 96 
 115 
 112 
 118 
 86 
 116 
 116 
 120 
 113 
 103 
 106 
 98 
 105 
 102 
 101 
 108 
 114 
 116 
 106 
 105 
 130 
 111 
 105 
 114 
 100 
 99 
 107 
 109 
 122 
 113 
 105 
 111 
 110 
 111 
 114 
 108 
 107 
 131 
 94 
 122 
 133 
 120 
 93 
 103 
 115 
 118 
 132 
 111 
 112 
 99 
 120 
 117 
 127 
 112 
 104 
 107 
 113 
 116 
 118 
 101 
 100 
 132 
 105 
 110 
 98 
 97 
 105 
 109 
 110 
 109 
 113 
 100 
 100 
 108 
 109 
 100 
 107 
 114 
 113 
 117 
 109 
 113 
 104 
 92 
 116 
 121 
 100 
 124 
 102 
 106 
 110 
 113 
 108 
 122 
 100 
 109 
 102 
 124 
 97 
 101 
 109 
 102 
 98 
 130 
 89 
 109 
 107 
 101 
 102 
 110 
 131 
 115 
 127 
 121 
 125 
 110 
 122 
 110 
 108 
 115 
 117 
 118 
 120 
 107 
 122 
 117 
 99 
 112 
 119 
 101 
 118 
 129 
 107 
 96 
 116 
 112 
 96 
 110 
 106 
 106 
 126 
 104 
 136 
 111 
 118 
 120 
 114 
 118 
 104 
 118 
 110 
 116 
 106 
 111 
 114 
 124 
 115 
 86 
 126 
 129 
 106 
 106 
 112 
 103 
 117 
 139 
 126 
 118 
 135 
 113 
 113 
 107 
 120 
 117 
 105 
 109 
 112 
 126 
 113 
 117 
 133 
 131 
 142 
 106 
 117 
 131 
 121 
 114 
 128 
 114 
 132 
 132 
 121 
 117 
 138 
 129 
 108 
 136 
 117 
 130 
 133 
 135 
 119 
 136 
 123 
 124 
 124 
 136 
 128 
 123 
 116 
 123 
 153 
 134 
 132 
 130 
 106 
 131 
 110 
 104 
 141 
 139 
 123 
 149 
 135 
 141 
 114 
 117 
 134 
 138 
 107 
 116 
 141 
 118 
 135 
 125 
 113 
 107 
 124 
 111 
 123 
 124 
 116 
 118 
 114 
 113 
 130 
 130 
 134 
 112 
 132 
 130 
 121 
 133 
 138 
 102 
 118 
 117 
 110 
 113 
 115 
 105 
 92 
 109 
 96 
 109 
 106 
 109 
 98 
 96 
 116 
 107 
 111 
 92 
 98 
 86 
 110 
 85 
 81 
 80 
 82 
 89 
 88 
 87 
 74 
 90 
 87 
 74 
 66 
 70 
 70 
 81 
 82 
 59 
 73 
 71 
 81 
 66 
 69 
 69 
 80 
 71 
 78 
 61 
 69 
 67 
 59 
 73 
 46 
 74 
 54 
 51 
 60 
 61 
 52 
 55 
 53 
 59 
 58 
 59 
 60 
 45 
 55 
 52 
 58 
 47 
 59 
 53 
 42 
 40 
 54 
 43 
 50 
 45 
 53 
 38 
 47 
 42 
 41 
 34 
 50 
 45 
 36 
 42 
 44 
 45 
 46 
 47 
 22 
 43 
 43 
 42 
 33 
 46 
 32 
 45 
 32 
 44 
 42 
 28 
 41 
 21 
 44 
 41 
 23 
 33 
 27 
 30 
 35 
 31 
 44 
 44 
 27 
 31 
 23 
 34 
 28 
 23 
 34 
 40 
 23 
 28 
 26 
 24 
 33 
 27 
 27 
 34 
 27 
 33 
 24 
 19 
 28 
 25 
 30 
 22 
 22 
 33 
 29 
 24 
 20 
 28 
 23 
 22 
 24 
 25 
 30 
 22 
 26 
 24 
 16 
 19 
 20 
 23 
 26 
 24 
 26 
 26 
 23 
 16 
 25 
 25 
 32 
 21 
 22 
 19 
 28 
 18 
 25 
 22 
 28 
 32 
 16 
 21 
 26 
 25 
 24 
 30 
 14 
 17 
 27 
 28 
 29 
 32 
 25 
 36 
 24 
 30 
 17 
 29 
 28 
 22 
 34 
 33 
 24 
 30 
 35 
 37 
 29 
 39 
 47 
 40 
 38 
 49 
 55 
 51 
 49 
 62 
 39 
 58 
 51 
 60 
 70 
 66 
 70 
 66 
 81 
 75 
 81 
 80 
 76 
 99 
 107 
 96 
 97 
 103 
 111 
 113 
 123 
 148 
 130 
 150 
 145 
 150 
 159 
 178 
 168 
 200 
 176 
 199 
 213 
 182 
 203 
 231 
 229 
 232 
 237 
 260 
 251 
 264 
 273 
 268 
 287 
 315 
 276 
 290 
 323 
 327 
 329 
 346 
 336 
 336 
 343 
 374 
 358 
 370 
 365 
 351 
 373 
 350 
 368 
 388 
 368 
 374 
 397 
 374 
 404 
 412 
 394 
 407 
 376 
 364 
 404 
 368 
 368 
 403 
 411 
 374 
 360 
 404 
 378 
 339 
 385 
 316 
 350 
 369 
 317 
 331 
 354 
 300 
 332 
 296 
 339 
 267 
 292 
 300 
 273 
 269 
 241 
 266 
 238 
 247 
 203 
 254 
 221 
 204 
 221 
 211 
 183 
 185 
 199 
 172 
 177 
 155 
 157 
 133 
 134 
 123 
 121 
 110 
 113 
 145 
 139 
 116 
 113 
 120 
 73 
 98 
 76 
 93 
 81 
 75 
 72 
 73 
 64 
 49 
 54 
 63 
 40 
 47 
 47 
 47 
 46 
 43 
 33 
 46 
 32 
 31 
 35 
 28 
 30 
 25 
 17 
 29 
 28 
 20 
 17 
 17 
 17 
 31 
 23 
 16 
 27 
 16 
 18 
 26 
 15 
 11 
 20 
 13 
 10 
 8 
 10 
 17 
 12 
 11 
 16 
 11 
 7 
 9 
 10 
 13 
 13 
 8 
 12 
 11 
 12 
 11 
 5 
 10 
 11 
 10 
 10 
 10 
 12 
 5 
 6 
 6 
 9 
 9 
 2 
 7 
 6 
 5 
 7 
 8 
 10 
 11 
 19 
 14 
 5 
 7 
 5 
 12 
 4 
 10 
 9 
 10 
 6 
 3 
 4 
 8 
 5 
 9 
 12 
 5 
 5 
 3 
 7 
 9 
 6 
 11 
 6 
 17 
 12 
 8 
 11 
 11 
 10 
 14 
 3 
 13 
 8 
 8 
 3 
 6 
 6 
 8 
 6 
 7 
 7 
 6 
 10 
 7 
 5 
 6 
 14 
 9 
 10 
 9 
 12 
 7 
 6 
 9 
 10 
 9 
 9 
 11 
 9 
 5 
 4 
 4 
 7 
 3 
 6 
 10 
 9 
 14 
 6 
 7 
 10 
 6 
 9 
 3 
 8 
 9 
 8 
 6 
 12 
 6 
 4 
 11 
 9 
 6 
 7 
 9 
 13 
 6 
 9 
 7 
 10 
 9 
 4 
 6 
 13 
 8 
 11 
 6 
 8 
 8 
 11 
 6 
 7 
 4 
 7 
 10 
 6 
 13 
 5 
 10 
 6 
 9 
 6 
 8 
 5 
 3 
 6 
 7 
 7 
 10 
 4 
 9 
 8 
 6 
 7 
 9 
 6 
 4 
 5 
 13 
 8 
 6 
 7 
 7 
 6 
 5 
 3 
 9 
 7 
 2 
 4 
 7 
 9 
 2 
 2 
 6 
 4 
 9 
 7 
 8 
 10 
 8 
 4 
 7 
 4 
 7 
 10 
 16 
 4 
 5 
 5 
 3 
 5 
 7 
 10 
 6 
 4 
 8 
 5 
 7 
 4 
 15 
 2 
 8 
 9 
 8 
 4 
 7 
 6 
 8 
 4 
 3 
 8 
 6 
 9 
 5 
 2 
 5 
 7 
 11 
 8 
 5 
 4 
 4 
 5 
 10 
 4 
 4 
 6 
 5 
 9 
 4 
 12 
 9 
 4 
 8 
 6 
 6 
 3 
 6 
 4 
 4 
 2 
 3 
 8 
 3 
 11 
 6 
 4 
 5 
 11 
 4 
 1 
 6 
 4 
 6 
 5 
 2 
 5 
 5 
 4 
 5 
 6 
 3 
 3 
 6 
 3 
 7 
 3 
 4 
 0 
 1 
 1 
 3 
 3 
 1 
 7 
 2 
 4 
 2 
 5 
 7 
 3 
 5 
 4 
 6 
 3 
 0 
 1 
 4 
 2 
 3 
 4 
 1 
 6 
 6 
 0 
 4 
 3 
 3 
 3 
 4 
 3 
 3 
 3 
 7 
 8 
 1 
 2 
 2 
 5 
 6 
 6 
 7 
 5 
 2 
 4 
 4 
 5 
 1 
 3 
 5 
 4 
 0 
 3 
 2 
 1 
 4 
 2 
 3 
 0 
 1 
 3 
 2 
 2 
 1 
 4 
 2 
 6 
 2 
 2 
 2 
 1 
 3 
 1 
 1 
 2 
 3 
 1 
 1 
 4 
 0 
 4 
 3 
 0 
 3 
 3 
 5 
 2 
 1 
 2 
 2 
 2 
 2 
 4 
 0 
 1 
 1 
 2 
 3 
 1 
 1 
 1 
 0 
 3 
 3 
 3 
 4 
 0 
 4 
 2 
 6 
 2 
 1 
 1 
 4 
 2 
 1 
 2 
 2 
 2 
 4 
 4 
 4 
 5 
 2 
 1 
 1 
 1 
 2 
 2 
 1 
 0 
 3 
 4 
 7 
 2 
 2 
 5 
 3 
 4 
 3 
 3 
 3 
 6 
 3 
 4 
 9 
 0 
 2 
 7 
 3 
 8 
 6 
 7 
 9 
 11 
 6 
 10 
 4 
 15 
 6 
 12 
 9 
 10 
 9 
 6 
 6 
 8 
 7 
 7 
 8 
 7 
 6 
 7 
 7 
 16 
 5 
 9 
 9 
 12 
 10 
 7 
 10 
 12 
 8 
 11 
 12 
 10 
 7 
 5 
 15 
 13 
 7 
 9 
 16 
 11 
 11 
 10 
 9 
 12 
 11 
 6 
 10 
 8 
 7 
 9 
 12 
 13 
 16 
 14 
 8 
 7 
 12 
 11 
 7 
 11 
 8 
 5 
 10 
 8 
 10 
 13 
 8 
 6 
 11 
 4 
 9 
 9 
 5 
 11 
 4 
 6 
 10 
 10 
 5 
 7 
 8 
 7 
 3 
 5 
 4 
 9 
 6 
 7 
 4 
 3 
 6 
 4 
 5 
 5 
 7 
 2 
 3 
 3 
 3 
 4 
 5 
 2 
 2 
 1 
 2 
 3 
 3 
 3 
 5 
 4 
 1 
 2 
 2 
 1 
 2 
 2 
 3 
 1 
 3 
 5 
 1 
 2 
 0 
 1 
 0 
 1 
 2 
 1 
 1 
 2 
 0 
 0 
 1 
 0 
 1 
 2 
 2 
 0 
 1 
 0 
 0 
 0 
 1 
 1 
 2 
 1 
 1 
 1 
 0 
 0 
 0 
 0 
 0 
 0 
 0 
 0 
 0 
 1 
 1 
 0 
 0 
 0 
 1 
 0 
 0 
 0 
 0 
 1 
 1 
 0 
 0 
 1 
 0 
 1 
 0 
 0 
 0 
 0 
 0 
 2 
 0 
 0 
 0 
 0 
 0 
 0 
 0 
 0 
 1 
 0 
 0 
 0 
 0 
 0 
 0 
 1 
 1 
 0 
 0 
 0 
 1 
 0 
 0 
 0 
 0 
 0 
 0 
 0 
 1 
 0 
 0 
 0 
 0 
 0 
 3 
 0 
 1 
 0 
 2 
 0 
 0 
 0 
 0 
 0 
 0 
 1 
 0 
 1 
 0 
 0 
 0 
 0 
 0 
 0 
 0 
 0 
 0 
 0 
 0 
 0 
 0 
 0 
 0 
 0 
 0 
 0 
 0 
 1 
 0 
 0 
 0 
 1 
 0 
 0 
 0 
 0 
 0 
 0 
 0 
 0 
 0 
 1 
 0 
 0 
 0 
 1 
 0 
 0 
 0 
 0 
 0 
 0 
 0 
 0 
 0 
 0 
 0 
 0 
 0 
 0 
 0 
 0 
 0 
 0 
 0 
 0 
 0 
 0 
 0 
 0 
 1 
 0 
 0 
 0 
 0 
 0 
 0 
 0 
 0 
 0 
 0 
 0 
 0 
 0 
 0 
 0 
 0 
 0 
 0 
 0 
 1 
 1 
 0 
 0 
 0 
 0 
 0 
 1 
 1 
 0 
 1 
 0 
 0 
 0 
 0 
 0 
 0 
 0 
 0 
 0 
 1 
 1 
 0 
 0 
 0 
 0 
 0 
 0 
 0 
 1 
 0 
 0 
 1 
 0 
 0 
 0 
 0 
 0 
 0 
 1 
 0 
 0 
 0 
 0 
 0 
 0 
 0 
 0 
 0 
 0 
 0 
 0 
 0 
 0 
 0 
 0 
 1 
 0 
 0 
 0 
 0 
 0 
 0 
 0 
 0 
 0 
 0 
 0 
 0 
 0 
 0 
 1 
 0 
 0 
 0 
 0 
 0 
 0 
 0 
 0 
 0 
 0 
 0 
 0 
 0 
 0 
 0 
 0 
 0 
 0 
 0 
 0 
 0 
 0 
 0 
 0 
 0 
 0 
 0 
 0 
 0 
 0 
 0 
 0 
 0 
 0 
 0 
 0 
 0 
 1 
 0 
 0 
 1 
 0 
 1 
 0 
 0 
 0 
 0 
 0 
 0 
 0 
 1 
 0 
 1 
 0 
 0 
 0 
 1 
 0 
 1 
 0 
 0 
 1 
 0 
 0 
 0 
 0 
 0 
 0 
 2 
 1 
 0 
 0 
 0 
 1 
 0 
 0 
 0 
 1 
 0 
 0 
 0 
 0 
 0 
 0 
 0 
 0 
 0 
 2 
 0 
 0 
 0 
 0 
 0 
 0 
 1 
 0 
 0 
 0 
 0 
 0 
 0 
 1 
 0 
 0 
 0 
 1 
 0 
 0 
 0 
 0 
 0 
 0 
 0 
 1 
 0 
 0 
 0 
 0 
 0 
 1 
 1 
 0 
 0 
 0 
 0 
 0 
 0 
 0 
 0 
 0 
 0 
 0 
 0 
 0 
 0 
 0 
 0 
 0 
 0 
 0 
 1 
 0 
 0 
 2 
 0 
 0 
 0 
 0 
 0 
 0 
 0 
 0 
 0 
 0 
 0 
 1 
 0 
 1 
 2 
 0 
 0 
 0 
 0 
 0 
 0 
 0 
 0 
 0 
 0 
 0 
 0 
 0 
 1 
 0 
 0 
 0 
 0 
 0 
 0 
 0 
 0 
 0 
 0 
 0 
 0 
 0 
 0 
 0 
 0 
 0 
 0 
 0 
 0 
 0 
 1 
 0 
 1 
 0 
 1 
 0 
 0 
 0 
 0 
 0 
 0 
 0 
 0 
 0 
 0 
 0 
 0 
 0 
 0 
 0 
 0 
 0 
 0 
 0 
 1 
 0 
 0 
 1 
 0 
 0 
 0 
 0 
 0 
 0 
 0 
 0 
 0 
 0 
 0 
 0 
 0 
 0 
 0 
 0 
 0 
 0 
 0 
 0 
 0 
 0 
 0 
 0 
 0 
 0 
 0 
 1 
 0 
 0 
 0 
 0 
 0 
 0 
 0 
 1 
 0 
 0 
 0 
 0 
 0 
 0 
 0 
 0 
 0 
 0 
 0 
 0 
 0 
 0 
 1 
 0 
 0 
 0 
 0 
 0 
 0 
 0 
 0 
 1 
 0 
 0 
 0 
 1 
 0 
 0 
 0 
 0 
 0 
 0 
 0 
 0 
 0 
 0 
 0 
 0 
 0 
 0 
 0 
 0 
 0 
 0 
 0 
 0 
 0 
 0 
 0 
 0 
 0 
 0 
 0 
 0 
 0 
 0 
 0 
 0 
 0 
 0 
 0 
 0 
 0 
 0 
 0 
 0 
 0 
 0 
 0 
 0 
 0 
 0 
 0 
 0 
 0 
 0 
 0 
 0 
 1 
 0 
 0 
 0 
 0 
 0 
 0 
 0 
 0 
 0 
 0 
 0 
 0 
 0 
 0 
 1 
 0 
 0 
 0 
 0 
 0 
 0 
 0 
 0 
 1 
 0 
 0 
 0 
 0 
 0 
 0 
 0 
 0 
 0 
 0 
 0 
 0 
 0 
 0 
 0 
 0 
 0 
 1 
 0 
 0 
 0 
 0 
 0 
 0 
 0 
 0 
 0 
 0 
 0 
 1 
 0 
 0 
 0 
 0 
 0 
 0 
 0 
 0 
 0 
 0 
 1 
 0 
 0 
 0 
 0 
 0 
 0 
 0 
 0 
 0 
 0 
 0 
 0 
 0 
 0 
 1 
 0 
 0 
 0 
 0 
 0 
 0 
 0 
 0 
 0 
 0 
 0 
 0 
 0 
 0 
 0 
 0 
 0 
 0 
 0 
 0 
 1 
 0 
 0 
 0 
 0 
 0 
 0 
 0 
 0 
 0 
 0 
 0 
 0 
 0 
 0 
 0 
 0 
 0 
 0 
 0 
 0 
 0 
 0 
 0 
 0 
 0 
 0 
 0 
 0 
 0 
 0 
 1 
 0 
 0 
 0 
 0 
 0 
 0 
 0 
 0 
 0 
 0 
 0 
 0 
 0 
 0 
 0 
 0 
 0 
 0 
 0 
 0 
 0 
 0 
 0 
 0 
 0 
 0 
 1 
 0 
 0 
 0 
 0 
 0 
 0 
 1 
 0 
 0 
 1 
 1 
 0 
 0 
 0 
 0 
 1 
 0 
 0 
 0 
 0 
 0 
 0 
 0 
 0 
 0 
 1 
 0 
 0 
 0 
 0 
 1 
 0 
 0 
 0 
 0 
 0 
 1 
 0 
 0 
 0 
 1 
 0 
 0 
 1 
 0 
 0 
 0 
 0 
 0 
 0 
 0 
 0 
 0 
 0 
 0 
 0 
 0 
 0 
 0 
 0 
 0 
 0 
 0 
 0 
 0 
 0 
 0 
 0 
 1 
 0 
 0 
 0 
 0 
 0 
 0 
 0 
 0 
 0 
 0 
 0 
 0 
 0 
 0 
 0 
 0 
 0 
 0 
 0 
 0 
 0 
 0 
 0 
 0 
 0 
 0 
 0 
 0 
 0 
 0 
 0 
 0 
 0 
 0 
 0 
 0 
 0 
 0 
 0 
 0 
 0 
 0 
 2 
 0 
 0 
 0 
 0 
 0 
 0 
 0 
 0 
 0 
 0 
 0 
 0 
 0 
 0 
 0 
 0 
 0 
 0 
 0 
 0 
 0 
 0 
 0 
 0 
 0 
 0 
 0 
 0 
 0 
 0 
 0 
 0 
 0 
 0 
 0 
 0 
 0 
 0 
 0 
 0 
 0 
 0 
 0 
 0 
 0 
 0 
 0 
 0 
 0 
 0 
 0 
 0 
 0 
 0 
 0 
 0 
 0 
 0 
 0 
 0 
 0 
 0 
 0 
 0 
 0 
 0 
 0 
 0 
 0 
 0 
 0 
 0 
 0 
 0 
 0 
 0 
 0 
 0 
 0 
 0 
 0 
 0 
 0 
 0 
 0 
 0 
 0 
 0 
 0 
 0 
 0 
 0 
 0 
 0 
 0 
 0 
 0 
 0 
 0 
 0 
 0 
 0 
 0 
 0 
 0 
 0 
 0 
 0 
 0 
 0 
 0 
 0 
 0 
 0 
 0 
 0 
 0 
 1 
 0 
 0 
 0 
 0 
 0 
 0 
 0 
 0 
 0 
 0 
 0 
 0 
 0 
 0 
 0 
 0 
 0 
 0 
 0 
 0 
 0 
 0 
 0 
 0 
 0 
 0 
 0 
 0 
 0 
 0 
 0 
 0 
 0 
 0 
 0 
 0 
 0 
 0 
 0 
 0 
 0 
 0 
 0 
 0 
 0 
 0 
 0 
 0 
 0 
 0 
 1 
 0 
 0 
 0 
 0 
 0 
 0 
 0 
 0 
 0 
 0 
 0 
 0 
 0 
 0 
 0 
 0 
 0 
 0 
 0 
 0 
 0 
 0 
 0 
 0 
 0 
 0 
 0 
 0 
 0 
 1 
 0 
 0 
 0 
 0 
 0 
 0 
 0 
 0 
 0 
 0 
 0 
 0 
 0 
 0 
 0 
 0 
 0 
 0 
 0 
 0 
 0 
 0 
 0 
 0 
 0 
 0 
 0 
 0 
 0 
 0 
 0 
 0 
 0 
 0 
 0 
 0 
 0 
 0 
 0 
 0 
 0 
 0 
 0 
 0 
 0 
 0 
 0 
 0 
 0 
 0 
 0 
 0 
 0 
 0 
 0 
 0 
 0 
 0 
 0 
 0 
 0 
 0 
 0 
 0 
 0 
 0 
 0 
 0 
 0 
 0 
 0 
 0 
 0 
 0 
 0 
 0 
 0 
 0 
 0 
 0 
 0 
 0 
 0 
 0 
 0 
 0 
 0 
 0 
 0 
 0 
 0 
 0 
 0 
 0 
 0 
 0 
 0 
 0 
 0 
 0 
 0 
 0 
 0 
 0 
 0 
 0 
 0 
 0 
 0 
 0 
 0 
 1 
 0 
 0 
 0 
 0 
 0 
 0 
 0 
 0 
 0 
 0 
 0 
 0 
 0 
 0 
 0 
 0 
 0 
 0 
 0 
 0 
 0 
 0 
 0 
 0 
 0 
 0 
 0 
 0 
 0 
 0 
 0 
 0 
 0 
 0 
 0 
 0 
 0 
 0 
 0 
 0 
 0 
 0 
 0 
 0 
 0 
 0 
 0 
 0 
 0 
 0 
 0 
 0 
 0 
 0 
 0 
 0 
 1 
 0 
 0 
 0 
 0 
 0 
 0 
 0 
 0 
 0 
 0 
 0 
 0 
 0 
 0 
 0 
 0 
 0 
 0 
 1 
 0 
 0 
 0 
 0 
 0 
 0 
 0 
 0 
 0 
 0 
 0 
 0 
 0 
 0 
 0 
 0 
 0 
 0 
 0 
 0 
 0 
 0 
 0 
 0 
 0 
 0 
 0 
 0 
 0 
 0 
 0 
 0 
 0 
 0 
 0 
 0 
 0 
 0 
 0 
 0 
 0 
 0 
 0 
 0 
 0 
 0 
 0 
 0 
 0 
 0 
 0 
 0 
 0 
 0 
 0 
 0 
 0 
 0 
 0 
 0 
 0 
 0 
 0 
 0 
 0 
 0 
 0 
 0 
 0 
 0 
 0 
 0 
 0 
 0 
 0 
 0 
 0 
 0 
 0 
 0 
 0 
 0 
 0 
 0 
 0 
 0 
 0 
 0 
 0 
 0 
 0 
 0 
 0 
 0 
 0 
 0 
 0 
 0 
 0 
 0 
 0 
 0 
 0 
 0 
 0 
 0 
 0 
 0 
 0 
 0 
 0 
 0 
 0 
 0 
 0 
 0 
 0 
 0 
 0 
 0 
 0 
 0 
 0 
 0 
 0 
 0 
 0 
 0 
 0 
 0 
 0 
 0 
 0 
 0 
 0 
 0 
 0 
 0 
 0 
 0 
 0 
 0 
 0 
 0 
 0 
 0 
 0 
 0 
 0 
 0 
 0 
 0 
 0 
 0 
 0 
 0 
 0 
 0 
 0 
 0 
 0 
 0 
 0 
 0 
 0 
 0 
 0 
 0 
 0 
 0 
 0 
 0 
 0 
 0 
 0 
 0 
 0 
 0 
 0 
 0 
 0 
 0 
 0 
 0 
 0 
 0 
 0 
 0 
 0 
 0 
 0 
 0 
 0 
 0 
 0 
 0 
 0 
 0 
 0 
 0 
 0 
 0 
 0 
 0 
 0 
 0 
 0 
 0 
 0 
 0 
 0 
 0 
 0 
 0 
 0 
 0 
 0 
 0 
 0 
 0 
 0 
 0 
 0 
 0 
 0 
 0 
 0 
 0 
 0 
 0 
 0 
 0 
 0 
 0 
 0 
 0 
 0 
 0 
 0 
 0 
 0 
 0 
 0 
 0 
 0 
 0 
 0 
 0 
 0 
 0 
 0 
 0 
 0 
 0 
 0 
 0 
 0 
 0 
 0 
 0 
 0 
 0 
 0 
 0 
 0 
 0 
 0 
 0 
 0 
 0 
 0 
 0 
 0 
 0 
 0 
 0 
 0 
 0 
 0 
 0 
 0 
 0 
 0 
 0 
 0 
 0 
 0 
 0 
 0 
 0 
 0 
 0 
 0 
 0 
 0 
 0 
 0 
 0 
 0 
 0 
 0 
 0 
 0 
 0 
 0 
 0 
 0 
 0 
 0 
 0 
 0 
 0 
 0 
 0 
 0 
 0 
 0 
 0 
 0 
 0 
 0 
 0 
 0 
 0 
 0 
 0 
 0 
 0 
 0 
 0 
 0 
 0 
 0 
 0 
 0 
 0 
 0 
 0 
 0 
 0 
 0 
 0 
 0 
 0 
 0 
 0 
 0 
 0 
 0 
 0 
 0 
 0 
 0 
 0 
 0 
 0 
 0 
 0 
 0 
 0 
 0 
 0 
 0 
 0 
 0 
 0 
 0 
 0 
 0 
 0 
 0 
 0 
 0 
 0 
 0 
 0 
 0 
 0 
 0 
 0 
 0 
 0 
 0 
 0 
 0 
 0 
 0 
 0 
 0 
 0 
 0 
 0 
 0 
 0 
 0 
 0 
 0 
 0 
 0 
 0 
 0 
 0 
 0 
 0 
 0 
 0 
 0 
 0 
 0 
 0 
 0 
 0 
 0 
 0 
 0 
 0 
 0 
 0 
 0 
 0 
 0 
 0 
 0 
 0 
 0 
 0 
 0 
 0 
 0 
 0 
 0 
 0 
 0 
 0 
 0 
 0 
 0 
 0 
 0 
 0 
 0 
 0 
 0 
 0 
 0 
 0 
 0 
 0 
 0 
 0 
 0 
 0 
 0 
 0 
 0 
 0 
 0 
 0 
 0 
 0 
 0 
 0 
 0 
 0 
 0 
 0 
 0 
 0 
 0 
 0 
 0 
 0 
 0 
 0 
 0 
 0 
 0 
 0 
 0 
 0 
 0 
 0 
 0 
 0 
 0 
 0 
 0 
 0 
 0 
 0 
 0 
 0 
 0 
 0 
 0 
 0 
 0 
 0 
 0 
 0 
 0 
 0 
 0 
 0 
 0 
 0 
 0 
 0 
 0 
 0 
 0 
 0 
 0 
 0 
 0 
 0 
 0 
 0 
 0 
 0 
 0 
 0 
 0 
 0 
 0 
 0 
 0 
 0 
 0 
 0 
 0 
 0 
 0 
 0 
 0 
 0 
 0 
 0 
 0 
 0 
 0 
 0 
 0 
 0 
 0 
 0 
 0 
 0 
 0 
 0 
 0 
 0 
 0 
 0 
 0 
 0 
 0 
 0 
 0 
 0 
 0 
 0 
 0 
 0 
 0 
 0 
 0 
 0 
 0 
 0 
 0 
 0 
 0 
 0 
 0 
 0 
 0 
 0 
 0 
 0 
 0 
 0 
 0 
 0 
 0 
 0 
 0 
 0 
 0 
 0 
 0 
 0 
 0 
 0 
 0 
 0 
 0 
 0 
 0 
 0 
 1 
 0 
 0 
 0 
 0 
 0 
 0 
 0 
 0 
 0 
 0 
 0 
 0 
 0 
 0 
 0 
 0 
 0 
 0 
 0 
 0 
 0 
 0 
 0 
 0 
 0 
 0 
 0 
 0 
 0 
 0 
 0 
 0 
 0 
 0 
 0 
 0 
 0 
 0 
 0 
 0 
 0 
 0 
 0 
 0 
 0 
 0 
 0 
 0 
 0 
 0 
 0 
 0 
 0 
 0 
 0 
 0 
 0 
 0 
 0 
 0 
 0 
 0 
 0 
 0 
 0 
 0 
 0 
 0 
 0 
 0 
 0 
 0 
 0 
 0 
 0 
 0 
 0 
 0 
 0 
 0 
 0 
 0 
 0 
 0 
 0 
 0 
 0 
 0 
 0 
 0 
 0 
 0 
 0 
 0 
 0 
 0 
 0 
 0 
 0 
 0 
 0 
 0 
 0 
 0 
 0 
 0 
 0 
 0 
 0 
 0 
 0 
 0 
 0 
 0 
 0 
 0 
 0 
 0 
 0 
 0 
 0 
 0 
 0 
 0 
 0 
 0 
 0 
 0 
 0 
 0 
 0 
 0 
 0 
 0 
 0 
 0 
 0 
 0 
 0 
 0 
 0 
 0 
 0 
 0 
 0 
 0 
 0 
 0 
 0 
 0 
 0 
 0 
 0 
 0 
 0 
 0 
 0 
 0 
 0 
 0 
 0 
