 0 
 0 
 0 
 0 
 0 
 0 
 1 
 0 
 1 
 0 
 0 
 0 
 0 
 0 
 1 
 0 
 0 
 2 
 1 
 1 
 3 
 2 
 4 
 4 
 13 
 15 
 25 
 30 
 32 
 62 
 68 
 98 
 148 
 152 
 180 
 204 
 259 
 269 
 314 
 342 
 341 
 372 
 397 
 388 
 396 
 397 
 407 
 401 
 466 
 439 
 456 
 450 
 422 
 426 
 447 
 451 
 460 
 447 
 454 
 472 
 424 
 449 
 490 
 479 
 487 
 495 
 486 
 487 
 511 
 517 
 546 
 552 
 582 
 579 
 582 
 592 
 630 
 614 
 595 
 606 
 634 
 667 
 630 
 656 
 651 
 635 
 669 
 682 
 699 
 717 
 676 
 718 
 705 
 728 
 749 
 712 
 765 
 703 
 713 
 746 
 725 
 733 
 685 
 655 
 597 
 606 
 561 
 560 
 545 
 542 
 528 
 523 
 500 
 536 
 498 
 472 
 490 
 458 
 472 
 398 
 437 
 450 
 482 
 421 
 383 
 417 
 413 
 445 
 416 
 405 
 402 
 459 
 431 
 405 
 419 
 393 
 423 
 413 
 422 
 423 
 422 
 417 
 447 
 411 
 435 
 438 
 451 
 454 
 416 
 411 
 414 
 432 
 419 
 418 
 438 
 415 
 427 
 424 
 444 
 414 
 449 
 428 
 426 
 440 
 426 
 434 
 436 
 401 
 400 
 414 
 417 
 420 
 407 
 427 
 416 
 426 
 404 
 425 
 465 
 457 
 427 
 399 
 442 
 464 
 451 
 476 
 445 
 464 
 429 
 476 
 493 
 474 
 426 
 464 
 442 
 461 
 455 
 479 
 489 
 473 
 518 
 493 
 491 
 495 
 496 
 509 
 486 
 497 
 499 
 477 
 550 
 521 
 499 
 531 
 516 
 491 
 538 
 497 
 494 
 525 
 530 
 528 
 519 
 505 
 521 
 524 
 505 
 524 
 472 
 482 
 453 
 524 
 511 
 491 
 515 
 500 
 460 
 503 
 458 
 473 
 522 
 442 
 485 
 477 
 491 
 489 
 490 
 475 
 470 
 475 
 509 
 505 
 472 
 453 
 547 
 519 
 494 
 457 
 479 
 495 
 447 
 500 
 506 
 434 
 508 
 459 
 496 
 462 
 484 
 525 
 467 
 469 
 490 
 476 
 492 
 458 
 488 
 442 
 473 
 471 
 460 
 499 
 433 
 417 
 460 
 492 
 437 
 456 
 474 
 479 
 452 
 442 
 448 
 417 
 462 
 439 
 421 
 468 
 436 
 465 
 447 
 415 
 478 
 405 
 454 
 459 
 459 
 431 
 459 
 467 
 468 
 428 
 455 
 445 
 455 
 475 
 460 
 423 
 421 
 461 
 424 
 484 
 430 
 442 
 445 
 450 
 411 
 452 
 452 
 473 
 432 
 473 
 431 
 435 
 454 
 402 
 452 
 447 
 377 
 470 
 485 
 447 
 500 
 446 
 460 
 435 
 421 
 427 
 460 
 433 
 446 
 454 
 459 
 460 
 482 
 437 
 462 
 422 
 486 
 466 
 436 
 488 
 448 
 440 
 422 
 489 
 477 
 433 
 440 
 452 
 445 
 415 
 425 
 434 
 405 
 430 
 398 
 419 
 386 
 388 
 393 
 387 
 400 
 398 
 348 
 408 
 372 
 376 
 368 
 363 
 368 
 304 
 379 
 364 
 345 
 366 
 352 
 349 
 360 
 335 
 352 
 332 
 332 
 342 
 317 
 319 
 309 
 283 
 329 
 332 
 324 
 334 
 321 
 326 
 288 
 348 
 315 
 327 
 350 
 346 
 287 
 314 
 330 
 306 
 330 
 313 
 326 
 345 
 310 
 324 
 330 
 345 
 328 
 306 
 289 
 304 
 283 
 322 
 281 
 302 
 300 
 321 
 301 
 330 
 317 
 301 
 290 
 279 
 297 
 290 
 292 
 279 
 304 
 267 
 348 
 313 
 326 
 306 
 302 
 293 
 308 
 310 
 304 
 293 
 291 
 297 
 316 
 298 
 323 
 290 
 281 
 271 
 305 
 323 
 282 
 312 
 293 
 302 
 283 
 303 
 272 
 283 
 279 
 296 
 305 
 296 
 317 
 271 
 306 
 309 
 279 
 315 
 292 
 292 
 291 
 326 
 305 
 300 
 303 
 299 
 315 
 302 
 294 
 309 
 311 
 296 
 290 
 323 
 269 
 310 
 305 
 291 
 322 
 303 
 271 
 309 
 299 
 304 
 286 
 300 
 330 
 297 
 330 
 314 
 286 
 298 
 324 
 330 
 356 
 346 
 310 
 318 
 355 
 328 
 349 
 359 
 356 
 378 
 407 
 401 
 438 
 449 
 425 
 486 
 535 
 487 
 579 
 566 
 633 
 633 
 630 
 705 
 773 
 773 
 828 
 854 
 871 
 962 
 1010 
 1061 
 1132 
 1187 
 1208 
 1288 
 1241 
 1343 
 1387 
 1395 
 1475 
 1560 
 1587 
 1664 
 1731 
 1739 
 1784 
 1743 
 1753 
 1867 
 1900 
 1915 
 1783 
 2001 
 1949 
 1879 
 1958 
 1967 
 1929 
 1891 
 1852 
 1820 
 1850 
 1823 
 1798 
 1738 
 1727 
 1624 
 1606 
 1597 
 1530 
 1435 
 1327 
 1318 
 1278 
 1208 
 1186 
 1043 
 1020 
 986 
 911 
 893 
 817 
 817 
 749 
 734 
 592 
 616 
 567 
 491 
 500 
 449 
 397 
 402 
 361 
 383 
 323 
 303 
 262 
 236 
 241 
 210 
 216 
 210 
 204 
 188 
 182 
 180 
 181 
 159 
 154 
 150 
 144 
 156 
 157 
 155 
 96 
 142 
 145 
 128 
 106 
 117 
 112 
 122 
 109 
 106 
 123 
 132 
 142 
 116 
 140 
 124 
 119 
 119 
 118 
 111 
 91 
 123 
 113 
 126 
 116 
 101 
 110 
 110 
 126 
 120 
 119 
 135 
 117 
 116 
 113 
 114 
 117 
 104 
 109 
 112 
 105 
 112 
 99 
 124 
 120 
 96 
 121 
 123 
 105 
 108 
 129 
 107 
 119 
 95 
 130 
 106 
 123 
 92 
 102 
 117 
 116 
 119 
 117 
 106 
 127 
 107 
 110 
 96 
 102 
 101 
 110 
 116 
 129 
 119 
 109 
 122 
 122 
 114 
 100 
 124 
 108 
 116 
 99 
 105 
 101 
 95 
 120 
 108 
 116 
 109 
 102 
 95 
 107 
 115 
 98 
 107 
 97 
 105 
 115 
 102 
 102 
 116 
 131 
 99 
 125 
 105 
 112 
 127 
 122 
 120 
 112 
 121 
 103 
 107 
 112 
 121 
 109 
 120 
 118 
 110 
 110 
 89 
 93 
 117 
 112 
 122 
 108 
 104 
 115 
 128 
 108 
 124 
 114 
 113 
 121 
 101 
 110 
 97 
 107 
 114 
 115 
 132 
 109 
 101 
 111 
 101 
 115 
 106 
 117 
 105 
 102 
 96 
 100 
 103 
 105 
 112 
 112 
 110 
 121 
 114 
 129 
 108 
 112 
 110 
 101 
 109 
 112 
 94 
 110 
 117 
 106 
 99 
 91 
 108 
 114 
 119 
 114 
 115 
 108 
 112 
 99 
 103 
 128 
 116 
 126 
 103 
 114 
 98 
 100 
 111 
 117 
 96 
 102 
 113 
 100 
 131 
 103 
 122 
 109 
 123 
 101 
 125 
 107 
 102 
 114 
 105 
 110 
 111 
 120 
 105 
 125 
 108 
 108 
 106 
 115 
 96 
 118 
 110 
 122 
 103 
 111 
 114 
 103 
 112 
 92 
 112 
 131 
 129 
 118 
 91 
 106 
 117 
 103 
 114 
 109 
 111 
 129 
 102 
 104 
 105 
 99 
 109 
 134 
 120 
 94 
 112 
 106 
 106 
 130 
 88 
 108 
 118 
 116 
 85 
 128 
 106 
 117 
 133 
 103 
 114 
 126 
 91 
 117 
 89 
 115 
 105 
 110 
 111 
 123 
 93 
 123 
 109 
 99 
 114 
 98 
 112 
 89 
 104 
 116 
 119 
 118 
 94 
 104 
 95 
 90 
 133 
 101 
 100 
 107 
 107 
 104 
 108 
 109 
 107 
 98 
 98 
 126 
 122 
 115 
 110 
 101 
 95 
 111 
 114 
 96 
 109 
 110 
 113 
 94 
 106 
 112 
 112 
 111 
 107 
 108 
 118 
 103 
 115 
 126 
 119 
 99 
 89 
 90 
 124 
 104 
 123 
 106 
 90 
 124 
 112 
 99 
 94 
 114 
 98 
 105 
 117 
 121 
 106 
 97 
 119 
 124 
 121 
 112 
 123 
 127 
 115 
 106 
 111 
 107 
 109 
 122 
 100 
 112 
 114 
 122 
 121 
 97 
 124 
 116 
 112 
 115 
 106 
 121 
 110 
 120 
 100 
 115 
 108 
 105 
 108 
 111 
 113 
 106 
 106 
 101 
 120 
 133 
 122 
 113 
 93 
 123 
 115 
 111 
 117 
 123 
 123 
 122 
 124 
 102 
 119 
 131 
 108 
 114 
 106 
 113 
 111 
 145 
 118 
 114 
 115 
 107 
 116 
 137 
 110 
 101 
 116 
 113 
 126 
 113 
 124 
 109 
 127 
 117 
 116 
 139 
 129 
 106 
 112 
 97 
 122 
 101 
 124 
 150 
 118 
 123 
 101 
 120 
 133 
 112 
 135 
 109 
 107 
 104 
 110 
 127 
 120 
 111 
 117 
 128 
 114 
 125 
 136 
 139 
 142 
 109 
 124 
 100 
 112 
 96 
 131 
 130 
 114 
 134 
 132 
 132 
 121 
 123 
 110 
 148 
 126 
 133 
 124 
 147 
 112 
 120 
 115 
 137 
 122 
 106 
 143 
 121 
 132 
 137 
 130 
 116 
 133 
 117 
 125 
 127 
 126 
 94 
 116 
 104 
 127 
 116 
 113 
 122 
 132 
 123 
 124 
 137 
 104 
 125 
 105 
 111 
 120 
 101 
 91 
 108 
 104 
 99 
 117 
 92 
 104 
 105 
 101 
 81 
 92 
 113 
 108 
 109 
 102 
 97 
 110 
 96 
 87 
 89 
 87 
 76 
 82 
 72 
 88 
 90 
 70 
 73 
 82 
 86 
 81 
 64 
 82 
 81 
 68 
 70 
 69 
 68 
 62 
 63 
 64 
 64 
 57 
 75 
 48 
 58 
 63 
 59 
 62 
 57 
 76 
 63 
 57 
 61 
 61 
 52 
 50 
 50 
 51 
 57 
 49 
 52 
 53 
 43 
 43 
 44 
 48 
 58 
 57 
 45 
 63 
 51 
 45 
 53 
 39 
 40 
 49 
 43 
 46 
 46 
 33 
 45 
 45 
 41 
 33 
 35 
 32 
 46 
 42 
 41 
 47 
 33 
 39 
 42 
 36 
 33 
 32 
 41 
 30 
 35 
 28 
 37 
 30 
 33 
 39 
 38 
 34 
 42 
 42 
 34 
 31 
 31 
 20 
 29 
 34 
 26 
 32 
 30 
 35 
 31 
 38 
 36 
 29 
 32 
 28 
 26 
 29 
 26 
 22 
 33 
 20 
 30 
 20 
 20 
 23 
 22 
 25 
 27 
 26 
 24 
 25 
 28 
 27 
 29 
 22 
 26 
 23 
 24 
 26 
 25 
 20 
 33 
 32 
 26 
 26 
 18 
 25 
 26 
 20 
 21 
 30 
 18 
 28 
 22 
 29 
 16 
 28 
 20 
 27 
 22 
 24 
 23 
 17 
 22 
 25 
 18 
 26 
 24 
 31 
 20 
 22 
 33 
 33 
 19 
 30 
 36 
 30 
 29 
 36 
 21 
 41 
 31 
 24 
 27 
 31 
 37 
 47 
 32 
 36 
 37 
 36 
 37 
 45 
 37 
 49 
 32 
 40 
 54 
 61 
 66 
 73 
 68 
 70 
 69 
 75 
 71 
 97 
 84 
 89 
 93 
 105 
 90 
 89 
 115 
 124 
 121 
 125 
 132 
 159 
 151 
 168 
 143 
 194 
 174 
 172 
 177 
 178 
 207 
 212 
 214 
 227 
 203 
 245 
 222 
 255 
 241 
 253 
 238 
 301 
 282 
 299 
 299 
 310 
 343 
 329 
 348 
 322 
 341 
 341 
 353 
 330 
 366 
 374 
 363 
 377 
 412 
 353 
 387 
 378 
 404 
 372 
 371 
 400 
 405 
 415 
 394 
 433 
 398 
 380 
 375 
 387 
 395 
 361 
 374 
 376 
 380 
 387 
 386 
 344 
 334 
 343 
 412 
 322 
 341 
 358 
 316 
 373 
 325 
 301 
 297 
 284 
 295 
 258 
 268 
 292 
 292 
 225 
 225 
 245 
 238 
 216 
 193 
 232 
 191 
 192 
 184 
 186 
 168 
 162 
 147 
 143 
 159 
 138 
 123 
 122 
 119 
 119 
 117 
 120 
 101 
 93 
 106 
 103 
 109 
 83 
 75 
 79 
 60 
 71 
 71 
 60 
 88 
 60 
 45 
 53 
 61 
 50 
 47 
 45 
 36 
 36 
 34 
 29 
 37 
 36 
 37 
 33 
 19 
 29 
 24 
 27 
 29 
 16 
 28 
 19 
 9 
 13 
 15 
 27 
 21 
 12 
 12 
 16 
 17 
 13 
 13 
 16 
 10 
 15 
 4 
 18 
 11 
 9 
 11 
 10 
 16 
 11 
 9 
 4 
 11 
 7 
 10 
 6 
 5 
 5 
 7 
 8 
 9 
 10 
 9 
 11 
 8 
 12 
 10 
 3 
 11 
 11 
 8 
 8 
 5 
 6 
 8 
 8 
 4 
 11 
 10 
 6 
 4 
 8 
 13 
 8 
 12 
 5 
 8 
 5 
 7 
 12 
 9 
 9 
 10 
 7 
 9 
 6 
 10 
 8 
 6 
 8 
 12 
 9 
 5 
 4 
 7 
 6 
 8 
 7 
 7 
 7 
 6 
 7 
 9 
 5 
 14 
 8 
 5 
 7 
 6 
 10 
 8 
 5 
 4 
 4 
 7 
 3 
 7 
 5 
 9 
 10 
 6 
 11 
 6 
 11 
 7 
 10 
 3 
 7 
 12 
 7 
 2 
 8 
 3 
 8 
 8 
 5 
 4 
 8 
 6 
 1 
 4 
 4 
 10 
 10 
 7 
 4 
 4 
 11 
 3 
 8 
 4 
 7 
 3 
 7 
 10 
 10 
 3 
 10 
 4 
 7 
 9 
 1 
 14 
 5 
 5 
 3 
 9 
 8 
 3 
 5 
 9 
 9 
 9 
 11 
 5 
 4 
 10 
 7 
 4 
 4 
 9 
 13 
 4 
 6 
 6 
 3 
 6 
 8 
 8 
 6 
 8 
 5 
 9 
 6 
 5 
 7 
 7 
 3 
 6 
 5 
 6 
 8 
 7 
 3 
 8 
 12 
 9 
 6 
 9 
 8 
 11 
 6 
 6 
 5 
 5 
 6 
 5 
 3 
 6 
 9 
 9 
 4 
 6 
 3 
 4 
 3 
 10 
 6 
 5 
 5 
 4 
 2 
 4 
 6 
 7 
 5 
 10 
 4 
 5 
 10 
 6 
 3 
 6 
 6 
 5 
 5 
 6 
 7 
 15 
 8 
 5 
 5 
 2 
 8 
 9 
 6 
 6 
 5 
 1 
 5 
 6 
 3 
 6 
 6 
 5 
 4 
 8 
 5 
 9 
 11 
 4 
 7 
 5 
 5 
 10 
 9 
 4 
 5 
 6 
 6 
 1 
 7 
 4 
 2 
 3 
 8 
 4 
 4 
 4 
 4 
 5 
 6 
 3 
 5 
 6 
 3 
 7 
 5 
 3 
 0 
 4 
 0 
 0 
 5 
 7 
 5 
 3 
 1 
 3 
 1 
 2 
 2 
 8 
 7 
 3 
 3 
 5 
 2 
 0 
 6 
 1 
 2 
 1 
 2 
 4 
 4 
 4 
 7 
 1 
 4 
 1 
 1 
 2 
 2 
 6 
 0 
 2 
 1 
 1 
 1 
 2 
 3 
 4 
 5 
 5 
 3 
 3 
 8 
 1 
 2 
 4 
 2 
 1 
 4 
 3 
 6 
 3 
 3 
 5 
 4 
 3 
 1 
 1 
 2 
 4 
 2 
 4 
 1 
 3 
 1 
 2 
 5 
 0 
 0 
 1 
 1 
 5 
 0 
 2 
 4 
 2 
 5 
 2 
 3 
 4 
 2 
 1 
 3 
 0 
 4 
 4 
 2 
 3 
 1 
 0 
 3 
 3 
 5 
 3 
 3 
 3 
 2 
 3 
 1 
 2 
 3 
 1 
 5 
 3 
 5 
 0 
 2 
 6 
 3 
 1 
 7 
 2 
 2 
 5 
 3 
 1 
 2 
 3 
 5 
 3 
 1 
 3 
 2 
 3 
 4 
 2 
 2 
 3 
 3 
 4 
 2 
 6 
 4 
 3 
 2 
 0 
 3 
 6 
 6 
 3 
 7 
 2 
 3 
 1 
 6 
 6 
 5 
 1 
 4 
 3 
 3 
 3 
 5 
 4 
 4 
 9 
 2 
 5 
 5 
 7 
 5 
 6 
 9 
 7 
 9 
 5 
 5 
 3 
 6 
 6 
 9 
 7 
 5 
 9 
 4 
 2 
 6 
 7 
 7 
 9 
 5 
 8 
 7 
 9 
 7 
 8 
 7 
 2 
 12 
 9 
 13 
 8 
 7 
 12 
 5 
 10 
 7 
 9 
 7 
 9 
 8 
 10 
 6 
 10 
 15 
 8 
 6 
 13 
 6 
 7 
 5 
 2 
 8 
 11 
 7 
 14 
 7 
 3 
 9 
 6 
 12 
 7 
 10 
 13 
 10 
 3 
 2 
 3 
 10 
 10 
 9 
 3 
 1 
 6 
 12 
 5 
 8 
 6 
 6 
 10 
 4 
 6 
 7 
 8 
 6 
 6 
 8 
 4 
 6 
 4 
 5 
 5 
 8 
 4 
 7 
 6 
 4 
 4 
 6 
 7 
 2 
 5 
 4 
 3 
 1 
 3 
 0 
 3 
 5 
 1 
 3 
 4 
 2 
 2 
 0 
 3 
 2 
 5 
 2 
 1 
 2 
 0 
 1 
 1 
 2 
 2 
 1 
 1 
 0 
 0 
 1 
 1 
 0 
 1 
 0 
 1 
 1 
 0 
 0 
 2 
 0 
 0 
 0 
 0 
 0 
 1 
 0 
 0 
 0 
 0 
 1 
 1 
 0 
 0 
 0 
 0 
 0 
 0 
 0 
 0 
 0 
 0 
 0 
 0 
 1 
 0 
 0 
 0 
 1 
 0 
 1 
 0 
 0 
 0 
 1 
 0 
 0 
 0 
 0 
 0 
 0 
 0 
 0 
 0 
 0 
 0 
 0 
 0 
 0 
 0 
 0 
 1 
 0 
 0 
 0 
 0 
 0 
 0 
 0 
 0 
 0 
 0 
 0 
 0 
 0 
 0 
 0 
 0 
 0 
 0 
 0 
 1 
 0 
 0 
 0 
 0 
 0 
 0 
 0 
 0 
 0 
 1 
 0 
 0 
 0 
 0 
 0 
 1 
 1 
 0 
 0 
 0 
 0 
 0 
 0 
 0 
 0 
 0 
 0 
 0 
 0 
 0 
 1 
 1 
 0 
 1 
 0 
 0 
 0 
 0 
 1 
 1 
 0 
 0 
 0 
 1 
 0 
 0 
 0 
 0 
 0 
 0 
 0 
 0 
 0 
 0 
 0 
 0 
 0 
 0 
 0 
 1 
 1 
 0 
 0 
 0 
 0 
 0 
 0 
 1 
 0 
 0 
 0 
 0 
 0 
 0 
 0 
 0 
 0 
 0 
 0 
 0 
 0 
 0 
 0 
 1 
 0 
 0 
 0 
 0 
 0 
 0 
 0 
 0 
 0 
 0 
 0 
 0 
 0 
 0 
 0 
 0 
 0 
 0 
 0 
 0 
 0 
 0 
 2 
 1 
 0 
 0 
 0 
 1 
 0 
 0 
 0 
 1 
 0 
 0 
 0 
 0 
 0 
 1 
 0 
 0 
 0 
 0 
 0 
 1 
 0 
 0 
 0 
 0 
 0 
 0 
 0 
 0 
 0 
 1 
 0 
 0 
 0 
 0 
 0 
 0 
 0 
 0 
 0 
 0 
 1 
 0 
 0 
 0 
 0 
 0 
 0 
 0 
 0 
 0 
 0 
 0 
 0 
 0 
 0 
 0 
 0 
 0 
 0 
 0 
 0 
 0 
 1 
 0 
 0 
 0 
 1 
 0 
 1 
 1 
 0 
 0 
 0 
 0 
 0 
 0 
 2 
 0 
 0 
 0 
 0 
 0 
 0 
 0 
 0 
 0 
 0 
 0 
 0 
 0 
 0 
 0 
 0 
 0 
 0 
 0 
 0 
 0 
 0 
 0 
 0 
 0 
 0 
 0 
 0 
 1 
 0 
 0 
 0 
 0 
 0 
 0 
 0 
 0 
 0 
 0 
 0 
 0 
 0 
 0 
 0 
 0 
 0 
 0 
 0 
 0 
 0 
 0 
 0 
 1 
 1 
 0 
 0 
 1 
 0 
 0 
 0 
 0 
 0 
 0 
 2 
 0 
 0 
 0 
 0 
 0 
 0 
 0 
 0 
 0 
 0 
 0 
 0 
 0 
 0 
 0 
 0 
 0 
 0 
 0 
 0 
 0 
 1 
 0 
 0 
 0 
 0 
 0 
 0 
 0 
 0 
 0 
 0 
 0 
 0 
 0 
 0 
 0 
 0 
 0 
 0 
 0 
 0 
 0 
 0 
 0 
 0 
 0 
 0 
 0 
 0 
 0 
 0 
 0 
 0 
 0 
 1 
 0 
 0 
 0 
 0 
 0 
 0 
 0 
 0 
 0 
 0 
 0 
 0 
 0 
 0 
 0 
 0 
 0 
 1 
 0 
 0 
 0 
 0 
 1 
 0 
 0 
 0 
 0 
 0 
 0 
 0 
 0 
 0 
 0 
 0 
 0 
 0 
 0 
 0 
 1 
 0 
 0 
 0 
 0 
 0 
 0 
 0 
 0 
 0 
 0 
 0 
 0 
 0 
 0 
 0 
 1 
 0 
 1 
 0 
 0 
 0 
 1 
 0 
 0 
 0 
 0 
 0 
 0 
 1 
 0 
 0 
 0 
 0 
 0 
 0 
 0 
 0 
 0 
 0 
 0 
 1 
 0 
 0 
 0 
 1 
 0 
 0 
 0 
 1 
 2 
 0 
 0 
 0 
 1 
 0 
 0 
 0 
 0 
 0 
 0 
 0 
 0 
 0 
 0 
 0 
 0 
 0 
 0 
 0 
 0 
 1 
 0 
 0 
 0 
 0 
 0 
 0 
 0 
 0 
 0 
 0 
 0 
 0 
 0 
 0 
 0 
 0 
 0 
 0 
 0 
 0 
 0 
 0 
 0 
 1 
 0 
 0 
 0 
 0 
 0 
 0 
 0 
 0 
 0 
 1 
 0 
 1 
 1 
 0 
 0 
 0 
 0 
 0 
 0 
 0 
 0 
 0 
 1 
 0 
 0 
 0 
 0 
 0 
 0 
 0 
 0 
 0 
 0 
 0 
 0 
 1 
 1 
 0 
 0 
 0 
 0 
 1 
 0 
 0 
 0 
 0 
 1 
 0 
 0 
 0 
 0 
 0 
 0 
 0 
 0 
 0 
 0 
 0 
 0 
 0 
 1 
 0 
 0 
 0 
 0 
 0 
 0 
 0 
 0 
 0 
 0 
 0 
 0 
 0 
 0 
 0 
 0 
 2 
 1 
 0 
 0 
 0 
 0 
 0 
 0 
 0 
 0 
 0 
 0 
 0 
 0 
 0 
 0 
 0 
 0 
 0 
 0 
 0 
 0 
 0 
 1 
 0 
 0 
 0 
 0 
 1 
 0 
 0 
 0 
 0 
 0 
 0 
 0 
 0 
 0 
 0 
 0 
 0 
 0 
 0 
 0 
 0 
 0 
 0 
 0 
 0 
 0 
 0 
 0 
 0 
 0 
 0 
 0 
 0 
 0 
 0 
 0 
 0 
 0 
 0 
 0 
 0 
 0 
 0 
 0 
 0 
 0 
 0 
 0 
 0 
 0 
 0 
 1 
 0 
 0 
 0 
 0 
 0 
 0 
 0 
 0 
 0 
 0 
 0 
 0 
 0 
 0 
 0 
 0 
 0 
 0 
 0 
 0 
 1 
 0 
 0 
 0 
 0 
 0 
 0 
 0 
 0 
 0 
 0 
 0 
 1 
 0 
 0 
 0 
 0 
 0 
 0 
 0 
 0 
 0 
 0 
 0 
 0 
 0 
 0 
 0 
 0 
 0 
 0 
 0 
 0 
 0 
 0 
 0 
 0 
 0 
 0 
 0 
 0 
 0 
 0 
 0 
 0 
 0 
 0 
 0 
 0 
 0 
 0 
 0 
 0 
 0 
 0 
 0 
 0 
 0 
 0 
 0 
 0 
 0 
 0 
 0 
 0 
 1 
 0 
 1 
 0 
 0 
 0 
 0 
 0 
 0 
 0 
 0 
 0 
 1 
 0 
 0 
 0 
 0 
 0 
 0 
 0 
 0 
 0 
 0 
 0 
 0 
 0 
 0 
 0 
 0 
 0 
 0 
 1 
 0 
 0 
 0 
 0 
 0 
 0 
 0 
 0 
 0 
 0 
 1 
 1 
 0 
 1 
 0 
 0 
 0 
 0 
 0 
 0 
 0 
 0 
 0 
 0 
 0 
 0 
 0 
 0 
 0 
 0 
 0 
 1 
 0 
 0 
 0 
 0 
 0 
 0 
 0 
 0 
 0 
 0 
 0 
 0 
 0 
 0 
 0 
 0 
 0 
 0 
 0 
 0 
 0 
 0 
 0 
 0 
 0 
 0 
 0 
 0 
 0 
 0 
 0 
 0 
 0 
 0 
 0 
 0 
 0 
 0 
 1 
 0 
 0 
 0 
 0 
 0 
 0 
 0 
 0 
 0 
 0 
 0 
 0 
 0 
 0 
 0 
 0 
 0 
 0 
 0 
 0 
 0 
 0 
 0 
 0 
 0 
 0 
 0 
 0 
 0 
 0 
 0 
 1 
 0 
 0 
 0 
 0 
 0 
 0 
 1 
 0 
 0 
 0 
 0 
 0 
 0 
 0 
 0 
 0 
 0 
 0 
 0 
 0 
 0 
 1 
 0 
 0 
 0 
 0 
 0 
 0 
 0 
 0 
 0 
 0 
 0 
 0 
 0 
 0 
 0 
 0 
 0 
 0 
 0 
 0 
 0 
 0 
 0 
 0 
 0 
 0 
 0 
 0 
 0 
 0 
 0 
 0 
 0 
 0 
 0 
 0 
 0 
 0 
 0 
 0 
 0 
 0 
 0 
 0 
 0 
 0 
 0 
 0 
 0 
 0 
 0 
 0 
 0 
 0 
 0 
 0 
 0 
 0 
 0 
 0 
 1 
 0 
 0 
 0 
 0 
 0 
 0 
 0 
 0 
 0 
 0 
 0 
 0 
 0 
 0 
 0 
 0 
 0 
 0 
 0 
 0 
 0 
 0 
 0 
 0 
 0 
 0 
 0 
 0 
 0 
 0 
 0 
 0 
 0 
 0 
 0 
 0 
 0 
 0 
 0 
 0 
 0 
 0 
 0 
 0 
 0 
 0 
 0 
 0 
 0 
 0 
 0 
 0 
 0 
 0 
 0 
 0 
 0 
 0 
 0 
 0 
 0 
 0 
 0 
 0 
 0 
 0 
 0 
 0 
 0 
 0 
 0 
 0 
 0 
 0 
 0 
 0 
 0 
 0 
 0 
 0 
 0 
 0 
 0 
 0 
 0 
 0 
 0 
 0 
 0 
 0 
 0 
 0 
 0 
 0 
 0 
 0 
 0 
 0 
 0 
 0 
 0 
 0 
 0 
 0 
 0 
 0 
 0 
 0 
 0 
 0 
 0 
 0 
 0 
 0 
 0 
 0 
 0 
 0 
 1 
 0 
 0 
 0 
 0 
 0 
 0 
 0 
 0 
 0 
 0 
 0 
 0 
 0 
 0 
 0 
 0 
 0 
 0 
 0 
 0 
 0 
 0 
 0 
 0 
 0 
 0 
 0 
 0 
 0 
 0 
 0 
 0 
 0 
 0 
 0 
 0 
 0 
 0 
 0 
 0 
 0 
 0 
 0 
 0 
 0 
 0 
 0 
 0 
 0 
 0 
 0 
 0 
 0 
 0 
 0 
 0 
 0 
 0 
 0 
 0 
 0 
 0 
 0 
 0 
 0 
 0 
 0 
 0 
 0 
 0 
 0 
 0 
 0 
 1 
 0 
 0 
 0 
 0 
 0 
 0 
 0 
 0 
 0 
 0 
 0 
 0 
 0 
 0 
 0 
 0 
 0 
 0 
 0 
 0 
 0 
 0 
 0 
 0 
 0 
 0 
 0 
 0 
 0 
 0 
 0 
 0 
 0 
 0 
 0 
 0 
 0 
 0 
 1 
 0 
 0 
 0 
 0 
 0 
 0 
 0 
 0 
 0 
 0 
 0 
 0 
 0 
 0 
 0 
 0 
 0 
 0 
 0 
 0 
 0 
 0 
 0 
 0 
 0 
 0 
 0 
 0 
 0 
 0 
 0 
 0 
 0 
 0 
 0 
 0 
 0 
 0 
 0 
 0 
 0 
 0 
 0 
 0 
 0 
 0 
 0 
 0 
 0 
 0 
 0 
 0 
 0 
 0 
 0 
 0 
 0 
 0 
 0 
 0 
 0 
 0 
 0 
 0 
 0 
 0 
 0 
 0 
 0 
 0 
 0 
 0 
 0 
 0 
 0 
 0 
 0 
 0 
 0 
 0 
 0 
 0 
 0 
 0 
 0 
 0 
 0 
 0 
 0 
 0 
 0 
 0 
 0 
 0 
 0 
 0 
 0 
 0 
 0 
 0 
 0 
 0 
 0 
 0 
 0 
 0 
 0 
 0 
 0 
 0 
 0 
 0 
 0 
 0 
 0 
 0 
 1 
 0 
 0 
 0 
 0 
 0 
 0 
 0 
 0 
 0 
 0 
 0 
 0 
 0 
 0 
 0 
 0 
 0 
 0 
 0 
 0 
 0 
 0 
 0 
 0 
 0 
 0 
 0 
 0 
 0 
 0 
 0 
 0 
 0 
 0 
 0 
 0 
 0 
 0 
 0 
 0 
 0 
 0 
 0 
 0 
 0 
 0 
 0 
 0 
 0 
 0 
 0 
 0 
 0 
 0 
 0 
 0 
 0 
 0 
 0 
 0 
 0 
 0 
 0 
 0 
 0 
 0 
 0 
 0 
 0 
 0 
 0 
 0 
 0 
 0 
 0 
 0 
 0 
 1 
 0 
 0 
 0 
 0 
 0 
 0 
 0 
 0 
 0 
 0 
 0 
 0 
 0 
 0 
 0 
 0 
 0 
 0 
 0 
 0 
 0 
 0 
 0 
 0 
 0 
 0 
 0 
 0 
 0 
 0 
 0 
 0 
 0 
 0 
 0 
 0 
 0 
 0 
 0 
 0 
 0 
 0 
 0 
 0 
 0 
 0 
 1 
 0 
 0 
 0 
 0 
 0 
 0 
 0 
 0 
 0 
 1 
 0 
 0 
 0 
 0 
 0 
 0 
 0 
 0 
 0 
 0 
 0 
 0 
 0 
 0 
 0 
 0 
 0 
 0 
 0 
 0 
 0 
 0 
 0 
 0 
 0 
 0 
 0 
 0 
 0 
 0 
 0 
 0 
 0 
 0 
 0 
 0 
 0 
 0 
 0 
 0 
 0 
 0 
 0 
 0 
 0 
 0 
 0 
 0 
 0 
 0 
 0 
 0 
 0 
 0 
 0 
 0 
 0 
 0 
 0 
 0 
 0 
 0 
 0 
 0 
 0 
 0 
 0 
 0 
 0 
 0 
 0 
 0 
 0 
 0 
 0 
 0 
 0 
 0 
 0 
 0 
 0 
 0 
 0 
 0 
 0 
 0 
 0 
 0 
 0 
 0 
 0 
 0 
 0 
 0 
 0 
 0 
 0 
 0 
 0 
 0 
 0 
 0 
 0 
 0 
 0 
 0 
 0 
 0 
 0 
 0 
 0 
 0 
 0 
 0 
 0 
 0 
 0 
 0 
 0 
 0 
 0 
 0 
 0 
 0 
 0 
 0 
 0 
 0 
 0 
 0 
 0 
 0 
 0 
 0 
 0 
 0 
 0 
 0 
 0 
 0 
 0 
 1 
 0 
 0 
 0 
 0 
 0 
 0 
 0 
 0 
 0 
 0 
 0 
 0 
 0 
 0 
 0 
 0 
 0 
 0 
 0 
 0 
 0 
 0 
 0 
 0 
 0 
 0 
 0 
 0 
 0 
 0 
 0 
 0 
 0 
 0 
 0 
 0 
 0 
 0 
 0 
 0 
 0 
 0 
 0 
 0 
 0 
 0 
 0 
 0 
 0 
 0 
 0 
 0 
 0 
 0 
 0 
 0 
 0 
 0 
 0 
 0 
 0 
 0 
 0 
 0 
 0 
 0 
 0 
 0 
 0 
 0 
 0 
 0 
 0 
 0 
 0 
 0 
 0 
 0 
 0 
 0 
 0 
 0 
 0 
 0 
 0 
 0 
 0 
 0 
 0 
 0 
 0 
 0 
 0 
 0 
 0 
 1 
 0 
 0 
 0 
 0 
 0 
 0 
 0 
 0 
 0 
 0 
 0 
 0 
 0 
 0 
 0 
 0 
 0 
 0 
 0 
 0 
 0 
 0 
 0 
 0 
 0 
 0 
 0 
 0 
 0 
 0 
 0 
 0 
 0 
 0 
 0 
 0 
 0 
 0 
 0 
 0 
 0 
 0 
 0 
 0 
 0 
 0 
 0 
 0 
 0 
 0 
 0 
 0 
 0 
 0 
 0 
 0 
 0 
 0 
 0 
 0 
 0 
 0 
 0 
 0 
 0 
 0 
 0 
 0 
 0 
 0 
 0 
 0 
 0 
 0 
 0 
 0 
 0 
 0 
 0 
 0 
 0 
 0 
 0 
 0 
 0 
 0 
 0 
 0 
 0 
 0 
 0 
 0 
 0 
 0 
 0 
 0 
 0 
 0 
 0 
 0 
 0 
 0 
 0 
 0 
 0 
 0 
 0 
 0 
 0 
 0 
 0 
 0 
 0 
 0 
 0 
 0 
 0 
 0 
 0 
 0 
 0 
 0 
 0 
 0 
 0 
 0 
 0 
 0 
 0 
 0 
 0 
 0 
 0 
 0 
 0 
 0 
 0 
 0 
 0 
 0 
 0 
 0 
 0 
 0 
 0 
 0 
 0 
 0 
 0 
 0 
 0 
 0 
 0 
 0 
 0 
 0 
 0 
 0 
 1 
 0 
 0 
 0 
 0 
 0 
 0 
 0 
 0 
 0 
 0 
 0 
 0 
 0 
 0 
 0 
 0 
 0 
 0 
 0 
 0 
 0 
 0 
 0 
 0 
 0 
 0 
 0 
 0 
 0 
 0 
 0 
 0 
 0 
 0 
 1 
 0 
 0 
 0 
 0 
 0 
 0 
 0 
 0 
 0 
 0 
 0 
 0 
 0 
 0 
 0 
 0 
 0 
 0 
 0 
 0 
 0 
 0 
 0 
 0 
 0 
 0 
 0 
 0 
 0 
 0 
 0 
 0 
 0 
 0 
 0 
 0 
 0 
 0 
 0 
 0 
 0 
 0 
 0 
 0 
 0 
 0 
 0 
 0 
 0 
 0 
 0 
 0 
 0 
 0 
 0 
 0 
 0 
 0 
 0 
 0 
 0 
 0 
 0 
 0 
 0 
 0 
 0 
 0 
 0 
 0 
 0 
 0 
 0 
 0 
 0 
 0 
 0 
 0 
 0 
 0 
 0 
 0 
 0 
 0 
 0 
 0 
 0 
 0 
 0 
 0 
 0 
 0 
 0 
 0 
 0 
 0 
 0 
 0 
 0 
 0 
 0 
 0 
 0 
 0 
 0 
 0 
 0 
 0 
 0 
 0 
 0 
 0 
 0 
 0 
 0 
 0 
 0 
 0 
 0 
 0 
