 0 
 0 
 0 
 1 
 1 
 0 
 0 
 0 
 0 
 0 
 1 
 0 
 0 
 0 
 2 
 0 
 2 
 1 
 3 
 3 
 2 
 4 
 4 
 5 
 7 
 12 
 13 
 19 
 29 
 47 
 69 
 78 
 115 
 131 
 153 
 203 
 241 
 272 
 255 
 305 
 336 
 341 
 360 
 347 
 365 
 380 
 405 
 364 
 423 
 417 
 394 
 416 
 418 
 421 
 444 
 418 
 429 
 427 
 406 
 415 
 425 
 432 
 432 
 416 
 420 
 418 
 473 
 471 
 465 
 491 
 497 
 513 
 501 
 595 
 577 
 556 
 551 
 593 
 568 
 593 
 605 
 612 
 628 
 606 
 641 
 605 
 628 
 645 
 664 
 683 
 694 
 699 
 703 
 723 
 776 
 765 
 750 
 697 
 745 
 744 
 720 
 670 
 682 
 680 
 592 
 566 
 561 
 572 
 570 
 514 
 487 
 537 
 483 
 463 
 468 
 442 
 441 
 450 
 415 
 458 
 418 
 428 
 419 
 407 
 377 
 406 
 398 
 432 
 410 
 426 
 384 
 393 
 383 
 434 
 395 
 428 
 462 
 415 
 400 
 386 
 414 
 398 
 399 
 342 
 423 
 408 
 378 
 392 
 408 
 388 
 388 
 379 
 395 
 388 
 400 
 396 
 410 
 391 
 421 
 412 
 424 
 401 
 402 
 418 
 438 
 409 
 422 
 456 
 427 
 406 
 404 
 412 
 370 
 377 
 421 
 412 
 401 
 436 
 401 
 402 
 436 
 451 
 451 
 426 
 427 
 445 
 430 
 424 
 414 
 439 
 438 
 439 
 455 
 488 
 473 
 443 
 421 
 426 
 426 
 449 
 449 
 472 
 476 
 483 
 493 
 498 
 504 
 476 
 510 
 461 
 481 
 509 
 476 
 486 
 450 
 491 
 525 
 510 
 452 
 481 
 531 
 515 
 471 
 457 
 463 
 507 
 480 
 489 
 462 
 484 
 493 
 461 
 444 
 511 
 479 
 438 
 464 
 419 
 429 
 446 
 456 
 480 
 493 
 463 
 439 
 462 
 474 
 495 
 490 
 461 
 452 
 462 
 459 
 453 
 461 
 467 
 473 
 474 
 448 
 472 
 455 
 468 
 446 
 441 
 410 
 425 
 455 
 471 
 476 
 461 
 438 
 456 
 442 
 474 
 449 
 413 
 467 
 414 
 427 
 419 
 490 
 472 
 473 
 440 
 399 
 413 
 429 
 468 
 409 
 420 
 417 
 418 
 429 
 408 
 465 
 455 
 434 
 447 
 416 
 426 
 436 
 425 
 446 
 401 
 424 
 400 
 416 
 428 
 413 
 435 
 440 
 390 
 399 
 394 
 412 
 424 
 429 
 419 
 393 
 428 
 451 
 407 
 424 
 410 
 396 
 445 
 396 
 398 
 408 
 408 
 404 
 424 
 403 
 455 
 424 
 450 
 426 
 432 
 424 
 428 
 419 
 449 
 426 
 442 
 411 
 430 
 401 
 451 
 382 
 460 
 462 
 421 
 415 
 419 
 432 
 411 
 443 
 418 
 415 
 402 
 406 
 406 
 389 
 380 
 381 
 415 
 434 
 405 
 377 
 395 
 375 
 414 
 408 
 405 
 394 
 404 
 365 
 389 
 397 
 392 
 349 
 349 
 380 
 347 
 347 
 339 
 342 
 343 
 337 
 350 
 358 
 335 
 328 
 318 
 310 
 336 
 302 
 326 
 295 
 310 
 294 
 330 
 304 
 300 
 309 
 305 
 279 
 312 
 311 
 284 
 299 
 295 
 277 
 328 
 295 
 293 
 302 
 326 
 335 
 292 
 262 
 299 
 296 
 306 
 300 
 292 
 281 
 310 
 308 
 278 
 296 
 286 
 329 
 292 
 276 
 250 
 308 
 312 
 295 
 287 
 290 
 287 
 274 
 262 
 295 
 236 
 272 
 287 
 270 
 294 
 312 
 267 
 295 
 310 
 323 
 292 
 302 
 286 
 302 
 299 
 287 
 258 
 310 
 272 
 283 
 315 
 263 
 286 
 277 
 265 
 262 
 254 
 246 
 292 
 269 
 282 
 263 
 285 
 273 
 310 
 284 
 278 
 266 
 285 
 279 
 270 
 298 
 287 
 269 
 305 
 286 
 281 
 260 
 285 
 253 
 296 
 309 
 294 
 295 
 304 
 298 
 314 
 273 
 257 
 297 
 274 
 284 
 267 
 293 
 295 
 292 
 278 
 259 
 271 
 295 
 306 
 277 
 280 
 309 
 301 
 272 
 273 
 285 
 292 
 307 
 298 
 296 
 327 
 306 
 315 
 306 
 342 
 327 
 320 
 339 
 345 
 367 
 341 
 402 
 385 
 415 
 408 
 418 
 494 
 469 
 506 
 548 
 513 
 611 
 630 
 639 
 700 
 736 
 762 
 763 
 825 
 864 
 961 
 934 
 975 
 977 
 985 
 1113 
 1146 
 1209 
 1243 
 1359 
 1367 
 1396 
 1474 
 1506 
 1484 
 1589 
 1589 
 1608 
 1699 
 1753 
 1680 
 1742 
 1795 
 1731 
 1764 
 1831 
 1768 
 1727 
 1823 
 1742 
 1778 
 1654 
 1721 
 1707 
 1668 
 1641 
 1564 
 1572 
 1485 
 1478 
 1408 
 1333 
 1329 
 1275 
 1154 
 1190 
 1100 
 1050 
 976 
 976 
 942 
 896 
 802 
 740 
 728 
 722 
 640 
 590 
 540 
 520 
 513 
 444 
 423 
 403 
 397 
 367 
 350 
 305 
 305 
 269 
 267 
 220 
 210 
 222 
 208 
 193 
 203 
 166 
 145 
 151 
 147 
 139 
 137 
 119 
 120 
 142 
 115 
 133 
 140 
 119 
 112 
 100 
 104 
 120 
 131 
 119 
 129 
 101 
 116 
 100 
 132 
 124 
 102 
 117 
 107 
 109 
 116 
 119 
 99 
 122 
 92 
 126 
 99 
 120 
 116 
 115 
 94 
 105 
 104 
 114 
 111 
 106 
 125 
 102 
 105 
 105 
 115 
 123 
 105 
 112 
 102 
 102 
 105 
 131 
 107 
 110 
 101 
 109 
 112 
 92 
 109 
 113 
 93 
 113 
 114 
 119 
 100 
 98 
 111 
 98 
 119 
 126 
 105 
 114 
 107 
 107 
 106 
 115 
 99 
 118 
 113 
 112 
 109 
 109 
 114 
 105 
 118 
 100 
 97 
 99 
 93 
 102 
 93 
 112 
 123 
 108 
 116 
 90 
 112 
 120 
 100 
 109 
 106 
 96 
 107 
 105 
 108 
 106 
 115 
 100 
 114 
 117 
 118 
 114 
 115 
 131 
 90 
 108 
 100 
 110 
 127 
 106 
 110 
 99 
 92 
 96 
 125 
 107 
 111 
 131 
 124 
 107 
 109 
 95 
 104 
 102 
 105 
 123 
 115 
 96 
 111 
 90 
 100 
 104 
 111 
 111 
 117 
 120 
 93 
 119 
 111 
 107 
 101 
 108 
 100 
 114 
 110 
 109 
 93 
 92 
 100 
 97 
 108 
 92 
 102 
 105 
 113 
 104 
 102 
 99 
 127 
 108 
 103 
 98 
 96 
 97 
 113 
 108 
 103 
 119 
 103 
 107 
 106 
 123 
 108 
 101 
 97 
 105 
 110 
 106 
 95 
 100 
 111 
 100 
 108 
 128 
 96 
 120 
 106 
 94 
 108 
 108 
 102 
 90 
 96 
 100 
 80 
 113 
 104 
 89 
 97 
 105 
 105 
 123 
 101 
 101 
 109 
 115 
 102 
 111 
 119 
 102 
 103 
 110 
 124 
 100 
 129 
 103 
 116 
 105 
 107 
 114 
 108 
 99 
 105 
 128 
 91 
 115 
 85 
 104 
 85 
 105 
 96 
 116 
 115 
 122 
 107 
 123 
 121 
 123 
 96 
 91 
 106 
 109 
 102 
 110 
 132 
 92 
 106 
 106 
 98 
 102 
 122 
 98 
 111 
 115 
 104 
 97 
 125 
 94 
 84 
 103 
 95 
 99 
 103 
 95 
 113 
 106 
 112 
 100 
 97 
 114 
 114 
 109 
 105 
 106 
 109 
 110 
 100 
 93 
 109 
 102 
 93 
 111 
 126 
 86 
 105 
 109 
 120 
 108 
 119 
 116 
 104 
 82 
 116 
 125 
 97 
 91 
 105 
 90 
 108 
 109 
 118 
 111 
 103 
 103 
 97 
 115 
 92 
 95 
 113 
 116 
 105 
 95 
 105 
 119 
 101 
 88 
 120 
 106 
 121 
 105 
 108 
 102 
 90 
 119 
 92 
 106 
 120 
 112 
 110 
 103 
 124 
 96 
 111 
 100 
 111 
 111 
 97 
 108 
 131 
 105 
 110 
 133 
 108 
 101 
 103 
 113 
 89 
 98 
 108 
 124 
 107 
 96 
 106 
 115 
 107 
 107 
 88 
 109 
 102 
 111 
 114 
 119 
 99 
 122 
 109 
 102 
 113 
 117 
 107 
 109 
 122 
 112 
 110 
 110 
 97 
 121 
 107 
 113 
 103 
 112 
 113 
 92 
 107 
 114 
 106 
 107 
 114 
 124 
 110 
 109 
 112 
 134 
 107 
 110 
 118 
 102 
 106 
 116 
 113 
 123 
 115 
 105 
 114 
 126 
 103 
 113 
 131 
 106 
 133 
 130 
 108 
 109 
 133 
 134 
 125 
 117 
 115 
 118 
 116 
 117 
 119 
 115 
 111 
 110 
 109 
 123 
 129 
 97 
 116 
 133 
 112 
 109 
 102 
 108 
 127 
 128 
 131 
 133 
 129 
 123 
 140 
 129 
 118 
 110 
 130 
 130 
 129 
 121 
 119 
 119 
 118 
 117 
 126 
 144 
 128 
 125 
 136 
 128 
 122 
 130 
 118 
 116 
 128 
 125 
 134 
 129 
 130 
 133 
 128 
 110 
 121 
 124 
 132 
 128 
 124 
 114 
 115 
 107 
 97 
 120 
 134 
 132 
 109 
 104 
 127 
 106 
 124 
 111 
 114 
 94 
 114 
 117 
 139 
 94 
 92 
 126 
 84 
 92 
 116 
 93 
 113 
 107 
 91 
 96 
 86 
 117 
 93 
 78 
 103 
 97 
 84 
 80 
 83 
 83 
 67 
 77 
 85 
 84 
 90 
 65 
 90 
 79 
 80 
 73 
 83 
 70 
 84 
 74 
 71 
 62 
 72 
 76 
 64 
 59 
 69 
 63 
 61 
 58 
 61 
 59 
 50 
 57 
 56 
 53 
 49 
 56 
 57 
 52 
 68 
 67 
 62 
 51 
 45 
 44 
 59 
 44 
 56 
 47 
 39 
 51 
 44 
 48 
 43 
 44 
 52 
 52 
 48 
 40 
 46 
 39 
 38 
 27 
 38 
 45 
 35 
 51 
 44 
 34 
 44 
 44 
 41 
 38 
 39 
 30 
 31 
 35 
 38 
 42 
 25 
 34 
 30 
 33 
 38 
 28 
 38 
 29 
 40 
 36 
 30 
 32 
 27 
 21 
 21 
 22 
 32 
 28 
 35 
 31 
 34 
 31 
 26 
 34 
 32 
 34 
 24 
 20 
 23 
 34 
 24 
 28 
 36 
 27 
 25 
 30 
 27 
 32 
 26 
 31 
 26 
 25 
 17 
 29 
 29 
 29 
 30 
 25 
 25 
 23 
 36 
 25 
 31 
 23 
 19 
 22 
 21 
 21 
 23 
 32 
 25 
 25 
 22 
 24 
 31 
 22 
 28 
 19 
 26 
 28 
 21 
 30 
 15 
 21 
 16 
 27 
 26 
 21 
 27 
 25 
 20 
 30 
 21 
 19 
 29 
 22 
 42 
 33 
 37 
 27 
 27 
 26 
 24 
 25 
 32 
 28 
 24 
 34 
 28 
 34 
 34 
 32 
 39 
 36 
 39 
 52 
 44 
 59 
 43 
 45 
 54 
 43 
 45 
 68 
 59 
 60 
 69 
 80 
 78 
 86 
 81 
 91 
 91 
 73 
 101 
 101 
 116 
 81 
 123 
 131 
 133 
 136 
 141 
 135 
 149 
 141 
 160 
 154 
 169 
 196 
 208 
 185 
 188 
 231 
 236 
 244 
 217 
 228 
 228 
 243 
 248 
 253 
 273 
 303 
 286 
 327 
 254 
 289 
 298 
 324 
 320 
 376 
 340 
 377 
 363 
 343 
 336 
 346 
 353 
 341 
 351 
 369 
 356 
 336 
 356 
 376 
 380 
 345 
 432 
 355 
 346 
 375 
 359 
 364 
 346 
 355 
 388 
 335 
 391 
 319 
 378 
 357 
 328 
 324 
 340 
 301 
 344 
 332 
 302 
 322 
 312 
 299 
 279 
 309 
 282 
 281 
 254 
 253 
 226 
 255 
 227 
 244 
 227 
 201 
 212 
 232 
 175 
 186 
 205 
 188 
 180 
 180 
 165 
 167 
 150 
 144 
 129 
 134 
 147 
 120 
 125 
 114 
 138 
 107 
 96 
 66 
 75 
 84 
 84 
 81 
 70 
 65 
 61 
 52 
 69 
 63 
 60 
 49 
 62 
 44 
 53 
 34 
 55 
 31 
 46 
 43 
 34 
 31 
 34 
 28 
 25 
 23 
 34 
 23 
 16 
 13 
 27 
 21 
 19 
 22 
 18 
 17 
 12 
 11 
 11 
 18 
 13 
 15 
 11 
 12 
 11 
 6 
 8 
 7 
 12 
 11 
 11 
 10 
 6 
 11 
 14 
 11 
 8 
 9 
 14 
 5 
 12 
 7 
 14 
 12 
 6 
 5 
 12 
 6 
 6 
 6 
 13 
 7 
 11 
 5 
 9 
 4 
 5 
 13 
 5 
 10 
 4 
 10 
 6 
 5 
 6 
 8 
 5 
 9 
 7 
 9 
 2 
 3 
 6 
 7 
 1 
 9 
 10 
 5 
 7 
 9 
 9 
 3 
 8 
 9 
 7 
 8 
 9 
 6 
 5 
 7 
 2 
 9 
 8 
 5 
 5 
 8 
 3 
 4 
 6 
 3 
 14 
 3 
 7 
 7 
 1 
 5 
 7 
 7 
 4 
 7 
 5 
 6 
 4 
 2 
 8 
 8 
 6 
 2 
 3 
 2 
 6 
 6 
 8 
 3 
 11 
 10 
 7 
 4 
 2 
 12 
 2 
 5 
 8 
 12 
 3 
 11 
 5 
 9 
 5 
 1 
 9 
 6 
 9 
 9 
 7 
 9 
 6 
 8 
 5 
 7 
 10 
 9 
 7 
 8 
 5 
 9 
 5 
 5 
 8 
 6 
 9 
 8 
 7 
 3 
 6 
 7 
 7 
 5 
 6 
 7 
 2 
 5 
 6 
 4 
 1 
 6 
 1 
 10 
 3 
 4 
 4 
 13 
 9 
 7 
 5 
 7 
 3 
 4 
 4 
 3 
 9 
 9 
 3 
 6 
 12 
 3 
 10 
 6 
 5 
 5 
 8 
 8 
 10 
 3 
 5 
 6 
 4 
 6 
 3 
 4 
 9 
 6 
 5 
 5 
 6 
 5 
 3 
 11 
 4 
 9 
 8 
 8 
 6 
 8 
 7 
 4 
 6 
 4 
 4 
 1 
 5 
 3 
 4 
 1 
 6 
 4 
 5 
 2 
 4 
 8 
 1 
 4 
 3 
 10 
 7 
 7 
 5 
 9 
 6 
 5 
 6 
 3 
 4 
 6 
 4 
 2 
 5 
 9 
 5 
 6 
 7 
 4 
 3 
 7 
 5 
 8 
 2 
 3 
 2 
 1 
 4 
 2 
 1 
 3 
 2 
 6 
 7 
 4 
 5 
 8 
 3 
 2 
 5 
 5 
 3 
 2 
 5 
 8 
 3 
 6 
 1 
 3 
 8 
 2 
 4 
 3 
 4 
 4 
 2 
 3 
 3 
 4 
 3 
 2 
 3 
 6 
 5 
 2 
 6 
 6 
 1 
 0 
 4 
 2 
 2 
 3 
 3 
 5 
 4 
 4 
 3 
 3 
 4 
 2 
 3 
 2 
 2 
 2 
 2 
 4 
 3 
 0 
 4 
 2 
 1 
 3 
 1 
 2 
 3 
 2 
 2 
 2 
 3 
 2 
 7 
 0 
 3 
 3 
 0 
 5 
 4 
 4 
 1 
 2 
 2 
 0 
 3 
 3 
 1 
 3 
 5 
 0 
 1 
 2 
 4 
 4 
 0 
 4 
 7 
 0 
 2 
 1 
 2 
 1 
 1 
 4 
 7 
 4 
 3 
 8 
 3 
 2 
 3 
 1 
 1 
 4 
 1 
 1 
 3 
 3 
 4 
 1 
 4 
 1 
 3 
 4 
 1 
 3 
 1 
 2 
 3 
 0 
 2 
 2 
 3 
 1 
 4 
 2 
 3 
 1 
 2 
 3 
 5 
 5 
 1 
 3 
 5 
 0 
 3 
 4 
 2 
 3 
 2 
 3 
 4 
 4 
 3 
 3 
 4 
 1 
 3 
 5 
 4 
 4 
 4 
 3 
 3 
 5 
 4 
 5 
 2 
 6 
 2 
 5 
 4 
 7 
 3 
 2 
 0 
 2 
 2 
 3 
 3 
 3 
 7 
 3 
 5 
 1 
 4 
 4 
 9 
 2 
 6 
 6 
 9 
 4 
 7 
 2 
 7 
 6 
 7 
 4 
 5 
 13 
 5 
 6 
 5 
 5 
 12 
 6 
 6 
 3 
 5 
 18 
 11 
 9 
 5 
 13 
 12 
 7 
 8 
 9 
 10 
 3 
 11 
 4 
 8 
 9 
 9 
 13 
 16 
 5 
 1 
 7 
 7 
 7 
 12 
 8 
 13 
 4 
 4 
 5 
 10 
 6 
 12 
 9 
 11 
 4 
 8 
 7 
 5 
 8 
 7 
 8 
 1 
 5 
 7 
 5 
 4 
 7 
 5 
 6 
 8 
 6 
 8 
 3 
 6 
 11 
 11 
 3 
 3 
 6 
 4 
 6 
 4 
 6 
 8 
 5 
 2 
 3 
 3 
 2 
 4 
 2 
 3 
 4 
 3 
 3 
 2 
 2 
 6 
 2 
 5 
 3 
 4 
 4 
 2 
 3 
 3 
 1 
 1 
 2 
 1 
 1 
 1 
 2 
 2 
 2 
 0 
 3 
 3 
 1 
 1 
 1 
 1 
 2 
 0 
 1 
 2 
 6 
 0 
 3 
 0 
 1 
 0 
 0 
 2 
 1 
 0 
 3 
 1 
 0 
 1 
 0 
 1 
 1 
 1 
 0 
 0 
 0 
 0 
 0 
 0 
 0 
 1 
 0 
 1 
 1 
 0 
 2 
 0 
 0 
 1 
 1 
 0 
 0 
 0 
 0 
 0 
 0 
 0 
 0 
 1 
 1 
 0 
 0 
 0 
 0 
 0 
 1 
 0 
 1 
 0 
 0 
 0 
 0 
 0 
 0 
 0 
 0 
 0 
 0 
 1 
 1 
 0 
 1 
 0 
 0 
 0 
 0 
 0 
 0 
 0 
 0 
 0 
 2 
 0 
 1 
 0 
 0 
 0 
 0 
 0 
 1 
 1 
 0 
 0 
 0 
 2 
 0 
 0 
 2 
 0 
 0 
 0 
 0 
 0 
 1 
 1 
 0 
 0 
 1 
 1 
 0 
 0 
 0 
 0 
 0 
 0 
 0 
 0 
 0 
 1 
 0 
 0 
 0 
 0 
 0 
 1 
 0 
 1 
 0 
 1 
 0 
 0 
 0 
 0 
 0 
 0 
 0 
 0 
 0 
 0 
 1 
 0 
 1 
 2 
 0 
 1 
 0 
 0 
 1 
 0 
 0 
 0 
 0 
 0 
 0 
 0 
 0 
 1 
 1 
 1 
 0 
 1 
 0 
 0 
 0 
 0 
 0 
 0 
 1 
 0 
 0 
 0 
 1 
 0 
 0 
 0 
 0 
 0 
 0 
 1 
 0 
 1 
 1 
 0 
 0 
 0 
 0 
 1 
 0 
 0 
 0 
 0 
 0 
 0 
 0 
 0 
 1 
 0 
 0 
 1 
 0 
 0 
 0 
 0 
 0 
 0 
 0 
 1 
 0 
 0 
 0 
 0 
 0 
 0 
 0 
 0 
 0 
 0 
 0 
 0 
 0 
 0 
 0 
 0 
 0 
 0 
 0 
 0 
 0 
 0 
 0 
 0 
 0 
 0 
 0 
 0 
 0 
 0 
 1 
 0 
 0 
 0 
 0 
 0 
 0 
 0 
 1 
 1 
 0 
 1 
 0 
 0 
 0 
 0 
 0 
 0 
 0 
 1 
 0 
 0 
 0 
 0 
 0 
 0 
 0 
 0 
 0 
 0 
 0 
 0 
 0 
 0 
 0 
 0 
 0 
 0 
 0 
 0 
 1 
 0 
 0 
 0 
 0 
 0 
 0 
 0 
 0 
 0 
 0 
 0 
 0 
 0 
 0 
 0 
 0 
 0 
 0 
 0 
 0 
 0 
 0 
 0 
 0 
 0 
 0 
 0 
 0 
 0 
 0 
 0 
 0 
 0 
 0 
 0 
 0 
 0 
 0 
 1 
 0 
 0 
 0 
 0 
 0 
 0 
 0 
 0 
 0 
 0 
 0 
 0 
 0 
 0 
 0 
 0 
 1 
 0 
 0 
 0 
 0 
 0 
 0 
 0 
 0 
 0 
 0 
 0 
 0 
 0 
 0 
 0 
 0 
 0 
 0 
 0 
 0 
 0 
 1 
 0 
 0 
 0 
 1 
 0 
 0 
 0 
 0 
 0 
 0 
 0 
 0 
 0 
 0 
 0 
 0 
 1 
 0 
 0 
 1 
 0 
 0 
 0 
 0 
 1 
 0 
 0 
 0 
 0 
 0 
 0 
 0 
 0 
 0 
 0 
 0 
 0 
 0 
 1 
 0 
 1 
 0 
 0 
 0 
 0 
 0 
 1 
 0 
 0 
 0 
 0 
 0 
 0 
 0 
 0 
 0 
 0 
 0 
 1 
 0 
 0 
 1 
 0 
 0 
 0 
 0 
 1 
 0 
 0 
 0 
 0 
 2 
 0 
 0 
 0 
 0 
 0 
 0 
 1 
 0 
 0 
 0 
 0 
 0 
 0 
 0 
 1 
 1 
 0 
 0 
 0 
 0 
 0 
 0 
 0 
 0 
 0 
 0 
 0 
 0 
 0 
 0 
 0 
 0 
 0 
 0 
 0 
 0 
 0 
 0 
 0 
 0 
 0 
 0 
 0 
 0 
 0 
 0 
 1 
 0 
 0 
 0 
 0 
 0 
 0 
 0 
 0 
 0 
 0 
 0 
 0 
 0 
 0 
 0 
 0 
 1 
 1 
 0 
 0 
 0 
 0 
 0 
 0 
 0 
 0 
 0 
 0 
 0 
 0 
 0 
 0 
 0 
 0 
 0 
 0 
 0 
 0 
 0 
 1 
 1 
 0 
 0 
 0 
 0 
 0 
 0 
 0 
 0 
 0 
 0 
 0 
 0 
 0 
 0 
 1 
 0 
 0 
 0 
 0 
 0 
 0 
 0 
 0 
 0 
 0 
 0 
 0 
 0 
 0 
 0 
 0 
 0 
 0 
 0 
 0 
 0 
 0 
 0 
 0 
 0 
 0 
 0 
 0 
 0 
 0 
 0 
 0 
 1 
 0 
 0 
 0 
 0 
 0 
 0 
 0 
 0 
 0 
 0 
 0 
 0 
 0 
 0 
 0 
 0 
 0 
 0 
 0 
 0 
 0 
 0 
 0 
 0 
 0 
 0 
 0 
 0 
 0 
 0 
 0 
 0 
 0 
 0 
 0 
 0 
 0 
 0 
 0 
 0 
 0 
 0 
 0 
 1 
 0 
 0 
 0 
 0 
 0 
 0 
 0 
 0 
 0 
 0 
 0 
 0 
 0 
 0 
 0 
 0 
 0 
 0 
 0 
 1 
 0 
 0 
 0 
 0 
 0 
 0 
 0 
 0 
 0 
 0 
 0 
 0 
 0 
 0 
 0 
 0 
 0 
 0 
 0 
 0 
 0 
 0 
 0 
 0 
 0 
 0 
 0 
 0 
 0 
 0 
 0 
 0 
 0 
 0 
 0 
 0 
 0 
 0 
 0 
 0 
 0 
 0 
 0 
 0 
 0 
 0 
 0 
 0 
 0 
 0 
 1 
 0 
 0 
 0 
 0 
 0 
 0 
 0 
 0 
 0 
 0 
 0 
 0 
 0 
 0 
 0 
 0 
 0 
 0 
 0 
 0 
 0 
 0 
 0 
 0 
 0 
 0 
 0 
 0 
 0 
 0 
 1 
 0 
 0 
 0 
 0 
 0 
 0 
 0 
 0 
 0 
 0 
 0 
 0 
 0 
 0 
 0 
 0 
 0 
 1 
 0 
 0 
 0 
 0 
 0 
 0 
 0 
 0 
 0 
 0 
 0 
 1 
 0 
 0 
 0 
 0 
 0 
 1 
 0 
 0 
 0 
 0 
 0 
 0 
 0 
 0 
 0 
 0 
 0 
 0 
 1 
 0 
 0 
 0 
 0 
 0 
 0 
 0 
 0 
 0 
 0 
 0 
 0 
 0 
 0 
 0 
 1 
 0 
 0 
 0 
 0 
 0 
 0 
 0 
 0 
 0 
 1 
 0 
 0 
 0 
 0 
 0 
 1 
 0 
 0 
 0 
 1 
 1 
 0 
 1 
 1 
 0 
 0 
 0 
 0 
 0 
 1 
 0 
 0 
 0 
 0 
 0 
 0 
 0 
 0 
 2 
 0 
 0 
 0 
 0 
 0 
 0 
 0 
 0 
 0 
 0 
 0 
 0 
 0 
 0 
 0 
 0 
 0 
 0 
 0 
 0 
 0 
 0 
 0 
 0 
 0 
 0 
 0 
 0 
 0 
 0 
 0 
 0 
 0 
 0 
 0 
 0 
 0 
 0 
 0 
 0 
 0 
 0 
 0 
 0 
 0 
 0 
 0 
 0 
 0 
 0 
 0 
 0 
 0 
 0 
 0 
 0 
 0 
 0 
 0 
 0 
 0 
 0 
 0 
 0 
 1 
 0 
 1 
 0 
 0 
 0 
 0 
 0 
 0 
 0 
 0 
 0 
 0 
 0 
 0 
 0 
 0 
 0 
 0 
 0 
 0 
 0 
 0 
 0 
 0 
 0 
 0 
 0 
 0 
 0 
 0 
 0 
 0 
 0 
 0 
 0 
 0 
 0 
 1 
 0 
 0 
 0 
 0 
 0 
 0 
 0 
 0 
 0 
 0 
 0 
 0 
 0 
 0 
 0 
 0 
 0 
 0 
 0 
 0 
 0 
 0 
 0 
 0 
 0 
 0 
 0 
 0 
 0 
 0 
 0 
 0 
 0 
 0 
 0 
 0 
 0 
 0 
 0 
 0 
 0 
 0 
 0 
 0 
 0 
 0 
 0 
 0 
 0 
 0 
 0 
 0 
 0 
 0 
 0 
 0 
 0 
 0 
 0 
 0 
 0 
 0 
 1 
 0 
 0 
 0 
 0 
 0 
 0 
 0 
 0 
 0 
 0 
 0 
 0 
 0 
 0 
 0 
 0 
 0 
 0 
 0 
 0 
 0 
 0 
 0 
 0 
 0 
 0 
 0 
 0 
 0 
 0 
 0 
 0 
 0 
 0 
 0 
 0 
 0 
 0 
 0 
 0 
 0 
 0 
 0 
 0 
 0 
 0 
 0 
 0 
 0 
 0 
 0 
 0 
 0 
 0 
 0 
 0 
 0 
 0 
 0 
 0 
 0 
 0 
 0 
 0 
 0 
 0 
 0 
 0 
 0 
 0 
 0 
 0 
 0 
 0 
 0 
 0 
 0 
 0 
 0 
 0 
 0 
 0 
 0 
 0 
 0 
 0 
 0 
 0 
 0 
 0 
 0 
 0 
 0 
 0 
 0 
 0 
 0 
 0 
 0 
 0 
 0 
 0 
 0 
 0 
 0 
 0 
 0 
 0 
 0 
 0 
 0 
 0 
 0 
 0 
 0 
 0 
 0 
 0 
 0 
 0 
 0 
 0 
 0 
 0 
 0 
 0 
 0 
 0 
 0 
 0 
 0 
 0 
 0 
 0 
 0 
 0 
 0 
 0 
 0 
 0 
 0 
 0 
 0 
 0 
 0 
 0 
 0 
 0 
 0 
 0 
 0 
 0 
 0 
 0 
 0 
 0 
 0 
 0 
 0 
 0 
 0 
 0 
 0 
 0 
 0 
 0 
 0 
 0 
 0 
 0 
 0 
 0 
 0 
 0 
 0 
 0 
 0 
 0 
 0 
 0 
 0 
 0 
 0 
 0 
 0 
 0 
 0 
 0 
 0 
 0 
 0 
 0 
 0 
 0 
 0 
 0 
 0 
 0 
 0 
 0 
 0 
 0 
 0 
 0 
 0 
 0 
 0 
 0 
 0 
 0 
 0 
 0 
 0 
 0 
 0 
 0 
 0 
 0 
 0 
 0 
 0 
 0 
 0 
 0 
 0 
 0 
 0 
 0 
 0 
 0 
 0 
 0 
 0 
 0 
 0 
 0 
 0 
 0 
 0 
 0 
 0 
 0 
 0 
 0 
 0 
 0 
 0 
 0 
 0 
 0 
 0 
 0 
 0 
 0 
 0 
 0 
 0 
 0 
 0 
 0 
 0 
 0 
 0 
 0 
 0 
 0 
 0 
 0 
 0 
 0 
 0 
 0 
 0 
 0 
 0 
 0 
 0 
 0 
 0 
 0 
 0 
 0 
 0 
 0 
 0 
 0 
 0 
 0 
 0 
 0 
 0 
 0 
 0 
 0 
 0 
 0 
 0 
 0 
 0 
 0 
 0 
 0 
 0 
 0 
 0 
 0 
 0 
 0 
 0 
 0 
 0 
 0 
 0 
 0 
 0 
 0 
 0 
 0 
 0 
 0 
 0 
 0 
 0 
 0 
 0 
 0 
 0 
 0 
 0 
 1 
 0 
 0 
 0 
 0 
 0 
 0 
 0 
 0 
 0 
 1 
 0 
 0 
 0 
 0 
 0 
 0 
 0 
 0 
 0 
 0 
 0 
 0 
 0 
 0 
 0 
 0 
 0 
 0 
 0 
 0 
 0 
 0 
 0 
 0 
 0 
 0 
 0 
 0 
 0 
 0 
 0 
 0 
 1 
 0 
 0 
 0 
 0 
 0 
 0 
 0 
 0 
 0 
 0 
 0 
 0 
 0 
 0 
 0 
 0 
 0 
 0 
 0 
 0 
 0 
 0 
 0 
 0 
 0 
 0 
 0 
 0 
 0 
 0 
 0 
 0 
 0 
 0 
 0 
 0 
 0 
 0 
 0 
 0 
 0 
 0 
 0 
 0 
 0 
 0 
 0 
 0 
 0 
 0 
 0 
 0 
 0 
 0 
 0 
 0 
 0 
 0 
 0 
 0 
 0 
 0 
 0 
 0 
 0 
 0 
 0 
 0 
 0 
 0 
 0 
 0 
 0 
 0 
 0 
 0 
 0 
 0 
 0 
 0 
 0 
 0 
 0 
 0 
 0 
 0 
 0 
 0 
 0 
 0 
 0 
 0 
 0 
 0 
 0 
 0 
 0 
 0 
 0 
 0 
 0 
 0 
 0 
 0 
 0 
 0 
 0 
 0 
 0 
 0 
 0 
 0 
 0 
 0 
 0 
 0 
 0 
 0 
 0 
 0 
 0 
 0 
 0 
 0 
 0 
 0 
 0 
 0 
 0 
 0 
 0 
 0 
 0 
 0 
 0 
 0 
 0 
 0 
 0 
 0 
 0 
 0 
 0 
 0 
 0 
 0 
 0 
 0 
 0 
 0 
 0 
 0 
 0 
 0 
 0 
 0 
 0 
 0 
 0 
 0 
 0 
 0 
 0 
 0 
 0 
 0 
 0 
 0 
 0 
 0 
 0 
 0 
 0 
 0 
 0 
 0 
 0 
 0 
 0 
 0 
 0 
 0 
 0 
 0 
 0 
 0 
 0 
 0 
 0 
 0 
 0 
 0 
 0 
 0 
 0 
 0 
 0 
 0 
 0 
 0 
 0 
 0 
 0 
 0 
 0 
 0 
 0 
 0 
 0 
 0 
 0 
 0 
 0 
 0 
 0 
 0 
 0 
 0 
 0 
 0 
 0 
 0 
 0 
 0 
 0 
 0 
 0 
 0 
 1 
 0 
 0 
 0 
 0 
 0 
 0 
 0 
 0 
 0 
 0 
 0 
 0 
 0 
 0 
 0 
 0 
 0 
 0 
 0 
 0 
 0 
 0 
 0 
 0 
 0 
 0 
 0 
 0 
 0 
 0 
 0 
 0 
 0 
 0 
 0 
 0 
 0 
 0 
 0 
 0 
 0 
 0 
 0 
 0 
 0 
 0 
 0 
 0 
 0 
 0 
 0 
 0 
 0 
 0 
 0 
 0 
 0 
 0 
 0 
 0 
 0 
 0 
 0 
 0 
 0 
 0 
 0 
 0 
 0 
 0 
 0 
 0 
 0 
 0 
 0 
 0 
 0 
 0 
 0 
 0 
 0 
 0 
 0 
 0 
 0 
 0 
 0 
 0 
 0 
 0 
 0 
 0 
 0 
 0 
 0 
 0 
 0 
 0 
 0 
 0 
 0 
 0 
 0 
 0 
 0 
 0 
 0 
 0 
 0 
 0 
 0 
 0 
 0 
 0 
 0 
 0 
 0 
 0 
 0 
 0 
 0 
 0 
 0 
 0 
 0 
 0 
 0 
 0 
 0 
 0 
 0 
 0 
 0 
 0 
 0 
 0 
 0 
 0 
 0 
 0 
 0 
 0 
 0 
 0 
 0 
 0 
 0 
 0 
 0 
 0 
 0 
 0 
 0 
 0 
 0 
 0 
 0 
 0 
 0 
 0 
 0 
 0 
 0 
 0 
 0 
 0 
 0 
 0 
 0 
 0 
 0 
 0 
 0 
 0 
 0 
 0 
 0 
 0 
 0 
 0 
 0 
 0 
 0 
 0 
 0 
 0 
 0 
 0 
 0 
 0 
 0 
 0 
 0 
 0 
 0 
 0 
 0 
 0 
 0 
 0 
 0 
 0 
 0 
 0 
 0 
 0 
 0 
 0 
 0 
 0 
 0 
 0 
 0 
 0 
 0 
 0 
 0 
 0 
 0 
 0 
 0 
 0 
 0 
 0 
 0 
 0 
 0 
 0 
 0 
 0 
 0 
 0 
 0 
 0 
 0 
 0 
 0 
 0 
 0 
 0 
 0 
 0 
 0 
 0 
 0 
 0 
 0 
 0 
 0 
 0 
 0 
 0 
 0 
 0 
 0 
 0 
 0 
 0 
 0 
 0 
 0 
 0 
 0 
 0 
 0 
 0 
 0 
 0 
 0 
 0 
 0 
 0 
 0 
 0 
 0 
 0 
 0 
 0 
 0 
 0 
 0 
 0 
 0 
 0 
 0 
 0 
 0 
 0 
 0 
 0 
 0 
 0 
 0 
 0 
 0 
 0 
 0 
 0 
 0 
 0 
 0 
 0 
 0 
 0 
 0 
 0 
 0 
 0 
 0 
 0 
 0 
 0 
 0 
 0 
 0 
 0 
 0 
 0 
 0 
 0 
 0 
 0 
 0 
 0 
 0 
 0 
 0 
 0 
 0 
 0 
 0 
 0 
 0 
 0 
 0 
 0 
 0 
 0 
 0 
 0 
 0 
 0 
 0 
 0 
 0 
 0 
 0 
 0 
 0 
 0 
 0 
 0 
 0 
 0 
 0 
 0 
 0 
 0 
 0 
 0 
 0 
 0 
 0 
 0 
 0 
 0 
 0 
 0 
 0 
 0 
 0 
 0 
 0 
 0 
 0 
 0 
 0 
 0 
 0 
 0 
 0 
 0 
 0 
 0 
 0 
 0 
 0 
 0 
 0 
 0 
 0 
 0 
 0 
 0 
 0 
 0 
 0 
 0 
 0 
 0 
 0 
 0 
 0 
 0 
 0 
 0 
 0 
 0 
 0 
 0 
 0 
 0 
 0 
 0 
 0 
 0 
 0 
 0 
 0 
 0 
 0 
 0 
 0 
 0 
 0 
 0 
 0 
 0 
 0 
 0 
 0 
 0 
 0 
 0 
 0 
 0 
 0 
